plate,longitude,latitude,time,status
1,113.98011799999999,22.535883,2016-11-03 00:07:17,0
0,114.116203,22.547283,2016-11-03 00:07:20,0
3,114.059097,22.528334,2016-11-03 00:07:20,0
2,114.039864,22.549784,2016-11-03 00:07:21,0
4,114.032471,22.525932,2016-11-03 00:07:26,1
1,113.979897,22.5359,2016-11-03 00:07:32,0
0,114.116203,22.547283,2016-11-03 00:07:35,0
2,114.03973400000001,22.550217,2016-11-03 00:07:36,0
3,114.058929,22.529332999999998,2016-11-03 00:07:40,0
4,114.032471,22.525932,2016-11-03 00:07:41,1
1,113.97986599999999,22.535982,2016-11-03 00:07:47,0
0,114.116203,22.547283,2016-11-03 00:07:50,0
2,114.03976399999999,22.550283,2016-11-03 00:07:51,0
4,114.032471,22.525932,2016-11-03 00:07:56,1
3,114.058929,22.529332999999998,2016-11-03 00:08:00,0
3,114.058929,22.529332999999998,2016-11-03 00:08:01,1
1,113.980034,22.5361,2016-11-03 00:08:02,0
0,114.116203,22.547283,2016-11-03 00:08:05,0
2,114.039864,22.550318,2016-11-03 00:08:06,0
4,114.03306599999999,22.5268,2016-11-03 00:08:11,1
1,113.980003,22.535967000000003,2016-11-03 00:08:17,0
0,114.116203,22.547283,2016-11-03 00:08:20,0
3,114.058502,22.530732999999998,2016-11-03 00:08:21,1
2,114.039818,22.550167000000002,2016-11-03 00:08:22,1
4,114.03383600000001,22.5282,2016-11-03 00:08:26,1
1,113.97993500000001,22.535767,2016-11-03 00:08:32,0
0,114.116203,22.547283,2016-11-03 00:08:35,0
2,114.03976399999999,22.549633,2016-11-03 00:08:37,1
3,114.058167,22.533783,2016-11-03 00:08:41,1
4,114.03383600000001,22.5282,2016-11-03 00:08:41,1
1,113.980019,22.535667,2016-11-03 00:08:47,0
0,114.116203,22.547283,2016-11-03 00:08:50,0
2,114.040848,22.54965,2016-11-03 00:08:52,1
4,114.03383600000001,22.5282,2016-11-03 00:08:56,1
3,114.058151,22.535133,2016-11-03 00:09:01,1
1,113.979919,22.535618,2016-11-03 00:09:02,0
0,114.116203,22.547283,2016-11-03 00:09:05,0
2,114.04243500000001,22.550068,2016-11-03 00:09:07,1
4,114.03383600000001,22.5282,2016-11-03 00:09:11,1
1,113.97998,22.535801,2016-11-03 00:09:17,0
0,114.116203,22.547283,2016-11-03 00:09:20,0
3,114.05803700000001,22.53525,2016-11-03 00:09:21,1
2,114.043884,22.550449,2016-11-03 00:09:22,1
4,114.03383600000001,22.5282,2016-11-03 00:09:26,1
2,114.043869,22.550467,2016-11-03 00:09:30,1
1,113.97993500000001,22.536118,2016-11-03 00:09:32,0
0,114.116203,22.547283,2016-11-03 00:09:35,0
3,114.058899,22.532167,2016-11-03 00:09:41,1
4,114.033897,22.529217000000003,2016-11-03 00:09:41,1
2,114.04383100000001,22.550516000000002,2016-11-03 00:09:45,1
1,113.979782,22.536066,2016-11-03 00:09:47,0
0,114.116203,22.547283,2016-11-03 00:09:50,0
4,114.034821,22.530033,2016-11-03 00:09:56,1
2,114.04416699999999,22.550583,2016-11-03 00:10:00,1
3,114.05733500000001,22.531767000000002,2016-11-03 00:10:01,1
0,114.116203,22.547283,2016-11-03 00:10:05,0
4,114.036819,22.530367000000002,2016-11-03 00:10:11,1
2,114.04431899999999,22.551783,2016-11-03 00:10:15,1
0,114.116203,22.547283,2016-11-03 00:10:20,0
3,114.0541,22.531682999999997,2016-11-03 00:10:21,1
4,114.039551,22.530684,2016-11-03 00:10:26,1
0,114.116249,22.547567,2016-11-03 00:10:35,0
2,114.04428100000001,22.554016,2016-11-03 00:10:30,1
2,114.04423500000001,22.555017000000003,2016-11-03 00:10:38,1
3,114.0504,22.531668,2016-11-03 00:10:41,1
4,114.041946,22.530916,2016-11-03 00:10:41,1
0,114.11631799999999,22.547501,2016-11-03 00:10:50,0
2,114.043884,22.556749,2016-11-03 00:10:53,1
4,114.043999,22.531133999999998,2016-11-03 00:10:56,1
3,114.047501,22.531549,2016-11-03 00:11:01,1
0,114.11633300000001,22.547483,2016-11-03 00:11:05,0
2,114.042969,22.558416,2016-11-03 00:11:08,1
4,114.04583000000001,22.530884,2016-11-03 00:11:11,1
0,114.116348,22.547466,2016-11-03 00:11:20,0
3,114.04385400000001,22.531349,2016-11-03 00:11:21,1
2,114.04218300000001,22.559784,2016-11-03 00:11:23,1
4,114.04481499999999,22.530898999999998,2016-11-03 00:11:26,1
0,114.116348,22.547466,2016-11-03 00:11:35,0
2,114.041351,22.561518,2016-11-03 00:11:38,1
3,114.039749,22.530916,2016-11-03 00:11:41,1
4,114.04468500000002,22.532682,2016-11-03 00:11:41,1
0,114.116348,22.547466,2016-11-03 00:11:50,0
2,114.041451,22.562901,2016-11-03 00:11:53,1
4,114.04461699999999,22.534882999999997,2016-11-03 00:11:56,1
3,114.03537,22.530483,2016-11-03 00:12:01,1
0,114.116348,22.547466,2016-11-03 00:12:05,0
2,114.042984,22.563784,2016-11-03 00:12:08,1
4,114.04503600000001,22.537032999999997,2016-11-03 00:12:11,1
0,114.116348,22.547466,2016-11-03 00:12:20,0
2,114.04508200000001,22.564301,2016-11-03 00:12:23,1
3,114.03141799999999,22.530251,2016-11-03 00:12:21,1
4,114.04705,22.537251,2016-11-03 00:12:26,1
0,114.11636399999999,22.547449,2016-11-03 00:12:35,0
2,114.04726399999998,22.564917,2016-11-03 00:12:38,1
4,114.047569,22.537317,2016-11-03 00:12:41,1
3,114.027832,22.530884,2016-11-03 00:12:41,1
0,114.11636399999999,22.547449,2016-11-03 00:12:50,0
2,114.04976699999999,22.564917,2016-11-03 00:12:53,1
4,114.047569,22.537317,2016-11-03 00:12:56,1
3,114.02565,22.531933,2016-11-03 00:13:01,1
0,114.11636399999999,22.547449,2016-11-03 00:13:05,0
2,114.05286399999999,22.564734,2016-11-03 00:13:08,1
4,114.04793500000001,22.537268,2016-11-03 00:13:11,1
0,114.11636399999999,22.547449,2016-11-03 00:13:20,0
3,114.02475,22.534482999999998,2016-11-03 00:13:21,1
2,114.05563400000001,22.565148999999998,2016-11-03 00:13:23,1
4,114.047867,22.538116,2016-11-03 00:13:26,1
0,114.11636399999999,22.547449,2016-11-03 00:13:35,0
1,113.98011799999999,22.53595,2016-11-03 00:13:36,0
2,114.05853300000001,22.566433,2016-11-03 00:13:38,1
4,114.047867,22.538116,2016-11-03 00:13:41,1
3,114.023781,22.5382,2016-11-03 00:13:41,1
1,113.97993500000001,22.535801,2016-11-03 00:13:47,0
0,114.11636399999999,22.547449,2016-11-03 00:13:50,0
2,114.06102,22.567682,2016-11-03 00:13:53,1
4,114.04796599999999,22.538798999999997,2016-11-03 00:13:56,1
3,114.022697,22.542217,2016-11-03 00:14:01,1
1,113.97973600000002,22.535749,2016-11-03 00:14:03,1
0,114.11636399999999,22.547449,2016-11-03 00:14:05,0
2,114.063965,22.568533,2016-11-03 00:14:08,1
4,114.047882,22.539118,2016-11-03 00:14:11,1
1,113.98011799999999,22.535982,2016-11-03 00:14:18,1
0,114.11636399999999,22.547449,2016-11-03 00:14:20,0
3,114.021698,22.545967,2016-11-03 00:14:21,1
2,114.06658200000001,22.5688,2016-11-03 00:14:23,1
4,114.047882,22.539118,2016-11-03 00:14:26,1
2,114.06813000000001,22.569,2016-11-03 00:14:30,1
1,113.98083500000001,22.53615,2016-11-03 00:14:33,1
0,114.11636399999999,22.547449,2016-11-03 00:14:35,0
3,114.01943200000001,22.549816,2016-11-03 00:14:41,1
4,114.048317,22.539382999999997,2016-11-03 00:14:41,1
2,114.070847,22.569433,2016-11-03 00:14:45,1
1,113.98141499999998,22.53615,2016-11-03 00:14:48,1
0,114.11636399999999,22.547449,2016-11-03 00:14:50,0
1,113.981453,22.53615,2016-11-03 00:14:56,1
4,114.049454,22.539433,2016-11-03 00:14:56,1
3,114.01711999999999,22.553117999999998,2016-11-03 00:15:01,1
0,114.11636399999999,22.547449,2016-11-03 00:15:05,0
2,114.0737,22.570517000000002,2016-11-03 00:15:00,1
2,114.074951,22.571382999999997,2016-11-03 00:15:09,1
1,113.981834,22.536034,2016-11-03 00:15:11,1
4,114.049454,22.539433,2016-11-03 00:15:11,1
0,114.11651599999999,22.547283,2016-11-03 00:15:20,0
2,114.077904,22.57255,2016-11-03 00:15:24,1
1,113.981903,22.536051,2016-11-03 00:15:26,1
4,114.050903,22.539301000000002,2016-11-03 00:15:26,1
0,114.11651599999999,22.547283,2016-11-03 00:15:35,0
3,114.01556399999998,22.556499,2016-11-03 00:15:21,1
2,114.080734,22.572416,2016-11-03 00:15:39,1
3,114.01505300000001,22.5595,2016-11-03 00:15:41,1
1,113.981903,22.536051,2016-11-03 00:15:41,1
4,114.05117,22.537567000000003,2016-11-03 00:15:41,1
0,114.11651599999999,22.547283,2016-11-03 00:15:50,0
2,114.083679,22.571217,2016-11-03 00:15:54,1
1,113.98185,22.536467000000002,2016-11-03 00:15:56,1
4,114.05127,22.536051,2016-11-03 00:15:56,1
3,114.01423600000001,22.561583,2016-11-03 00:16:01,1
0,114.11651599999999,22.547283,2016-11-03 00:16:05,0
2,114.08533500000001,22.569283,2016-11-03 00:16:09,1
1,113.98076599999999,22.536699,2016-11-03 00:16:11,1
4,114.05127,22.535583,2016-11-03 00:16:11,1
0,114.11651599999999,22.547283,2016-11-03 00:16:20,0
3,114.01246599999999,22.559851000000002,2016-11-03 00:16:21,1
1,113.981697,22.536867,2016-11-03 00:16:26,1
2,114.086349,22.567368,2016-11-03 00:16:24,1
4,114.0513,22.535232999999998,2016-11-03 00:16:26,1
2,114.087097,22.566767000000002,2016-11-03 00:16:32,1
0,114.116417,22.547333,2016-11-03 00:16:35,0
1,113.98197900000001,22.536917000000003,2016-11-03 00:16:41,0
4,114.0513,22.533317999999998,2016-11-03 00:16:41,1
3,114.00896499999999,22.558267999999998,2016-11-03 00:16:41,1
2,114.08888200000001,22.566851,2016-11-03 00:16:47,1
1,113.98200200000001,22.536934,2016-11-03 00:16:49,0
0,114.116417,22.547333,2016-11-03 00:16:50,0
4,114.05128500000001,22.531,2016-11-03 00:16:56,1
3,114.005348,22.556667,2016-11-03 00:17:01,1
2,114.09173600000001,22.567551,2016-11-03 00:17:02,1
1,113.982018,22.5369,2016-11-03 00:17:04,0
0,114.116417,22.547333,2016-11-03 00:17:05,0
4,114.05034599999999,22.530701,2016-11-03 00:17:11,1
2,114.09403200000001,22.568082999999998,2016-11-03 00:17:17,1
1,113.98204799999999,22.536867,2016-11-03 00:17:19,0
0,114.116417,22.547333,2016-11-03 00:17:20,0
3,114.00138100000001,22.555866,2016-11-03 00:17:21,1
4,114.05173500000001,22.531151,2016-11-03 00:17:26,1
1,113.98206299999998,22.536867,2016-11-03 00:17:27,0
2,114.096649,22.568967999999998,2016-11-03 00:17:32,1
0,114.11651599999999,22.547318,2016-11-03 00:17:35,0
2,114.09805300000001,22.56955,2016-11-03 00:17:40,1
1,113.982285,22.536949,2016-11-03 00:17:42,0
4,114.05368,22.531282,2016-11-03 00:17:41,1
3,113.997101,22.555901000000002,2016-11-03 00:17:41,1
1,113.98231499999999,22.5369,2016-11-03 00:17:50,0
0,114.1166,22.54735,2016-11-03 00:17:50,0
2,114.100349,22.5707,2016-11-03 00:17:55,1
4,114.053749,22.530832,2016-11-03 00:17:56,1
3,113.993202,22.557301000000002,2016-11-03 00:18:01,1
1,113.981247,22.5369,2016-11-03 00:18:05,0
0,114.1166,22.54735,2016-11-03 00:18:05,0
2,114.102768,22.572201,2016-11-03 00:18:10,1
4,114.05416899999999,22.530466,2016-11-03 00:18:11,1
1,113.98121599999999,22.536934,2016-11-03 00:18:13,0
2,114.103951,22.572917999999998,2016-11-03 00:18:18,1
0,114.1166,22.54735,2016-11-03 00:18:20,0
3,113.98933400000001,22.558968,2016-11-03 00:18:21,1
4,114.05506899999999,22.530317,2016-11-03 00:18:26,1
1,113.98118600000001,22.536934,2016-11-03 00:18:28,0
2,114.10601799999999,22.57415,2016-11-03 00:18:33,1
0,114.1166,22.54735,2016-11-03 00:18:35,0
3,113.985153,22.558884,2016-11-03 00:18:41,1
4,114.055252,22.530317,2016-11-03 00:18:41,1
1,113.98113300000001,22.536934,2016-11-03 00:18:43,0
2,114.108299,22.5755,2016-11-03 00:18:48,1
0,114.11646999999999,22.5474,2016-11-03 00:18:50,0
4,114.056648,22.530067000000003,2016-11-03 00:18:56,1
1,113.98113300000001,22.537032999999997,2016-11-03 00:18:58,0
3,113.981003,22.558001,2016-11-03 00:19:01,1
0,114.11646999999999,22.5474,2016-11-03 00:19:05,0
4,114.057381,22.529682,2016-11-03 00:19:11,1
0,114.11646999999999,22.5474,2016-11-03 00:19:20,0
3,113.976883,22.5571,2016-11-03 00:19:21,1
4,114.05722,22.529118,2016-11-03 00:19:26,1
0,114.11646999999999,22.5474,2016-11-03 00:19:35,0
4,114.05711399999998,22.528783999999998,2016-11-03 00:19:41,1
4,114.05711399999998,22.528783999999998,2016-11-03 00:19:44,0
3,113.973152,22.556784,2016-11-03 00:19:41,1
0,114.116348,22.547449,2016-11-03 00:19:50,0
4,114.05711399999998,22.528783999999998,2016-11-03 00:19:59,0
3,113.97013100000001,22.55785,2016-11-03 00:20:01,1
0,114.116348,22.547449,2016-11-03 00:20:05,0
4,114.056969,22.528183,2016-11-03 00:20:14,0
3,113.96718600000001,22.55805,2016-11-03 00:20:21,1
0,114.116348,22.547449,2016-11-03 00:20:20,0
4,114.05695300000001,22.527767,2016-11-03 00:20:29,0
0,114.11636399999999,22.547501,2016-11-03 00:20:35,0
3,113.966187,22.5592,2016-11-03 00:20:41,1
4,114.057549,22.527617000000003,2016-11-03 00:20:44,0
0,114.116249,22.547567,2016-11-03 00:20:50,0
4,114.058167,22.527599,2016-11-03 00:20:59,0
3,113.96616399999999,22.559282,2016-11-03 00:21:01,1
0,114.116249,22.547567,2016-11-03 00:21:05,0
4,114.05846399999999,22.527599,2016-11-03 00:21:14,0
0,114.116249,22.547567,2016-11-03 00:21:20,0
3,113.966385,22.560499,2016-11-03 00:21:21,1
4,114.058502,22.527582000000002,2016-11-03 00:21:29,0
0,114.11615,22.547567,2016-11-03 00:21:35,0
3,113.967049,22.562767,2016-11-03 00:21:41,1
4,114.059196,22.528067,2016-11-03 00:21:44,0
0,114.116165,22.54755,2016-11-03 00:21:50,0
4,114.0588,22.529532999999997,2016-11-03 00:21:59,0
3,113.96718600000001,22.563101,2016-11-03 00:22:01,1
3,113.96718600000001,22.563101,2016-11-03 00:22:02,0
0,114.116165,22.54755,2016-11-03 00:22:05,0
4,114.05856299999999,22.531183,2016-11-03 00:22:13,0
2,114.11103100000001,22.587784,2016-11-03 00:22:04,1
2,114.11084699999999,22.588017,2016-11-03 00:22:05,1
2,114.11071799999999,22.588248999999998,2016-11-03 00:22:07,1
2,114.11071799999999,22.588248999999998,2016-11-03 00:22:08,1
2,114.110352,22.588751000000002,2016-11-03 00:22:11,1
3,113.96718600000001,22.563101,2016-11-03 00:22:22,0
0,114.116165,22.54755,2016-11-03 00:22:20,0
4,114.060249,22.531467000000003,2016-11-03 00:22:29,0
0,114.116165,22.54755,2016-11-03 00:22:35,0
2,114.109619,22.593067,2016-11-03 00:22:40,1
3,113.96718600000001,22.563101,2016-11-03 00:22:42,0
2,114.10971799999999,22.593349,2016-11-03 00:22:42,1
4,114.06289699999999,22.531467000000003,2016-11-03 00:22:44,0
4,114.06536899999999,22.531532000000002,2016-11-03 00:22:59,0
3,113.96743000000001,22.56365,2016-11-03 00:23:02,0
2,114.11097,22.59565,2016-11-03 00:23:00,1
0,114.11633300000001,22.547466,2016-11-03 00:22:50,0
0,114.11633300000001,22.547466,2016-11-03 00:23:05,0
4,114.06801599999999,22.531633,2016-11-03 00:23:14,0
0,114.11633300000001,22.547466,2016-11-03 00:23:20,0
3,113.96741499999999,22.56385,2016-11-03 00:23:22,0
2,114.11143500000001,22.596617000000002,2016-11-03 00:23:10,1
2,114.11158,22.596867,2016-11-03 00:23:12,1
2,114.112068,22.597932999999998,2016-11-03 00:23:20,1
2,114.112183,22.598183,2016-11-03 00:23:21,1
2,114.112633,22.598917,2016-11-03 00:23:28,1
0,114.11633300000001,22.547466,2016-11-03 00:23:35,0
4,114.07051799999999,22.531682999999997,2016-11-03 00:23:29,0
3,113.96743000000001,22.562517,2016-11-03 00:23:42,0
4,114.07213600000001,22.531651,2016-11-03 00:23:44,0
0,114.11633300000001,22.547466,2016-11-03 00:23:50,0
1,113.981117,22.5371,2016-11-03 00:23:58,0
4,114.073799,22.531668,2016-11-03 00:23:59,0
0,114.11633300000001,22.547466,2016-11-03 00:24:05,0
3,113.96883400000002,22.562,2016-11-03 00:24:02,0
4,114.076149,22.531682999999997,2016-11-03 00:24:14,0
3,113.969254,22.561867000000003,2016-11-03 00:24:22,0
0,114.11633300000001,22.547466,2016-11-03 00:24:20,0
4,114.07785,22.532516,2016-11-03 00:24:29,0
3,113.969254,22.561867000000003,2016-11-03 00:24:35,1
0,114.11633300000001,22.547466,2016-11-03 00:24:35,0
4,114.07863600000002,22.533951000000002,2016-11-03 00:24:44,0
0,114.11633300000001,22.547466,2016-11-03 00:24:50,0
3,113.96734599999999,22.562599,2016-11-03 00:24:55,1
4,114.07865100000001,22.534,2016-11-03 00:24:59,0
0,114.11633300000001,22.547466,2016-11-03 00:25:05,0
4,114.07865100000001,22.534,2016-11-03 00:25:13,0
3,113.96723200000001,22.562634,2016-11-03 00:25:15,1
0,114.116249,22.5476,2016-11-03 00:25:20,0
1,113.98113300000001,22.5371,2016-11-03 00:25:23,0
4,114.07865100000001,22.534,2016-11-03 00:25:28,0
3,113.96723200000001,22.562634,2016-11-03 00:25:35,1
0,114.116417,22.547318,2016-11-03 00:25:35,0
1,113.98113300000001,22.537117000000002,2016-11-03 00:25:36,0
4,114.07865100000001,22.534,2016-11-03 00:25:44,0
0,114.114883,22.547001,2016-11-03 00:25:50,0
1,113.98108700000002,22.537117000000002,2016-11-03 00:25:51,0
3,113.96651499999999,22.561483,2016-11-03 00:25:55,1
4,114.07865100000001,22.534,2016-11-03 00:25:59,0
0,114.114098,22.546749,2016-11-03 00:26:05,0
1,113.98106399999999,22.537167,2016-11-03 00:26:06,0
4,114.07865100000001,22.534,2016-11-03 00:26:14,0
3,113.965401,22.559632999999998,2016-11-03 00:26:15,1
0,114.11318200000001,22.546534,2016-11-03 00:26:20,0
1,113.98108700000002,22.537018,2016-11-03 00:26:22,1
4,114.07865100000001,22.534,2016-11-03 00:26:29,0
2,114.133118,22.616449,2016-11-03 00:26:18,1
2,114.13327,22.616632,2016-11-03 00:26:20,1
2,114.13343,22.6168,2016-11-03 00:26:22,1
2,114.133583,22.616966,2016-11-03 00:26:25,1
3,113.962769,22.559998999999998,2016-11-03 00:26:35,1
0,114.11286899999999,22.546132999999998,2016-11-03 00:26:35,0
1,113.98076599999999,22.536667,2016-11-03 00:26:37,1
4,114.07865100000001,22.534,2016-11-03 00:26:44,0
0,114.11201499999999,22.545616,2016-11-03 00:26:50,0
1,113.97938500000001,22.53665,2016-11-03 00:26:52,1
3,113.96257,22.560017000000002,2016-11-03 00:26:55,1
4,114.07865100000001,22.534,2016-11-03 00:26:58,0
0,114.110001,22.545382999999998,2016-11-03 00:27:05,0
1,113.977097,22.536934,2016-11-03 00:27:07,1
2,114.136032,22.619867000000003,2016-11-03 00:27:05,1
2,114.13623,22.620082999999997,2016-11-03 00:27:07,1
4,114.07865100000001,22.534,2016-11-03 00:27:13,0
3,113.961998,22.55905,2016-11-03 00:27:15,1
1,113.976151,22.537283,2016-11-03 00:27:15,1
0,114.108498,22.545467000000002,2016-11-03 00:27:20,0
2,114.136398,22.620282999999997,2016-11-03 00:27:08,1
4,114.07865100000001,22.534,2016-11-03 00:27:29,0
1,113.975082,22.537701000000002,2016-11-03 00:27:30,1
2,114.136665,22.620617000000003,2016-11-03 00:27:12,1
2,114.136803,22.620732999999998,2016-11-03 00:27:14,1
2,114.13715400000001,22.621032999999997,2016-11-03 00:27:27,1
3,113.961601,22.555733,2016-11-03 00:27:35,1
2,114.137115,22.621017000000002,2016-11-03 00:27:35,1
4,114.07865100000001,22.534,2016-11-03 00:27:44,0
1,113.97242,22.538883,2016-11-03 00:27:45,1
2,114.13713100000001,22.621067,2016-11-03 00:27:50,1
3,113.961052,22.552349,2016-11-03 00:27:55,1
4,114.07865100000001,22.534,2016-11-03 00:27:59,0
1,113.96983300000001,22.539818,2016-11-03 00:28:00,1
2,114.137184,22.621032999999997,2016-11-03 00:28:05,1
4,114.07865100000001,22.534,2016-11-03 00:28:14,0
3,113.960747,22.54985,2016-11-03 00:28:15,1
1,113.96682,22.541,2016-11-03 00:28:15,1
2,114.13780200000001,22.6215,2016-11-03 00:28:20,1
4,114.07865100000001,22.534,2016-11-03 00:28:29,0
1,113.96446999999999,22.541849,2016-11-03 00:28:30,1
3,113.96073200000001,22.549833,2016-11-03 00:28:35,1
2,114.13821399999999,22.6217,2016-11-03 00:28:35,0
1,113.963516,22.542133,2016-11-03 00:28:45,1
2,114.13821399999999,22.621682999999997,2016-11-03 00:28:42,0
4,114.07865100000001,22.534,2016-11-03 00:28:44,0
3,113.960953,22.549633,2016-11-03 00:28:55,1
2,114.138153,22.621668,2016-11-03 00:28:58,0
4,114.07865100000001,22.534,2016-11-03 00:28:58,0
1,113.96208200000001,22.542732,2016-11-03 00:29:00,1
1,113.96106699999999,22.5431,2016-11-03 00:29:08,1
0,114.10886399999998,22.541517000000002,2016-11-03 00:29:10,0
2,114.13821399999999,22.621651,2016-11-03 00:29:13,0
4,114.07865100000001,22.534,2016-11-03 00:29:14,0
3,113.96098300000001,22.549633,2016-11-03 00:29:15,1
0,114.108681,22.541532999999998,2016-11-03 00:29:12,0
0,114.108116,22.541532999999998,2016-11-03 00:29:17,0
1,113.95981599999999,22.543417,2016-11-03 00:29:23,1
2,114.138702,22.621918,2016-11-03 00:29:28,0
0,114.10706299999998,22.5415,2016-11-03 00:29:32,0
4,114.07865100000001,22.534,2016-11-03 00:29:29,0
3,113.960365,22.547649,2016-11-03 00:29:35,1
1,113.95794699999999,22.543501000000003,2016-11-03 00:29:38,1
2,114.139969,22.622232,2016-11-03 00:29:43,0
4,114.07865100000001,22.534,2016-11-03 00:29:43,0
0,114.10704799999999,22.541517000000002,2016-11-03 00:29:47,0
1,113.95525400000001,22.543484,2016-11-03 00:29:53,1
2,114.141586,22.622284,2016-11-03 00:29:58,0
4,114.07865100000001,22.534,2016-11-03 00:29:59,0
3,113.959869,22.54435,2016-11-03 00:29:55,1
0,114.10700200000001,22.5415,2016-11-03 00:30:02,0
2,114.14250200000001,22.622217000000003,2016-11-03 00:30:13,0
4,114.07865100000001,22.534,2016-11-03 00:30:14,0
3,113.95945,22.54175,2016-11-03 00:30:15,1
0,114.105682,22.541332,2016-11-03 00:30:17,0
2,114.14241799999999,22.6222,2016-11-03 00:30:28,0
4,114.07865100000001,22.534,2016-11-03 00:30:29,0
0,114.10495,22.54125,2016-11-03 00:30:32,0
3,113.959053,22.538782,2016-11-03 00:30:35,1
2,114.142403,22.6222,2016-11-03 00:30:43,0
4,114.07865100000001,22.534,2016-11-03 00:30:44,0
3,113.959053,22.538782,2016-11-03 00:30:55,1
2,114.14241799999999,22.6222,2016-11-03 00:30:58,0
4,114.07865100000001,22.534,2016-11-03 00:30:59,0
2,114.14258600000001,22.622168,2016-11-03 00:31:13,0
4,114.07865100000001,22.534,2016-11-03 00:31:14,0
3,113.959053,22.538782,2016-11-03 00:31:15,1
2,114.14246399999999,22.622183,2016-11-03 00:31:28,0
4,114.07865100000001,22.534,2016-11-03 00:31:29,0
3,113.96011399999999,22.538467,2016-11-03 00:31:35,1
2,114.14243300000001,22.622217000000003,2016-11-03 00:31:43,0
4,114.07865100000001,22.534,2016-11-03 00:31:44,0
1,113.933617,22.542767,2016-11-03 00:31:46,1
3,113.961853,22.53825,2016-11-03 00:31:55,1
2,114.14312,22.622183,2016-11-03 00:31:58,0
1,113.931351,22.542732,2016-11-03 00:31:59,1
4,114.07865100000001,22.534,2016-11-03 00:31:59,0
3,113.96188400000001,22.53825,2016-11-03 00:32:03,0
2,114.14531699999999,22.622383,2016-11-03 00:32:13,0
1,113.92931399999999,22.542816000000002,2016-11-03 00:32:14,1
4,114.07865100000001,22.534,2016-11-03 00:32:14,0
3,113.96188400000001,22.53825,2016-11-03 00:32:23,0
2,114.148018,22.622932000000002,2016-11-03 00:32:28,0
1,113.926949,22.542982000000002,2016-11-03 00:32:29,1
4,114.07865100000001,22.534,2016-11-03 00:32:29,0
1,113.925964,22.543132999999997,2016-11-03 00:32:37,1
2,114.14938400000001,22.623199,2016-11-03 00:32:36,0
2,114.14973400000001,22.623234,2016-11-03 00:32:38,0
3,113.961899,22.53805,2016-11-03 00:32:43,0
4,114.078949,22.534517,2016-11-03 00:32:42,1
2,114.150764,22.623383,2016-11-03 00:32:44,0
1,113.92671999999999,22.543782999999998,2016-11-03 00:32:52,1
2,114.1521,22.623783,2016-11-03 00:32:52,0
4,114.07968100000001,22.535833,2016-11-03 00:32:57,1
0,114.10538500000001,22.543383,2016-11-03 00:33:00,0
0,114.105217,22.543332999999997,2016-11-03 00:33:02,0
3,113.96178400000001,22.536934,2016-11-03 00:33:03,0
1,113.92696399999998,22.541598999999998,2016-11-03 00:33:07,1
2,114.15426599999999,22.625183,2016-11-03 00:33:07,0
4,114.08116899999999,22.536367000000002,2016-11-03 00:33:12,1
3,113.96206699999999,22.536034,2016-11-03 00:33:23,0
2,114.156097,22.62775,2016-11-03 00:33:22,0
0,114.10516399999999,22.542784,2016-11-03 00:33:14,0
4,114.081833,22.53735,2016-11-03 00:33:27,1
0,114.105186,22.5418,2016-11-03 00:33:29,0
1,113.927048,22.537416,2016-11-03 00:33:30,1
1,113.927071,22.537032999999997,2016-11-03 00:33:31,1
2,114.157784,22.630016,2016-11-03 00:33:37,0
3,113.96212,22.535418,2016-11-03 00:33:43,0
4,114.08173400000001,22.539499,2016-11-03 00:33:42,1
0,114.10513300000001,22.541166,2016-11-03 00:33:44,0
2,114.15886699999999,22.631149,2016-11-03 00:33:45,0
1,113.92627,22.533832999999998,2016-11-03 00:33:47,1
1,113.925652,22.532749,2016-11-03 00:33:53,1
2,114.15913400000001,22.631384,2016-11-03 00:33:46,0
2,114.159981,22.632067000000003,2016-11-03 00:33:53,0
4,114.081581,22.538532,2016-11-03 00:33:57,1
2,114.16127,22.632883,2016-11-03 00:34:01,0
3,113.96212,22.53495,2016-11-03 00:34:03,0
3,113.96212,22.53495,2016-11-03 00:34:06,1
1,113.924484,22.530567,2016-11-03 00:34:08,1
4,114.08076499999999,22.537083,2016-11-03 00:34:12,1
2,114.16408500000001,22.634332999999998,2016-11-03 00:34:16,0
3,113.961479,22.534018,2016-11-03 00:34:26,1
1,113.92386599999999,22.529516,2016-11-03 00:34:23,1
4,114.07896399999998,22.535183,2016-11-03 00:34:27,1
1,113.923553,22.529567999999998,2016-11-03 00:34:31,1
2,114.16660300000001,22.635282999999998,2016-11-03 00:34:31,0
2,114.16660300000001,22.635282999999998,2016-11-03 00:34:32,0
2,114.16660300000001,22.635282999999998,2016-11-03 00:34:33,0
2,114.16660300000001,22.635282999999998,2016-11-03 00:34:34,0
4,114.07748400000001,22.532534,2016-11-03 00:34:42,1
3,113.959282,22.534901,2016-11-03 00:34:46,1
1,113.92343100000001,22.529633,2016-11-03 00:34:46,1
2,114.169403,22.636017000000002,2016-11-03 00:34:46,0
2,114.169403,22.636017000000002,2016-11-03 00:34:47,0
2,114.169403,22.636017000000002,2016-11-03 00:34:48,0
2,114.169403,22.636017000000002,2016-11-03 00:34:49,0
4,114.07483700000002,22.531882999999997,2016-11-03 00:34:57,1
2,114.17153200000001,22.636183,2016-11-03 00:35:01,0
2,114.17153200000001,22.636183,2016-11-03 00:35:02,0
2,114.17153200000001,22.636183,2016-11-03 00:35:03,0
2,114.17153200000001,22.636183,2016-11-03 00:35:04,0
1,113.922249,22.529949,2016-11-03 00:35:01,1
3,113.959099,22.537682999999998,2016-11-03 00:35:06,1
1,113.92134899999999,22.530251,2016-11-03 00:35:09,1
4,114.07161699999999,22.531816,2016-11-03 00:35:12,1
2,114.172569,22.636333,2016-11-03 00:35:16,0
2,114.172569,22.636333,2016-11-03 00:35:17,0
2,114.172569,22.636333,2016-11-03 00:35:18,0
2,114.172569,22.636333,2016-11-03 00:35:19,0
1,113.92025,22.53055,2016-11-03 00:35:24,1
3,113.95911399999999,22.538432999999998,2016-11-03 00:35:26,1
4,114.06821399999998,22.531782,2016-11-03 00:35:27,1
2,114.17411799999999,22.636534,2016-11-03 00:35:31,0
2,114.17411799999999,22.636534,2016-11-03 00:35:32,0
2,114.17411799999999,22.636534,2016-11-03 00:35:33,0
2,114.17411799999999,22.636534,2016-11-03 00:35:34,0
1,113.91999799999999,22.530732999999998,2016-11-03 00:35:32,1
4,114.064796,22.531767000000002,2016-11-03 00:35:42,1
3,113.95911399999999,22.538432999999998,2016-11-03 00:35:46,1
2,114.175964,22.636868,2016-11-03 00:35:46,0
2,114.175964,22.636868,2016-11-03 00:35:47,0
2,114.175964,22.636868,2016-11-03 00:35:48,0
2,114.175964,22.636868,2016-11-03 00:35:49,0
1,113.918434,22.531017000000002,2016-11-03 00:35:47,1
4,114.061485,22.5317,2016-11-03 00:35:57,1
2,114.176399,22.63695,2016-11-03 00:36:01,0
2,114.176399,22.63695,2016-11-03 00:36:02,0
2,114.176399,22.63695,2016-11-03 00:36:03,0
2,114.176399,22.63695,2016-11-03 00:36:04,0
3,113.959198,22.5394,2016-11-03 00:36:06,1
1,113.91673300000001,22.53125,2016-11-03 00:36:04,1
1,113.91642,22.5313,2016-11-03 00:36:10,1
4,114.058151,22.531651,2016-11-03 00:36:12,1
2,114.17638400000001,22.637033,2016-11-03 00:36:16,0
2,114.17638400000001,22.637033,2016-11-03 00:36:17,0
2,114.17638400000001,22.637033,2016-11-03 00:36:18,0
2,114.17638400000001,22.637033,2016-11-03 00:36:19,0
0,114.09681699999999,22.54015,2016-11-03 00:36:24,0
0,114.096802,22.540117000000002,2016-11-03 00:36:25,0
3,113.959648,22.542618,2016-11-03 00:36:26,1
1,113.916,22.53195,2016-11-03 00:36:25,1
4,114.054749,22.531616,2016-11-03 00:36:27,1
0,114.096802,22.540117000000002,2016-11-03 00:36:31,0
2,114.1763,22.636932,2016-11-03 00:36:31,0
2,114.1763,22.636932,2016-11-03 00:36:32,0
2,114.1763,22.636932,2016-11-03 00:36:33,0
2,114.1763,22.636932,2016-11-03 00:36:34,0
1,113.91588600000001,22.531967,2016-11-03 00:36:33,0
4,114.051369,22.531549,2016-11-03 00:36:42,1
3,113.95970200000001,22.542917000000003,2016-11-03 00:36:46,1
2,114.17669699999999,22.637033,2016-11-03 00:36:46,0
2,114.17669699999999,22.637033,2016-11-03 00:36:47,0
2,114.17669699999999,22.637033,2016-11-03 00:36:48,0
2,114.17669699999999,22.637033,2016-11-03 00:36:49,0
1,113.915848,22.532,2016-11-03 00:36:48,0
0,114.09643600000001,22.540067999999998,2016-11-03 00:36:48,0
1,113.915802,22.532,2016-11-03 00:36:56,0
4,114.047997,22.531517,2016-11-03 00:36:57,1
0,114.095848,22.5401,2016-11-03 00:37:01,0
2,114.17811599999999,22.637432,2016-11-03 00:37:01,0
2,114.17811599999999,22.637432,2016-11-03 00:37:02,0
2,114.17811599999999,22.637432,2016-11-03 00:37:03,0
2,114.17811599999999,22.637432,2016-11-03 00:37:04,0
3,113.95970200000001,22.542917000000003,2016-11-03 00:37:06,1
1,113.915718,22.532017,2016-11-03 00:37:11,0
4,114.044601,22.531467000000003,2016-11-03 00:37:12,1
0,114.095413,22.540382,2016-11-03 00:37:16,0
2,114.180252,22.638468,2016-11-03 00:37:16,0
2,114.180252,22.638468,2016-11-03 00:37:17,0
2,114.180252,22.638468,2016-11-03 00:37:18,0
2,114.180252,22.638468,2016-11-03 00:37:19,0
3,113.95794699999999,22.54355,2016-11-03 00:37:26,1
1,113.91570300000001,22.532118,2016-11-03 00:37:26,0
4,114.041351,22.531151,2016-11-03 00:37:27,1
0,114.09513100000001,22.541267,2016-11-03 00:37:31,0
2,114.182014,22.6394,2016-11-03 00:37:31,0
2,114.182014,22.6394,2016-11-03 00:37:32,0
2,114.182014,22.6394,2016-11-03 00:37:33,0
2,114.182014,22.6394,2016-11-03 00:37:34,0
1,113.915764,22.533133,2016-11-03 00:37:41,0
4,114.038017,22.530783,2016-11-03 00:37:42,1
0,114.094315,22.5415,2016-11-03 00:37:46,0
3,113.95403300000001,22.543484,2016-11-03 00:37:46,1
2,114.183067,22.6399,2016-11-03 00:37:46,0
2,114.183067,22.6399,2016-11-03 00:37:47,0
2,114.183067,22.6399,2016-11-03 00:37:48,0
2,114.183067,22.6399,2016-11-03 00:37:49,0
2,114.18368500000001,22.640217,2016-11-03 00:37:54,0
2,114.18368500000001,22.640217,2016-11-03 00:37:55,0
2,114.18368500000001,22.640217,2016-11-03 00:37:56,0
2,114.18368500000001,22.640217,2016-11-03 00:37:57,0
1,113.915985,22.534482999999998,2016-11-03 00:37:56,0
0,114.09293400000001,22.541567,2016-11-03 00:38:01,0
1,113.916252,22.535183,2016-11-03 00:38:04,0
4,114.03461499999999,22.530451,2016-11-03 00:37:57,1
3,113.95006599999999,22.543432,2016-11-03 00:38:06,1
2,114.185349,22.641083,2016-11-03 00:38:09,0
2,114.185349,22.641083,2016-11-03 00:38:10,0
2,114.185349,22.641083,2016-11-03 00:38:11,0
2,114.185349,22.641083,2016-11-03 00:38:12,0
4,114.031219,22.530282999999997,2016-11-03 00:38:12,1
0,114.091682,22.541567,2016-11-03 00:38:16,0
1,113.917351,22.535334,2016-11-03 00:38:19,0
2,114.18766799999999,22.642384,2016-11-03 00:38:24,0
2,114.18766799999999,22.642384,2016-11-03 00:38:25,0
2,114.18766799999999,22.642384,2016-11-03 00:38:26,0
2,114.18766799999999,22.642384,2016-11-03 00:38:27,0
3,113.94693000000001,22.543283,2016-11-03 00:38:26,1
1,113.91901399999999,22.535316,2016-11-03 00:38:34,0
4,114.027946,22.5308,2016-11-03 00:38:27,1
2,114.18973500000001,22.643417000000003,2016-11-03 00:38:39,0
2,114.18973500000001,22.643417000000003,2016-11-03 00:38:40,0
2,114.18973500000001,22.643417000000003,2016-11-03 00:38:41,0
2,114.18973500000001,22.643417000000003,2016-11-03 00:38:42,0
4,114.025047,22.531567000000003,2016-11-03 00:38:42,1
3,113.942352,22.543083,2016-11-03 00:38:46,1
1,113.91988400000001,22.534901,2016-11-03 00:38:49,0
4,114.022636,22.532267,2016-11-03 00:38:57,1
2,114.191483,22.643867,2016-11-03 00:38:54,0
2,114.191483,22.643867,2016-11-03 00:38:55,0
2,114.191483,22.643867,2016-11-03 00:38:56,0
2,114.191483,22.643867,2016-11-03 00:38:57,0
1,113.91991399999999,22.534283,2016-11-03 00:38:57,0
2,114.191383,22.643867,2016-11-03 00:39:09,0
2,114.191383,22.643867,2016-11-03 00:39:10,0
2,114.191383,22.643867,2016-11-03 00:39:11,0
2,114.191383,22.643867,2016-11-03 00:39:12,0
3,113.938004,22.542883,2016-11-03 00:39:06,1
1,113.91981499999999,22.532717,2016-11-03 00:39:12,0
4,114.02033200000001,22.532383,2016-11-03 00:39:12,1
2,114.191414,22.6439,2016-11-03 00:39:24,0
2,114.191414,22.6439,2016-11-03 00:39:25,0
2,114.191414,22.6439,2016-11-03 00:39:26,0
2,114.191414,22.6439,2016-11-03 00:39:27,0
3,113.93405200000001,22.542717,2016-11-03 00:39:26,1
1,113.91963200000001,22.531467000000003,2016-11-03 00:39:27,0
4,114.019798,22.533701,2016-11-03 00:39:27,1
1,113.919647,22.531782,2016-11-03 00:39:35,0
2,114.19270300000001,22.644167000000003,2016-11-03 00:39:39,0
2,114.19270300000001,22.644167000000003,2016-11-03 00:39:40,0
2,114.19270300000001,22.644167000000003,2016-11-03 00:39:41,0
2,114.19270300000001,22.644167000000003,2016-11-03 00:39:42,0
4,114.019768,22.534218,2016-11-03 00:39:42,1
3,113.93018300000001,22.542749,2016-11-03 00:39:46,1
1,113.91981499999999,22.53265,2016-11-03 00:39:50,0
2,114.19458,22.644567000000002,2016-11-03 00:39:54,0
2,114.19458,22.644567000000002,2016-11-03 00:39:55,0
2,114.19458,22.644567000000002,2016-11-03 00:39:56,0
2,114.19458,22.644567000000002,2016-11-03 00:39:57,0
4,114.01938600000001,22.53615,2016-11-03 00:39:57,1
1,113.91991399999999,22.533966,2016-11-03 00:40:05,0
3,113.926102,22.542932999999998,2016-11-03 00:40:06,1
0,114.09068300000001,22.538168,2016-11-03 00:40:06,0
0,114.09068300000001,22.538168,2016-11-03 00:40:08,0
2,114.196381,22.645166,2016-11-03 00:40:09,0
2,114.196381,22.645166,2016-11-03 00:40:10,0
2,114.196381,22.645166,2016-11-03 00:40:11,0
2,114.196381,22.645166,2016-11-03 00:40:12,0
4,114.019066,22.5378,2016-11-03 00:40:12,1
0,114.090553,22.538099,2016-11-03 00:40:13,0
1,113.91988400000001,22.534882999999997,2016-11-03 00:40:20,0
2,114.19848600000002,22.646632999999998,2016-11-03 00:40:24,0
2,114.19848600000002,22.646632999999998,2016-11-03 00:40:25,0
2,114.19848600000002,22.646632999999998,2016-11-03 00:40:26,0
2,114.19848600000002,22.646632999999998,2016-11-03 00:40:27,0
3,113.922546,22.543034,2016-11-03 00:40:26,1
4,114.01986699999999,22.538151,2016-11-03 00:40:27,1
0,114.09053,22.538099,2016-11-03 00:40:31,0
1,113.91981499999999,22.5333,2016-11-03 00:40:35,0
2,114.200584,22.648184,2016-11-03 00:40:39,0
2,114.200584,22.648184,2016-11-03 00:40:40,0
2,114.200584,22.648184,2016-11-03 00:40:41,0
2,114.200584,22.648184,2016-11-03 00:40:42,0
4,114.020668,22.538267,2016-11-03 00:40:42,1
0,114.09053,22.538099,2016-11-03 00:40:43,0
3,113.92078400000001,22.543118,2016-11-03 00:40:46,1
4,114.020668,22.538267,2016-11-03 00:40:47,0
1,113.919601,22.531584,2016-11-03 00:40:50,0
2,114.201599,22.649033,2016-11-03 00:40:54,0
2,114.201599,22.649033,2016-11-03 00:40:55,0
2,114.201599,22.649033,2016-11-03 00:40:56,0
2,114.201599,22.649033,2016-11-03 00:40:57,0
1,113.919418,22.530783,2016-11-03 00:40:57,0
0,114.090034,22.537968,2016-11-03 00:40:57,0
4,114.020668,22.538267,2016-11-03 00:41:01,0
3,113.92038000000001,22.543132999999997,2016-11-03 00:41:06,1
2,114.20165300000001,22.649067000000002,2016-11-03 00:41:09,0
2,114.20165300000001,22.649067000000002,2016-11-03 00:41:10,0
2,114.20165300000001,22.649067000000002,2016-11-03 00:41:11,0
2,114.20165300000001,22.649067000000002,2016-11-03 00:41:12,0
1,113.919083,22.529266,2016-11-03 00:41:13,0
4,114.020668,22.538267,2016-11-03 00:41:17,0
2,114.20163000000001,22.649067000000002,2016-11-03 00:41:24,0
2,114.20163000000001,22.649067000000002,2016-11-03 00:41:25,0
2,114.20163000000001,22.649067000000002,2016-11-03 00:41:26,0
2,114.20163000000001,22.649067000000002,2016-11-03 00:41:27,0
3,113.92038000000001,22.543132999999997,2016-11-03 00:41:26,1
1,113.91883100000001,22.528217,2016-11-03 00:41:27,0
0,114.0895,22.538383,2016-11-03 00:41:13,0
0,114.08948500000001,22.5394,2016-11-03 00:41:28,0
4,114.020668,22.538267,2016-11-03 00:41:31,0
1,113.918732,22.527884,2016-11-03 00:41:37,0
2,114.20161399999999,22.649082,2016-11-03 00:41:39,0
2,114.20161399999999,22.649082,2016-11-03 00:41:40,0
2,114.20161399999999,22.649082,2016-11-03 00:41:41,0
2,114.20161399999999,22.649082,2016-11-03 00:41:42,0
1,113.91863300000001,22.527468,2016-11-03 00:41:43,0
0,114.08946999999999,22.540283,2016-11-03 00:41:42,0
3,113.91943400000001,22.543182,2016-11-03 00:41:46,1
4,114.020668,22.538267,2016-11-03 00:41:47,0
2,114.20161399999999,22.649067000000002,2016-11-03 00:41:47,0
2,114.20161399999999,22.649067000000002,2016-11-03 00:41:48,0
2,114.20161399999999,22.649067000000002,2016-11-03 00:41:49,0
2,114.20161399999999,22.649067000000002,2016-11-03 00:41:50,0
1,113.91835,22.526283,2016-11-03 00:41:57,0
0,114.089348,22.54125,2016-11-03 00:41:58,0
4,114.020668,22.538267,2016-11-03 00:42:01,0
2,114.20163000000001,22.649067000000002,2016-11-03 00:42:02,0
2,114.20163000000001,22.649067000000002,2016-11-03 00:42:03,0
2,114.20163000000001,22.649067000000002,2016-11-03 00:42:04,0
2,114.20163000000001,22.649067000000002,2016-11-03 00:42:05,0
3,113.919403,22.543182,2016-11-03 00:42:06,1
1,113.918182,22.525316,2016-11-03 00:42:13,0
0,114.08901999999999,22.541451000000002,2016-11-03 00:42:13,0
4,114.020668,22.538267,2016-11-03 00:42:16,0
2,114.20165300000001,22.649067000000002,2016-11-03 00:42:17,0
2,114.20165300000001,22.649067000000002,2016-11-03 00:42:18,0
2,114.20165300000001,22.649067000000002,2016-11-03 00:42:19,0
2,114.20165300000001,22.649067000000002,2016-11-03 00:42:20,0
3,113.919403,22.543182,2016-11-03 00:42:26,1
1,113.91808300000001,22.524932999999997,2016-11-03 00:42:28,0
0,114.08803600000002,22.54125,2016-11-03 00:42:28,0
4,114.020668,22.538267,2016-11-03 00:42:31,0
2,114.20165300000001,22.64905,2016-11-03 00:42:33,0
2,114.20165300000001,22.64905,2016-11-03 00:42:34,0
2,114.20165300000001,22.64905,2016-11-03 00:42:35,0
2,114.20165300000001,22.64905,2016-11-03 00:42:36,0
1,113.917969,22.524532,2016-11-03 00:42:43,0
0,114.08726499999999,22.541033,2016-11-03 00:42:43,0
2,114.202568,22.649782000000002,2016-11-03 00:42:48,0
2,114.202568,22.649782000000002,2016-11-03 00:42:49,0
2,114.202568,22.649782000000002,2016-11-03 00:42:50,0
2,114.202568,22.649782000000002,2016-11-03 00:42:51,0
1,113.917801,22.523782999999998,2016-11-03 00:42:51,0
4,114.020668,22.538267,2016-11-03 00:42:47,0
3,113.91902900000001,22.54315,2016-11-03 00:42:46,1
0,114.0868,22.540768,2016-11-03 00:42:58,0
2,114.20326999999999,22.650267000000003,2016-11-03 00:42:55,0
2,114.20326999999999,22.650267000000003,2016-11-03 00:42:56,0
2,114.20326999999999,22.650267000000003,2016-11-03 00:42:57,0
2,114.20326999999999,22.650267000000003,2016-11-03 00:42:58,0
4,114.020668,22.538267,2016-11-03 00:43:01,0
3,113.917519,22.543318,2016-11-03 00:43:06,1
1,113.91743500000001,22.522066,2016-11-03 00:43:05,0
2,114.204903,22.651733,2016-11-03 00:43:10,0
2,114.204903,22.651733,2016-11-03 00:43:11,0
2,114.204903,22.651733,2016-11-03 00:43:12,0
2,114.204903,22.651733,2016-11-03 00:43:13,0
0,114.08674599999999,22.540233999999998,2016-11-03 00:43:13,0
4,114.020668,22.538267,2016-11-03 00:43:17,0
1,113.91731999999999,22.5214,2016-11-03 00:43:21,0
2,114.20623,22.653351,2016-11-03 00:43:25,0
2,114.20623,22.653351,2016-11-03 00:43:26,0
2,114.20623,22.653351,2016-11-03 00:43:27,0
2,114.20623,22.653351,2016-11-03 00:43:28,0
0,114.08667,22.539749,2016-11-03 00:43:28,0
3,113.91381799999999,22.543934,2016-11-03 00:43:26,1
4,114.020668,22.538267,2016-11-03 00:43:31,0
1,113.917351,22.521084,2016-11-03 00:43:36,0
2,114.208,22.65555,2016-11-03 00:43:40,0
2,114.208,22.65555,2016-11-03 00:43:41,0
2,114.208,22.65555,2016-11-03 00:43:42,0
2,114.208,22.65555,2016-11-03 00:43:43,0
0,114.086647,22.539433,2016-11-03 00:43:43,0
3,113.909599,22.544701,2016-11-03 00:43:46,1
4,114.020668,22.538267,2016-11-03 00:43:46,0
1,113.918152,22.520533,2016-11-03 00:43:51,0
2,114.209236,22.656851,2016-11-03 00:43:55,0
2,114.209236,22.656851,2016-11-03 00:43:56,0
2,114.209236,22.656851,2016-11-03 00:43:57,0
2,114.209236,22.656851,2016-11-03 00:43:58,0
0,114.0867,22.539182999999998,2016-11-03 00:43:58,0
4,114.020668,22.538267,2016-11-03 00:44:02,0
3,113.905029,22.544649,2016-11-03 00:44:06,1
1,113.918999,22.52,2016-11-03 00:44:06,0
2,114.209167,22.656834,2016-11-03 00:44:10,0
2,114.209167,22.656834,2016-11-03 00:44:11,0
2,114.209167,22.656834,2016-11-03 00:44:12,0
2,114.209167,22.656834,2016-11-03 00:44:13,0
0,114.08674599999999,22.538567,2016-11-03 00:44:13,0
1,113.919785,22.519466,2016-11-03 00:44:14,0
4,114.020668,22.538267,2016-11-03 00:44:17,0
3,113.901848,22.546749,2016-11-03 00:44:26,1
2,114.209129,22.656816,2016-11-03 00:44:25,0
2,114.209129,22.656816,2016-11-03 00:44:26,0
2,114.209129,22.656816,2016-11-03 00:44:27,0
2,114.209129,22.656816,2016-11-03 00:44:28,0
0,114.086533,22.537733,2016-11-03 00:44:28,0
1,113.920097,22.519217,2016-11-03 00:44:29,0
4,114.020668,22.538267,2016-11-03 00:44:32,0
2,114.209732,22.657332999999998,2016-11-03 00:44:40,0
2,114.209732,22.657332999999998,2016-11-03 00:44:41,0
2,114.209732,22.657332999999998,2016-11-03 00:44:42,0
2,114.209732,22.657332999999998,2016-11-03 00:44:43,0
3,113.8993,22.549601000000003,2016-11-03 00:44:46,1
4,114.020668,22.538267,2016-11-03 00:44:47,0
0,114.085098,22.537582,2016-11-03 00:44:43,0
2,114.211266,22.658701,2016-11-03 00:44:55,0
2,114.211266,22.658701,2016-11-03 00:44:56,0
2,114.211266,22.658701,2016-11-03 00:44:57,0
2,114.211266,22.658701,2016-11-03 00:44:58,0
0,114.084351,22.537982999999997,2016-11-03 00:44:58,0
4,114.020668,22.538267,2016-11-03 00:45:02,0
3,113.896217,22.552584,2016-11-03 00:45:06,1
2,114.212898,22.6609,2016-11-03 00:45:10,0
2,114.212898,22.6609,2016-11-03 00:45:11,0
2,114.212898,22.6609,2016-11-03 00:45:12,0
2,114.212898,22.6609,2016-11-03 00:45:13,0
0,114.084236,22.538933,2016-11-03 00:45:13,0
4,114.020668,22.538267,2016-11-03 00:45:17,0
2,114.21356999999999,22.662184,2016-11-03 00:45:19,0
2,114.21356999999999,22.662184,2016-11-03 00:45:20,0
2,114.21356999999999,22.662184,2016-11-03 00:45:21,0
2,114.21356999999999,22.662184,2016-11-03 00:45:22,0
2,114.21368400000001,22.662518,2016-11-03 00:45:20,0
2,114.21368400000001,22.662518,2016-11-03 00:45:21,0
2,114.21368400000001,22.662518,2016-11-03 00:45:22,0
2,114.21368400000001,22.662518,2016-11-03 00:45:23,0
3,113.893082,22.555651,2016-11-03 00:45:26,1
0,114.084282,22.539818,2016-11-03 00:45:28,0
4,114.020668,22.538267,2016-11-03 00:45:32,0
2,114.214401,22.664066000000002,2016-11-03 00:45:34,0
2,114.214401,22.664066000000002,2016-11-03 00:45:35,0
2,114.214401,22.664066000000002,2016-11-03 00:45:36,0
2,114.214401,22.664066000000002,2016-11-03 00:45:37,0
0,114.08438100000001,22.540434,2016-11-03 00:45:43,0
3,113.890198,22.558451,2016-11-03 00:45:46,1
4,114.020668,22.538267,2016-11-03 00:45:47,0
2,114.21448500000001,22.66415,2016-11-03 00:45:49,0
2,114.21448500000001,22.66415,2016-11-03 00:45:50,0
2,114.21448500000001,22.66415,2016-11-03 00:45:51,0
2,114.21448500000001,22.66415,2016-11-03 00:45:52,0
0,114.084236,22.540701000000002,2016-11-03 00:45:58,0
4,114.020668,22.538267,2016-11-03 00:46:02,0
2,114.21446999999999,22.664133,2016-11-03 00:46:04,0
2,114.21446999999999,22.664133,2016-11-03 00:46:05,0
2,114.21446999999999,22.664133,2016-11-03 00:46:06,0
2,114.21446999999999,22.664133,2016-11-03 00:46:07,0
3,113.88743600000001,22.5611,2016-11-03 00:46:06,1
0,114.083298,22.540751,2016-11-03 00:46:13,0
4,114.020668,22.538267,2016-11-03 00:46:17,0
2,114.21444699999999,22.664133,2016-11-03 00:46:19,0
2,114.21444699999999,22.664133,2016-11-03 00:46:20,0
2,114.21444699999999,22.664133,2016-11-03 00:46:21,0
2,114.21444699999999,22.664133,2016-11-03 00:46:22,0
3,113.885147,22.563334,2016-11-03 00:46:26,1
0,114.082848,22.540716,2016-11-03 00:46:28,0
4,114.020668,22.538267,2016-11-03 00:46:32,0
2,114.214767,22.664766,2016-11-03 00:46:34,0
2,114.214767,22.664766,2016-11-03 00:46:35,0
2,114.214767,22.664766,2016-11-03 00:46:36,0
2,114.214767,22.664766,2016-11-03 00:46:37,0
2,114.215103,22.665632000000002,2016-11-03 00:46:42,0
2,114.215103,22.665632000000002,2016-11-03 00:46:43,0
2,114.215103,22.665632000000002,2016-11-03 00:46:44,0
2,114.215103,22.665632000000002,2016-11-03 00:46:45,0
0,114.082169,22.540733,2016-11-03 00:46:43,0
3,113.883751,22.564684,2016-11-03 00:46:46,1
4,114.020668,22.538267,2016-11-03 00:46:47,0
2,114.215767,22.667767,2016-11-03 00:46:57,0
2,114.215767,22.667767,2016-11-03 00:46:56,0
2,114.215767,22.667767,2016-11-03 00:46:55,0
2,114.215767,22.667767,2016-11-03 00:46:54,0
0,114.081749,22.541651,2016-11-03 00:46:58,0
4,114.020668,22.538267,2016-11-03 00:47:02,0
3,113.883751,22.564684,2016-11-03 00:47:06,1
2,114.216232,22.669634,2016-11-03 00:47:12,0
2,114.216232,22.669634,2016-11-03 00:47:13,0
2,114.216232,22.669634,2016-11-03 00:47:14,0
2,114.216232,22.669634,2016-11-03 00:47:15,0
1,113.919868,22.519217,2016-11-03 00:47:12,0
0,114.08176399999999,22.542017,2016-11-03 00:47:13,0
4,114.020668,22.538267,2016-11-03 00:47:17,0
1,113.919853,22.519234,2016-11-03 00:47:22,0
2,114.21627,22.669718,2016-11-03 00:47:27,0
2,114.21627,22.669718,2016-11-03 00:47:28,0
2,114.21627,22.669718,2016-11-03 00:47:29,0
2,114.21627,22.669718,2016-11-03 00:47:30,0
0,114.081703,22.542633,2016-11-03 00:47:29,1
3,113.883751,22.564684,2016-11-03 00:47:26,1
4,114.020668,22.538267,2016-11-03 00:47:32,0
1,113.919853,22.519234,2016-11-03 00:47:37,0
2,114.21628600000001,22.669783,2016-11-03 00:47:42,0
2,114.21628600000001,22.669783,2016-11-03 00:47:43,0
2,114.21628600000001,22.669783,2016-11-03 00:47:44,0
2,114.21628600000001,22.669783,2016-11-03 00:47:45,0
0,114.08287,22.5431,2016-11-03 00:47:44,1
4,114.020668,22.538267,2016-11-03 00:47:47,0
2,114.21633100000001,22.669849,2016-11-03 00:47:57,0
2,114.21633100000001,22.669849,2016-11-03 00:47:56,0
2,114.21633100000001,22.669849,2016-11-03 00:47:55,0
2,114.21633100000001,22.669849,2016-11-03 00:47:54,0
1,113.91983,22.519318,2016-11-03 00:48:00,0
1,113.91983,22.519318,2016-11-03 00:48:02,0
4,114.020668,22.538267,2016-11-03 00:48:02,0
0,114.085449,22.543233999999998,2016-11-03 00:48:02,1
2,114.21641499999998,22.670317,2016-11-03 00:48:05,0
2,114.21641499999998,22.670317,2016-11-03 00:48:06,0
2,114.21641499999998,22.670317,2016-11-03 00:48:07,0
2,114.21641499999998,22.670317,2016-11-03 00:48:08,0
1,113.91981499999999,22.519318,2016-11-03 00:48:08,0
0,114.087135,22.543301,2016-11-03 00:48:14,1
4,114.020668,22.538267,2016-11-03 00:48:17,0
2,114.217247,22.67215,2016-11-03 00:48:20,0
2,114.217247,22.67215,2016-11-03 00:48:21,0
2,114.217247,22.67215,2016-11-03 00:48:22,0
2,114.217247,22.67215,2016-11-03 00:48:23,0
1,113.91981499999999,22.519333,2016-11-03 00:48:23,0
0,114.088753,22.54335,2016-11-03 00:48:29,1
4,114.020668,22.538267,2016-11-03 00:48:32,0
2,114.218399,22.674049,2016-11-03 00:48:35,0
2,114.218399,22.674049,2016-11-03 00:48:36,0
2,114.218399,22.674049,2016-11-03 00:48:37,0
2,114.218399,22.674049,2016-11-03 00:48:38,0
0,114.09088100000001,22.543283,2016-11-03 00:48:44,1
4,114.020668,22.538267,2016-11-03 00:48:47,0
2,114.21978,22.676132,2016-11-03 00:48:50,0
2,114.21978,22.676132,2016-11-03 00:48:51,0
2,114.21978,22.676132,2016-11-03 00:48:52,0
2,114.21978,22.676132,2016-11-03 00:48:53,0
4,114.02006499999999,22.538232999999998,2016-11-03 00:49:02,0
2,114.220703,22.6777,2016-11-03 00:49:05,0
2,114.220703,22.6777,2016-11-03 00:49:06,0
2,114.220703,22.6777,2016-11-03 00:49:07,0
2,114.220703,22.6777,2016-11-03 00:49:08,0
4,114.019051,22.538082,2016-11-03 00:49:17,0
2,114.221649,22.679282999999998,2016-11-03 00:49:20,0
2,114.221649,22.679282999999998,2016-11-03 00:49:21,0
2,114.221649,22.679282999999998,2016-11-03 00:49:22,0
2,114.221649,22.679282999999998,2016-11-03 00:49:23,0
4,114.019035,22.537582,2016-11-03 00:49:32,0
2,114.222214,22.679367000000003,2016-11-03 00:49:35,0
2,114.222214,22.679367000000003,2016-11-03 00:49:36,0
2,114.222214,22.679367000000003,2016-11-03 00:49:37,0
2,114.222214,22.679367000000003,2016-11-03 00:49:38,0
4,114.01923400000001,22.536667,2016-11-03 00:49:47,0
2,114.223564,22.678383,2016-11-03 00:49:50,0
2,114.223564,22.678383,2016-11-03 00:49:51,0
2,114.223564,22.678383,2016-11-03 00:49:52,0
2,114.223564,22.678383,2016-11-03 00:49:53,0
3,113.88063000000001,22.567567999999998,2016-11-03 00:48:09,1
3,113.877701,22.569917999999998,2016-11-03 00:48:29,1
3,113.87541999999999,22.572032999999998,2016-11-03 00:48:49,1
3,113.87368000000001,22.573366,2016-11-03 00:49:09,1
3,113.87368000000001,22.573366,2016-11-03 00:49:13,0
3,113.87368000000001,22.573366,2016-11-03 00:49:33,0
3,113.872551,22.574034,2016-11-03 00:49:53,0
4,114.019302,22.535982,2016-11-03 00:50:02,0
2,114.224884,22.677334,2016-11-03 00:50:05,0
2,114.224884,22.677334,2016-11-03 00:50:06,0
2,114.224884,22.677334,2016-11-03 00:50:07,0
2,114.224884,22.677334,2016-11-03 00:50:08,0
4,114.019485,22.535299,2016-11-03 00:50:17,0
2,114.22628,22.67625,2016-11-03 00:50:20,0
2,114.22628,22.67625,2016-11-03 00:50:21,0
2,114.22628,22.67625,2016-11-03 00:50:22,0
2,114.22628,22.67625,2016-11-03 00:50:23,0
3,113.87085,22.575232999999997,2016-11-03 00:50:15,0
3,113.870003,22.5758,2016-11-03 00:50:25,0
2,114.2267,22.676399,2016-11-03 00:50:28,0
2,114.2267,22.676399,2016-11-03 00:50:29,0
2,114.2267,22.676399,2016-11-03 00:50:30,0
2,114.2267,22.676399,2016-11-03 00:50:31,0
4,114.019699,22.534233,2016-11-03 00:50:32,0
0,114.10606399999999,22.544416000000002,2016-11-03 00:50:38,1
0,114.10633100000001,22.5445,2016-11-03 00:50:40,1
2,114.22766899999999,22.6775,2016-11-03 00:50:43,0
2,114.22766899999999,22.6775,2016-11-03 00:50:44,0
2,114.22766899999999,22.6775,2016-11-03 00:50:45,0
2,114.22766899999999,22.6775,2016-11-03 00:50:46,0
0,114.107285,22.544732999999997,2016-11-03 00:50:45,1
4,114.019852,22.533251,2016-11-03 00:50:47,0
3,113.86928600000002,22.576267,2016-11-03 00:50:48,0
3,113.86928600000002,22.576267,2016-11-03 00:50:55,0
2,114.22798200000001,22.677967000000002,2016-11-03 00:50:58,0
2,114.22798200000001,22.677967000000002,2016-11-03 00:50:57,0
2,114.22798200000001,22.677967000000002,2016-11-03 00:50:56,0
2,114.22798200000001,22.677967000000002,2016-11-03 00:50:55,0
4,114.01941699999999,22.533033,2016-11-03 00:51:02,0
0,114.10990100000001,22.54525,2016-11-03 00:51:02,1
2,114.22798200000001,22.677933,2016-11-03 00:51:13,0
2,114.22798200000001,22.677933,2016-11-03 00:51:14,0
2,114.22798200000001,22.677933,2016-11-03 00:51:15,0
2,114.22798200000001,22.677933,2016-11-03 00:51:16,0
0,114.112167,22.54565,2016-11-03 00:51:15,1
4,114.01941699999999,22.533033,2016-11-03 00:51:17,0
3,113.869133,22.576349,2016-11-03 00:51:18,0
3,113.869133,22.576349,2016-11-03 00:51:25,0
2,114.227997,22.678017,2016-11-03 00:51:28,0
2,114.227997,22.678017,2016-11-03 00:51:29,0
2,114.227997,22.678017,2016-11-03 00:51:30,0
2,114.227997,22.678017,2016-11-03 00:51:31,0
4,114.01941699999999,22.533033,2016-11-03 00:51:32,0
2,114.22806499999999,22.678017,2016-11-03 00:51:43,0
2,114.22806499999999,22.678017,2016-11-03 00:51:44,0
2,114.22806499999999,22.678017,2016-11-03 00:51:45,0
2,114.22806499999999,22.678017,2016-11-03 00:51:46,0
4,114.01941699999999,22.533033,2016-11-03 00:51:47,0
2,114.22788200000001,22.6779,2016-11-03 00:51:58,0
2,114.22788200000001,22.6779,2016-11-03 00:51:57,0
2,114.22788200000001,22.6779,2016-11-03 00:51:56,0
2,114.22788200000001,22.6779,2016-11-03 00:51:55,0
4,114.01941699999999,22.533033,2016-11-03 00:52:02,0
2,114.227402,22.677334,2016-11-03 00:52:13,0
2,114.227402,22.677334,2016-11-03 00:52:14,0
2,114.227402,22.677334,2016-11-03 00:52:15,0
2,114.227402,22.677334,2016-11-03 00:52:16,0
4,114.01941699999999,22.533033,2016-11-03 00:52:17,0
2,114.22658500000001,22.676434,2016-11-03 00:52:28,0
2,114.22658500000001,22.676434,2016-11-03 00:52:29,0
2,114.22658500000001,22.676434,2016-11-03 00:52:30,0
2,114.22658500000001,22.676434,2016-11-03 00:52:31,0
4,114.01941699999999,22.533033,2016-11-03 00:52:32,0
2,114.22616599999999,22.676367000000003,2016-11-03 00:52:43,0
2,114.22616599999999,22.676367000000003,2016-11-03 00:52:44,0
2,114.22616599999999,22.676367000000003,2016-11-03 00:52:45,0
2,114.22616599999999,22.676367000000003,2016-11-03 00:52:46,0
4,114.01941699999999,22.533033,2016-11-03 00:52:47,0
0,114.11723300000001,22.546682,2016-11-03 00:52:59,1
2,114.225517,22.676884,2016-11-03 00:52:58,0
2,114.225517,22.676884,2016-11-03 00:52:57,0
2,114.225517,22.676884,2016-11-03 00:52:56,0
2,114.225517,22.676884,2016-11-03 00:52:55,0
0,114.11726399999999,22.546749,2016-11-03 00:53:00,1
4,114.01941699999999,22.533033,2016-11-03 00:53:02,0
2,114.22548700000002,22.67695,2016-11-03 00:53:05,0
2,114.22548700000002,22.67695,2016-11-03 00:53:06,0
2,114.22548700000002,22.67695,2016-11-03 00:53:07,0
2,114.22548700000002,22.67695,2016-11-03 00:53:08,0
0,114.117104,22.547367,2016-11-03 00:53:12,1
1,113.9198,22.519318,2016-11-03 00:53:16,0
2,114.22553300000001,22.676901,2016-11-03 00:53:20,0
2,114.22553300000001,22.676901,2016-11-03 00:53:21,0
2,114.22553300000001,22.676901,2016-11-03 00:53:22,0
2,114.22553300000001,22.676901,2016-11-03 00:53:23,0
4,114.01941699999999,22.533033,2016-11-03 00:53:17,0
0,114.11681399999999,22.547916,2016-11-03 00:53:27,1
4,114.01941699999999,22.533033,2016-11-03 00:53:32,0
2,114.225586,22.676968,2016-11-03 00:53:35,0
2,114.225586,22.676968,2016-11-03 00:53:36,0
2,114.225586,22.676968,2016-11-03 00:53:37,0
2,114.225586,22.676968,2016-11-03 00:53:38,0
0,114.116615,22.548384,2016-11-03 00:53:42,1
4,114.01941699999999,22.533033,2016-11-03 00:53:47,0
2,114.225571,22.677017000000003,2016-11-03 00:53:50,0
2,114.225571,22.677017000000003,2016-11-03 00:53:51,0
2,114.225571,22.677017000000003,2016-11-03 00:53:52,0
2,114.225571,22.677017000000003,2016-11-03 00:53:53,0
0,114.116699,22.548651,2016-11-03 00:53:57,1
4,114.01941699999999,22.533033,2016-11-03 00:54:02,0
2,114.225548,22.676983,2016-11-03 00:54:05,0
2,114.225548,22.676983,2016-11-03 00:54:06,0
2,114.225548,22.676983,2016-11-03 00:54:07,0
2,114.225548,22.676983,2016-11-03 00:54:08,0
0,114.11657,22.549816,2016-11-03 00:54:12,1
4,114.01941699999999,22.533033,2016-11-03 00:54:17,0
2,114.225349,22.67705,2016-11-03 00:54:20,0
2,114.225349,22.67705,2016-11-03 00:54:21,0
2,114.225349,22.67705,2016-11-03 00:54:22,0
2,114.225349,22.67705,2016-11-03 00:54:23,0
4,114.01941699999999,22.533033,2016-11-03 00:54:32,0
3,113.867104,22.577833,2016-11-03 00:51:48,0
3,113.865379,22.57925,2016-11-03 00:52:08,0
3,113.863998,22.580617999999998,2016-11-03 00:52:28,0
3,113.86478400000001,22.581782999999998,2016-11-03 00:52:48,0
3,113.86556999999999,22.582567,2016-11-03 00:53:08,0
3,113.86556999999999,22.582567,2016-11-03 00:53:28,0
3,113.86756899999999,22.584183,2016-11-03 00:53:48,0
3,113.8694,22.585567,2016-11-03 00:54:04,0
3,113.87348200000001,22.588583,2016-11-03 00:54:32,0
3,113.874397,22.589333,2016-11-03 00:54:38,0
0,114.117081,22.5509,2016-11-03 00:54:27,1
4,114.01941699999999,22.533033,2016-11-03 00:54:47,0
2,114.224648,22.677549,2016-11-03 00:54:35,0
2,114.224648,22.677549,2016-11-03 00:54:36,0
2,114.224648,22.677549,2016-11-03 00:54:37,0
2,114.224648,22.677549,2016-11-03 00:54:38,0
0,114.118179,22.552633,2016-11-03 00:54:42,1
2,114.223717,22.678248999999997,2016-11-03 00:54:50,0
2,114.223717,22.678248999999997,2016-11-03 00:54:51,0
2,114.223717,22.678248999999997,2016-11-03 00:54:52,0
2,114.223717,22.678248999999997,2016-11-03 00:54:53,0
0,114.119118,22.5541,2016-11-03 00:54:57,1
4,114.01941699999999,22.533033,2016-11-03 00:55:02,0
2,114.22332,22.6786,2016-11-03 00:55:05,0
2,114.22332,22.6786,2016-11-03 00:55:06,0
2,114.22332,22.6786,2016-11-03 00:55:07,0
2,114.22332,22.6786,2016-11-03 00:55:08,0
3,113.877632,22.591667,2016-11-03 00:55:01,0
3,113.878716,22.592133,2016-11-03 00:55:16,0
4,114.01941699999999,22.533033,2016-11-03 00:55:17,0
2,114.223297,22.678632999999998,2016-11-03 00:55:20,0
2,114.223297,22.678632999999998,2016-11-03 00:55:21,0
2,114.223297,22.678632999999998,2016-11-03 00:55:22,0
2,114.223297,22.678632999999998,2016-11-03 00:55:23,0
4,114.01941699999999,22.533033,2016-11-03 00:55:32,0
2,114.223335,22.678551000000002,2016-11-03 00:55:35,0
2,114.223335,22.678551000000002,2016-11-03 00:55:36,0
2,114.223335,22.678551000000002,2016-11-03 00:55:37,0
2,114.223335,22.678551000000002,2016-11-03 00:55:38,0
3,113.88031799999999,22.59075,2016-11-03 00:55:37,0
4,114.01941699999999,22.533033,2016-11-03 00:55:48,0
2,114.22421999999999,22.677851,2016-11-03 00:55:50,0
2,114.22421999999999,22.677851,2016-11-03 00:55:51,0
2,114.22421999999999,22.677851,2016-11-03 00:55:52,0
2,114.22421999999999,22.677851,2016-11-03 00:55:53,0
3,113.879997,22.589782999999997,2016-11-03 00:55:57,0
1,113.9198,22.519448999999998,2016-11-03 00:55:59,0
1,113.91981499999999,22.519448999999998,2016-11-03 00:56:01,0
4,114.01941699999999,22.533033,2016-11-03 00:56:02,0
2,114.22451799999999,22.677633,2016-11-03 00:56:05,0
2,114.22451799999999,22.677633,2016-11-03 00:56:06,0
2,114.22451799999999,22.677633,2016-11-03 00:56:07,0
2,114.22451799999999,22.677633,2016-11-03 00:56:08,0
1,113.919853,22.519432000000002,2016-11-03 00:56:09,0
3,113.87838,22.588516000000002,2016-11-03 00:56:17,0
4,114.01941699999999,22.533033,2016-11-03 00:56:17,0
2,114.224419,22.67765,2016-11-03 00:56:20,0
2,114.224419,22.67765,2016-11-03 00:56:21,0
2,114.224419,22.67765,2016-11-03 00:56:22,0
2,114.224419,22.67765,2016-11-03 00:56:23,0
1,113.919868,22.519448999999998,2016-11-03 00:56:24,0
4,114.01941699999999,22.533033,2016-11-03 00:56:33,0
2,114.224731,22.677432999999997,2016-11-03 00:56:35,0
2,114.224731,22.677432999999997,2016-11-03 00:56:36,0
2,114.224731,22.677432999999997,2016-11-03 00:56:37,0
2,114.224731,22.677432999999997,2016-11-03 00:56:38,0
3,113.878349,22.588484,2016-11-03 00:56:37,0
1,113.91983,22.519448999999998,2016-11-03 00:56:40,0
0,114.125519,22.55295,2016-11-03 00:56:41,1
0,114.125519,22.55295,2016-11-03 00:56:42,1
4,114.01941699999999,22.533033,2016-11-03 00:56:47,0
2,114.22548700000002,22.676867,2016-11-03 00:56:50,0
2,114.22548700000002,22.676867,2016-11-03 00:56:51,0
2,114.22548700000002,22.676867,2016-11-03 00:56:52,0
2,114.22548700000002,22.676867,2016-11-03 00:56:53,0
1,113.919853,22.519432000000002,2016-11-03 00:56:55,0
0,114.125519,22.55295,2016-11-03 00:56:55,1
3,113.878349,22.588484,2016-11-03 00:56:57,0
4,114.01941699999999,22.533033,2016-11-03 00:57:02,0
2,114.22637900000001,22.676132,2016-11-03 00:57:05,0
2,114.22637900000001,22.676132,2016-11-03 00:57:06,0
2,114.22637900000001,22.676132,2016-11-03 00:57:07,0
2,114.22637900000001,22.676132,2016-11-03 00:57:08,0
1,113.919899,22.5194,2016-11-03 00:57:10,0
0,114.12568700000001,22.55195,2016-11-03 00:57:10,1
3,113.878349,22.588484,2016-11-03 00:57:17,0
4,114.01941699999999,22.533033,2016-11-03 00:57:17,0
2,114.225319,22.674999,2016-11-03 00:57:20,0
2,114.225319,22.674999,2016-11-03 00:57:21,0
2,114.225319,22.674999,2016-11-03 00:57:22,0
2,114.225319,22.674999,2016-11-03 00:57:23,0
1,113.919853,22.519432000000002,2016-11-03 00:57:25,0
0,114.125786,22.551018,2016-11-03 00:57:25,1
4,114.01941699999999,22.533033,2016-11-03 00:57:32,0
2,114.224548,22.674432999999997,2016-11-03 00:57:35,0
2,114.224548,22.674432999999997,2016-11-03 00:57:36,0
2,114.224548,22.674432999999997,2016-11-03 00:57:37,0
2,114.224548,22.674432999999997,2016-11-03 00:57:38,0
3,113.878349,22.588484,2016-11-03 00:57:37,0
1,113.919853,22.519432000000002,2016-11-03 00:57:40,0
0,114.12586999999999,22.550133,2016-11-03 00:57:40,1
4,114.01941699999999,22.533033,2016-11-03 00:57:47,0
2,114.22440300000001,22.674549,2016-11-03 00:57:50,0
2,114.22440300000001,22.674549,2016-11-03 00:57:51,0
2,114.22440300000001,22.674549,2016-11-03 00:57:52,0
2,114.22440300000001,22.674549,2016-11-03 00:57:53,0
1,113.919853,22.519466,2016-11-03 00:57:55,0
0,114.125832,22.549932000000002,2016-11-03 00:57:55,0
3,113.878349,22.588484,2016-11-03 00:57:57,0
4,114.01941699999999,22.533033,2016-11-03 00:58:02,0
2,114.225098,22.674132999999998,2016-11-03 00:58:05,0
2,114.225098,22.674132999999998,2016-11-03 00:58:06,0
2,114.225098,22.674132999999998,2016-11-03 00:58:07,0
2,114.225098,22.674132999999998,2016-11-03 00:58:08,0
1,113.91991399999999,22.519448999999998,2016-11-03 00:58:10,0
0,114.125832,22.549932000000002,2016-11-03 00:58:10,0
3,113.878349,22.588484,2016-11-03 00:58:17,0
4,114.01941699999999,22.533033,2016-11-03 00:58:17,0
2,114.227516,22.6742,2016-11-03 00:58:20,0
2,114.227516,22.6742,2016-11-03 00:58:21,0
2,114.227516,22.6742,2016-11-03 00:58:22,0
2,114.227516,22.6742,2016-11-03 00:58:23,0
1,113.919853,22.519501,2016-11-03 00:58:25,0
0,114.125832,22.549667000000003,2016-11-03 00:58:24,0
4,114.01941699999999,22.533033,2016-11-03 00:58:32,0
2,114.230019,22.675217,2016-11-03 00:58:35,0
2,114.230019,22.675217,2016-11-03 00:58:36,0
2,114.230019,22.675217,2016-11-03 00:58:37,0
2,114.230019,22.675217,2016-11-03 00:58:38,0
3,113.877983,22.5881,2016-11-03 00:58:37,0
1,113.91981499999999,22.519517999999998,2016-11-03 00:58:40,0
0,114.125832,22.54965,2016-11-03 00:58:40,0
4,114.01941699999999,22.533033,2016-11-03 00:58:47,0
2,114.232681,22.67605,2016-11-03 00:58:50,0
2,114.232681,22.67605,2016-11-03 00:58:51,0
2,114.232681,22.67605,2016-11-03 00:58:52,0
2,114.232681,22.67605,2016-11-03 00:58:53,0
1,113.91976899999999,22.519484,2016-11-03 00:58:55,0
0,114.125832,22.54965,2016-11-03 00:58:54,0
3,113.87876899999999,22.587067,2016-11-03 00:58:57,0
4,114.01941699999999,22.533033,2016-11-03 00:59:02,0
2,114.23411599999999,22.675501,2016-11-03 00:59:06,0
2,114.23411599999999,22.675501,2016-11-03 00:59:07,0
2,114.23411599999999,22.675501,2016-11-03 00:59:08,0
2,114.23411599999999,22.675501,2016-11-03 00:59:09,0
1,113.91974599999999,22.519448999999998,2016-11-03 00:59:10,0
0,114.125832,22.54965,2016-11-03 00:59:10,0
3,113.88028,22.585532999999998,2016-11-03 00:59:17,0
4,114.01941699999999,22.533033,2016-11-03 00:59:17,0
2,114.23541999999999,22.6737,2016-11-03 00:59:20,0
2,114.23541999999999,22.6737,2016-11-03 00:59:21,0
2,114.23541999999999,22.6737,2016-11-03 00:59:22,0
2,114.23541999999999,22.6737,2016-11-03 00:59:23,0
0,114.125771,22.5492,2016-11-03 00:59:25,0
1,113.91947900000001,22.51965,2016-11-03 00:59:25,1
4,114.01941699999999,22.533033,2016-11-03 00:59:32,0
1,113.91871599999999,22.520082000000002,2016-11-03 00:59:33,1
2,114.23722099999999,22.672082999999997,2016-11-03 00:59:35,0
2,114.23722099999999,22.672082999999997,2016-11-03 00:59:36,0
2,114.23722099999999,22.672082999999997,2016-11-03 00:59:37,0
2,114.23722099999999,22.672082999999997,2016-11-03 00:59:38,0
3,113.88126399999999,22.584498999999997,2016-11-03 00:59:37,0
0,114.125603,22.547933999999998,2016-11-03 00:59:40,0
4,114.01941699999999,22.533033,2016-11-03 00:59:47,0
1,113.917351,22.521084,2016-11-03 00:59:48,1
2,114.238029,22.670717,2016-11-03 00:59:51,0
2,114.238029,22.670717,2016-11-03 00:59:52,0
2,114.238029,22.670717,2016-11-03 00:59:53,0
2,114.238029,22.670717,2016-11-03 00:59:54,0
0,114.12478600000001,22.547701,2016-11-03 00:59:55,0
1,113.916901,22.521048999999998,2016-11-03 00:59:55,1
3,113.882019,22.583401000000002,2016-11-03 00:59:57,0
4,114.01941699999999,22.533033,2016-11-03 01:00:02,0
2,114.238068,22.670482999999997,2016-11-03 01:00:06,0
2,114.238068,22.670482999999997,2016-11-03 01:00:07,0
2,114.238068,22.670482999999997,2016-11-03 01:00:08,0
2,114.238068,22.670482999999997,2016-11-03 01:00:09,0
0,114.12406899999999,22.547417000000003,2016-11-03 01:00:10,0
1,113.915352,22.519448999999998,2016-11-03 01:00:11,1
3,113.882698,22.582417,2016-11-03 01:00:17,0
4,114.01941699999999,22.533033,2016-11-03 01:00:17,0
2,114.23801399999999,22.668833,2016-11-03 01:00:21,0
2,114.23801399999999,22.668833,2016-11-03 01:00:22,0
2,114.23801399999999,22.668833,2016-11-03 01:00:23,0
2,114.23801399999999,22.668833,2016-11-03 01:00:24,0
0,114.123253,22.547283,2016-11-03 01:00:25,0
1,113.914368,22.51845,2016-11-03 01:00:25,1
2,114.237816,22.667583,2016-11-03 01:00:29,0
2,114.237816,22.667583,2016-11-03 01:00:30,0
2,114.237816,22.667583,2016-11-03 01:00:31,0
2,114.237816,22.667583,2016-11-03 01:00:32,0
4,114.01941699999999,22.533033,2016-11-03 01:00:32,0
3,113.8834,22.581932000000002,2016-11-03 01:00:37,0
0,114.120819,22.547016,2016-11-03 01:00:40,0
1,113.91431399999999,22.518383,2016-11-03 01:00:41,1
2,114.237381,22.665032999999998,2016-11-03 01:00:44,0
2,114.237381,22.665032999999998,2016-11-03 01:00:45,0
2,114.237381,22.665032999999998,2016-11-03 01:00:46,0
2,114.237381,22.665032999999998,2016-11-03 01:00:47,0
4,114.01941699999999,22.533033,2016-11-03 01:00:47,0
1,113.91387900000001,22.517982,2016-11-03 01:00:56,1
3,113.8834,22.581932000000002,2016-11-03 01:00:57,0
0,114.11853,22.546667000000003,2016-11-03 01:00:55,0
2,114.23733500000002,22.664633,2016-11-03 01:00:59,0
2,114.23733500000002,22.664633,2016-11-03 01:00:58,0
2,114.23733500000002,22.664633,2016-11-03 01:00:57,0
2,114.23733500000002,22.664633,2016-11-03 01:00:56,0
4,114.01941699999999,22.533033,2016-11-03 01:01:02,0
1,113.912102,22.516233,2016-11-03 01:01:11,1
0,114.117447,22.546499,2016-11-03 01:01:10,0
2,114.237381,22.6646,2016-11-03 01:01:14,0
2,114.237381,22.6646,2016-11-03 01:01:15,0
2,114.237381,22.6646,2016-11-03 01:01:16,0
2,114.237381,22.6646,2016-11-03 01:01:17,0
3,113.8834,22.581932000000002,2016-11-03 01:01:17,0
4,114.01941699999999,22.533033,2016-11-03 01:01:17,0
0,114.117447,22.546499,2016-11-03 01:01:25,0
1,113.910454,22.5152,2016-11-03 01:01:26,1
2,114.23739599999999,22.664583,2016-11-03 01:01:29,0
2,114.23739599999999,22.664583,2016-11-03 01:01:30,0
2,114.23739599999999,22.664583,2016-11-03 01:01:31,0
2,114.23739599999999,22.664583,2016-11-03 01:01:32,0
4,114.01941699999999,22.533033,2016-11-03 01:01:32,0
3,113.8834,22.581932000000002,2016-11-03 01:01:37,0
1,113.90988200000001,22.51515,2016-11-03 01:01:41,1
0,114.117447,22.546499,2016-11-03 01:01:40,0
2,114.237831,22.664482,2016-11-03 01:01:44,0
2,114.237831,22.664482,2016-11-03 01:01:45,0
2,114.237831,22.664482,2016-11-03 01:01:46,0
2,114.237831,22.664482,2016-11-03 01:01:47,0
4,114.01941699999999,22.533033,2016-11-03 01:01:47,0
1,113.909897,22.515217,2016-11-03 01:01:49,1
0,114.117447,22.546499,2016-11-03 01:01:55,0
3,113.8834,22.581932000000002,2016-11-03 01:01:57,0
2,114.238914,22.6642,2016-11-03 01:01:59,0
2,114.238914,22.6642,2016-11-03 01:01:58,0
2,114.238914,22.6642,2016-11-03 01:01:57,0
2,114.238914,22.6642,2016-11-03 01:01:56,0
4,114.01941699999999,22.533033,2016-11-03 01:02:02,0
1,113.909782,22.515266,2016-11-03 01:02:04,1
0,114.117447,22.546499,2016-11-03 01:02:10,0
2,114.240349,22.663517000000002,2016-11-03 01:02:14,0
2,114.240349,22.663517000000002,2016-11-03 01:02:15,0
2,114.240349,22.663517000000002,2016-11-03 01:02:16,0
2,114.240349,22.663517000000002,2016-11-03 01:02:17,0
3,113.8834,22.581932000000002,2016-11-03 01:02:17,0
4,114.01941699999999,22.533033,2016-11-03 01:02:17,0
1,113.908203,22.515167,2016-11-03 01:02:19,1
2,114.240402,22.663317000000003,2016-11-03 01:02:22,0
2,114.240402,22.663317000000003,2016-11-03 01:02:23,0
2,114.240402,22.663317000000003,2016-11-03 01:02:24,0
2,114.240402,22.663317000000003,2016-11-03 01:02:25,0
2,114.240402,22.663317000000003,2016-11-03 01:02:23,0
2,114.240402,22.663317000000003,2016-11-03 01:02:24,0
2,114.240402,22.663317000000003,2016-11-03 01:02:25,0
2,114.240402,22.663317000000003,2016-11-03 01:02:26,0
0,114.11702,22.546551,2016-11-03 01:02:25,0
1,113.90716599999999,22.515017,2016-11-03 01:02:27,1
2,114.24046299999999,22.663,2016-11-03 01:02:37,0
2,114.24046299999999,22.663,2016-11-03 01:02:38,0
2,114.24046299999999,22.663,2016-11-03 01:02:39,0
2,114.24046299999999,22.663,2016-11-03 01:02:40,0
4,114.01941699999999,22.533033,2016-11-03 01:02:32,0
0,114.115517,22.546232,2016-11-03 01:02:40,0
3,113.8834,22.581932000000002,2016-11-03 01:02:37,0
1,113.90551799999999,22.515617000000002,2016-11-03 01:02:42,1
4,114.01941699999999,22.533033,2016-11-03 01:02:47,0
2,114.24046299999999,22.662968,2016-11-03 01:02:52,0
2,114.24046299999999,22.662968,2016-11-03 01:02:53,0
2,114.24046299999999,22.662968,2016-11-03 01:02:54,0
2,114.24046299999999,22.662968,2016-11-03 01:02:55,0
0,114.114899,22.546432,2016-11-03 01:02:55,0
3,113.8834,22.581932000000002,2016-11-03 01:02:57,0
1,113.905029,22.515867,2016-11-03 01:02:57,1
4,114.01941699999999,22.533033,2016-11-03 01:03:02,0
0,114.114449,22.546749,2016-11-03 01:03:10,0
1,113.904152,22.5163,2016-11-03 01:03:12,1
2,114.24046299999999,22.662901,2016-11-03 01:03:15,1
2,114.24046299999999,22.662901,2016-11-03 01:03:16,1
2,114.24046299999999,22.662901,2016-11-03 01:03:17,1
2,114.24046299999999,22.662901,2016-11-03 01:03:18,1
2,114.240448,22.662884,2016-11-03 01:03:17,1
2,114.240448,22.662884,2016-11-03 01:03:18,1
2,114.240448,22.662884,2016-11-03 01:03:19,1
2,114.240448,22.662884,2016-11-03 01:03:20,1
4,114.01941699999999,22.533033,2016-11-03 01:03:17,0
3,113.8834,22.581932000000002,2016-11-03 01:03:17,0
1,113.9039,22.516466,2016-11-03 01:03:20,1
0,114.113449,22.546583,2016-11-03 01:03:25,0
2,114.24043300000001,22.6633,2016-11-03 01:03:30,1
2,114.24043300000001,22.6633,2016-11-03 01:03:31,1
2,114.24043300000001,22.6633,2016-11-03 01:03:32,1
2,114.24043300000001,22.6633,2016-11-03 01:03:33,1
4,114.01941699999999,22.533033,2016-11-03 01:03:32,0
1,113.90383100000001,22.516482999999997,2016-11-03 01:03:35,1
3,113.8834,22.581932000000002,2016-11-03 01:03:37,0
0,114.112747,22.5464,2016-11-03 01:03:40,0
2,114.24011999999999,22.663798999999997,2016-11-03 01:03:45,1
2,114.24011999999999,22.663798999999997,2016-11-03 01:03:46,1
2,114.24011999999999,22.663798999999997,2016-11-03 01:03:47,1
2,114.24011999999999,22.663798999999997,2016-11-03 01:03:48,1
4,114.01941699999999,22.533033,2016-11-03 01:03:47,0
1,113.90351899999999,22.5165,2016-11-03 01:03:50,1
4,114.01941699999999,22.533033,2016-11-03 01:03:51,1
0,114.11266299999998,22.54595,2016-11-03 01:03:55,0
3,113.8834,22.581932000000002,2016-11-03 01:03:57,0
2,114.238533,22.664368,2016-11-03 01:04:00,1
2,114.238533,22.664368,2016-11-03 01:04:01,1
1,113.90228300000001,22.515249,2016-11-03 01:04:05,1
2,114.237785,22.664516,2016-11-03 01:04:16,1
1,113.90123,22.514232999999997,2016-11-03 01:04:20,1
0,114.110367,22.545334,2016-11-03 01:04:25,0
2,114.23593100000001,22.664182999999998,2016-11-03 01:04:31,1
2,114.23593100000001,22.664182999999998,2016-11-03 01:04:32,1
2,114.23593100000001,22.664182999999998,2016-11-03 01:04:33,1
1,113.901169,22.514217000000002,2016-11-03 01:04:35,0
0,114.10903200000001,22.5452,2016-11-03 01:04:40,0
2,114.233902,22.663717000000002,2016-11-03 01:04:45,1
2,114.233902,22.663717000000002,2016-11-03 01:04:46,1
1,113.90118400000001,22.5142,2016-11-03 01:04:50,0
2,114.231567,22.663017,2016-11-03 01:05:02,1
2,114.231567,22.663017,2016-11-03 01:05:03,1
2,114.23026999999999,22.662832,2016-11-03 01:05:09,1
2,114.23026999999999,22.662832,2016-11-03 01:05:10,1
2,114.23026999999999,22.662832,2016-11-03 01:05:11,1
2,114.23026999999999,22.662832,2016-11-03 01:05:12,1
3,113.8834,22.581932000000002,2016-11-03 01:04:17,0
1,113.900848,22.513866,2016-11-03 01:05:20,0
4,114.021332,22.533317999999998,2016-11-03 01:04:21,1
2,114.226669,22.661882000000002,2016-11-03 01:05:33,1
2,114.226669,22.661882000000002,2016-11-03 01:05:34,1
2,114.226669,22.661882000000002,2016-11-03 01:05:35,1
2,114.226669,22.661882000000002,2016-11-03 01:05:36,1
4,114.022552,22.533533,2016-11-03 01:04:36,1
1,113.901199,22.514167999999998,2016-11-03 01:05:35,0
2,114.22561599999999,22.6616,2016-11-03 01:05:39,1
2,114.22561599999999,22.6616,2016-11-03 01:05:40,1
2,114.22561599999999,22.6616,2016-11-03 01:05:41,1
1,113.902367,22.515301,2016-11-03 01:05:50,0
4,114.02258300000001,22.53425,2016-11-03 01:04:51,1
2,114.223335,22.661716000000002,2016-11-03 01:05:54,1
2,114.223335,22.661716000000002,2016-11-03 01:05:55,1
2,114.223335,22.661716000000002,2016-11-03 01:05:56,1
2,114.223335,22.661716000000002,2016-11-03 01:05:57,1
3,113.885071,22.580267000000003,2016-11-03 01:04:57,0
2,114.222397,22.662032999999997,2016-11-03 01:06:03,1
2,114.222397,22.662032999999997,2016-11-03 01:06:04,1
2,114.222397,22.662032999999997,2016-11-03 01:06:05,1
4,114.02296399999999,22.534933,2016-11-03 01:05:06,1
1,113.903732,22.51635,2016-11-03 01:06:05,0
3,113.88308,22.578533,2016-11-03 01:05:17,0
4,114.02426899999999,22.535084,2016-11-03 01:05:21,1
2,114.22097,22.6628,2016-11-03 01:06:17,1
2,114.22097,22.6628,2016-11-03 01:06:18,1
2,114.22097,22.6628,2016-11-03 01:06:20,1
3,113.880348,22.5762,2016-11-03 01:05:37,0
2,114.219101,22.663732999999997,2016-11-03 01:06:32,1
2,114.219101,22.663732999999997,2016-11-03 01:06:34,1
2,114.219101,22.663732999999997,2016-11-03 01:06:35,1
1,113.90486899999999,22.51585,2016-11-03 01:06:35,0
4,114.02503200000001,22.5326,2016-11-03 01:05:51,1
3,113.878601,22.574699,2016-11-03 01:05:57,0
4,114.02581799999999,22.530533,2016-11-03 01:06:06,1
3,113.878601,22.574699,2016-11-03 01:06:17,0
4,114.02780200000001,22.528783999999998,2016-11-03 01:06:21,1
1,113.90488400000001,22.515832999999997,2016-11-03 01:06:43,0
2,114.21833000000001,22.663933,2016-11-03 01:06:47,1
2,114.21833000000001,22.663933,2016-11-03 01:06:48,1
0,114.11028300000001,22.541901,2016-11-03 01:06:52,0
3,113.87896699999999,22.573999,2016-11-03 01:06:37,0
4,114.029831,22.527718,2016-11-03 01:06:36,1
1,113.905952,22.515318,2016-11-03 01:06:58,0
2,114.218399,22.664101000000002,2016-11-03 01:07:03,1
2,114.218399,22.664101000000002,2016-11-03 01:07:04,1
2,114.218399,22.664101000000002,2016-11-03 01:07:05,1
4,114.03148700000001,22.526768,2016-11-03 01:06:51,1
1,113.906769,22.514982,2016-11-03 01:07:06,0
3,113.8806,22.572384,2016-11-03 01:06:57,0
0,114.109299,22.541667999999998,2016-11-03 01:07:07,0
2,114.21835300000001,22.664133,2016-11-03 01:07:17,1
2,114.21835300000001,22.664133,2016-11-03 01:07:18,1
2,114.21835300000001,22.664133,2016-11-03 01:07:19,1
4,114.03327900000001,22.525818,2016-11-03 01:07:06,1
0,114.10733,22.541532999999998,2016-11-03 01:07:22,0
3,113.882034,22.570801,2016-11-03 01:07:17,0
4,114.035233,22.524767,2016-11-03 01:07:21,1
2,114.218452,22.6644,2016-11-03 01:07:32,1
2,114.218452,22.6644,2016-11-03 01:07:33,1
2,114.218452,22.6644,2016-11-03 01:07:34,1
2,114.218452,22.6644,2016-11-03 01:07:35,1
1,113.909531,22.51475,2016-11-03 01:07:36,0
4,114.037201,22.523666,2016-11-03 01:07:36,1
3,113.8815,22.5702,2016-11-03 01:07:37,0
0,114.10706299999998,22.541483,2016-11-03 01:07:37,0
1,113.909531,22.515017,2016-11-03 01:07:44,0
2,114.217499,22.664766,2016-11-03 01:07:47,1
2,114.217499,22.664766,2016-11-03 01:07:48,1
2,114.217499,22.664766,2016-11-03 01:07:49,1
2,114.217499,22.664766,2016-11-03 01:07:50,1
0,114.10706299999998,22.541483,2016-11-03 01:07:52,0
1,113.90871399999999,22.515051,2016-11-03 01:07:53,0
4,114.037231,22.523649,2016-11-03 01:07:51,1
3,113.883003,22.570066,2016-11-03 01:07:57,0
1,113.90848500000001,22.515284,2016-11-03 01:07:59,0
2,114.21537,22.66485,2016-11-03 01:08:02,1
2,114.21537,22.66485,2016-11-03 01:08:03,1
2,114.21537,22.66485,2016-11-03 01:08:04,1
2,114.21537,22.66485,2016-11-03 01:08:05,1
4,114.037231,22.523649,2016-11-03 01:08:06,1
0,114.10706299999998,22.541483,2016-11-03 01:08:07,0
2,114.214798,22.664932,2016-11-03 01:08:10,1
2,114.214798,22.664932,2016-11-03 01:08:11,1
2,114.214798,22.664932,2016-11-03 01:08:12,1
2,114.214798,22.664932,2016-11-03 01:08:13,1
1,113.90886699999999,22.51655,2016-11-03 01:08:14,0
3,113.884781,22.5683,2016-11-03 01:08:17,0
4,114.03833,22.523067,2016-11-03 01:08:21,1
0,114.106567,22.541384,2016-11-03 01:08:22,0
2,114.214348,22.664818,2016-11-03 01:08:24,1
2,114.214348,22.664818,2016-11-03 01:08:25,1
2,114.214348,22.664818,2016-11-03 01:08:26,1
2,114.214348,22.664818,2016-11-03 01:08:27,1
1,113.90943100000001,22.517851,2016-11-03 01:08:29,0
2,114.21396599999999,22.663767,2016-11-03 01:08:33,1
2,114.21396599999999,22.663767,2016-11-03 01:08:34,1
2,114.21396599999999,22.663767,2016-11-03 01:08:35,1
2,114.21396599999999,22.663767,2016-11-03 01:08:36,1
3,113.886032,22.566967,2016-11-03 01:08:37,0
0,114.10561399999999,22.540882,2016-11-03 01:08:36,0
1,113.91003400000001,22.518368,2016-11-03 01:08:37,0
4,114.040497,22.521816,2016-11-03 01:08:36,1
2,114.21266899999999,22.661682,2016-11-03 01:08:42,1
2,114.21266899999999,22.661682,2016-11-03 01:08:43,1
2,114.21266899999999,22.661682,2016-11-03 01:08:44,1
2,114.21266899999999,22.661682,2016-11-03 01:08:45,1
2,114.212303,22.660917,2016-11-03 01:08:48,1
2,114.212303,22.660917,2016-11-03 01:08:49,1
2,114.212303,22.660917,2016-11-03 01:08:50,1
2,114.212303,22.660917,2016-11-03 01:08:51,1
1,113.91100300000001,22.518883,2016-11-03 01:08:52,0
0,114.10468300000001,22.540466000000002,2016-11-03 01:08:52,0
4,114.04156499999999,22.521116,2016-11-03 01:08:51,1
3,113.884979,22.566017000000002,2016-11-03 01:08:57,0
2,114.210968,22.658934,2016-11-03 01:09:03,1
2,114.210968,22.658934,2016-11-03 01:09:04,1
2,114.210968,22.658934,2016-11-03 01:09:05,1
2,114.210968,22.658934,2016-11-03 01:09:06,1
1,113.91231499999999,22.519667000000002,2016-11-03 01:09:07,0
4,114.04156499999999,22.521116,2016-11-03 01:09:06,1
2,114.209282,22.657432999999997,2016-11-03 01:09:18,1
2,114.209282,22.657432999999997,2016-11-03 01:09:19,1
2,114.209282,22.657432999999997,2016-11-03 01:09:20,1
2,114.209282,22.657432999999997,2016-11-03 01:09:21,1
4,114.04156499999999,22.521116,2016-11-03 01:09:21,1
1,113.913315,22.51895,2016-11-03 01:09:22,0
1,113.91387900000001,22.518467,2016-11-03 01:09:30,0
2,114.209251,22.6574,2016-11-03 01:09:32,1
2,114.209251,22.6574,2016-11-03 01:09:33,1
2,114.209251,22.6574,2016-11-03 01:09:34,1
2,114.209251,22.6574,2016-11-03 01:09:35,1
4,114.04323600000001,22.5203,2016-11-03 01:09:37,1
1,113.914001,22.518383,2016-11-03 01:09:45,0
2,114.209099,22.657316,2016-11-03 01:09:48,1
2,114.209099,22.657316,2016-11-03 01:09:49,1
2,114.209099,22.657316,2016-11-03 01:09:50,1
2,114.209099,22.657316,2016-11-03 01:09:51,1
4,114.04583000000001,22.519117,2016-11-03 01:09:52,1
1,113.91411599999999,22.518299,2016-11-03 01:10:00,0
2,114.207932,22.656098999999998,2016-11-03 01:10:03,1
2,114.207932,22.656098999999998,2016-11-03 01:10:04,1
2,114.207932,22.656098999999998,2016-11-03 01:10:05,1
2,114.207932,22.656098999999998,2016-11-03 01:10:06,1
4,114.04853100000001,22.518368,2016-11-03 01:10:07,1
1,113.915154,22.519033,2016-11-03 01:10:15,0
2,114.20636699999999,22.653982,2016-11-03 01:10:18,1
2,114.20636699999999,22.653982,2016-11-03 01:10:19,1
2,114.20636699999999,22.653982,2016-11-03 01:10:20,1
2,114.20636699999999,22.653982,2016-11-03 01:10:21,1
4,114.05068200000001,22.518117999999998,2016-11-03 01:10:21,1
1,113.91608400000001,22.519934,2016-11-03 01:10:30,0
2,114.205032,22.652416,2016-11-03 01:10:33,1
2,114.205032,22.652416,2016-11-03 01:10:34,1
2,114.205032,22.652416,2016-11-03 01:10:35,1
2,114.205032,22.652416,2016-11-03 01:10:36,1
4,114.050697,22.518117999999998,2016-11-03 01:10:37,1
0,114.104782,22.543233999999998,2016-11-03 01:10:37,0
1,113.91658000000001,22.520416,2016-11-03 01:10:38,0
0,114.104919,22.543182,2016-11-03 01:10:39,0
2,114.203331,22.650801,2016-11-03 01:10:48,1
2,114.203331,22.650801,2016-11-03 01:10:49,1
2,114.203331,22.650801,2016-11-03 01:10:50,1
2,114.203331,22.650801,2016-11-03 01:10:51,1
0,114.105186,22.542816000000002,2016-11-03 01:10:50,0
4,114.050697,22.518117999999998,2016-11-03 01:10:52,1
1,113.917648,22.52075,2016-11-03 01:10:53,0
2,114.20203400000001,22.649782000000002,2016-11-03 01:11:03,1
2,114.20203400000001,22.649782000000002,2016-11-03 01:11:04,1
2,114.20203400000001,22.649782000000002,2016-11-03 01:11:05,1
2,114.20203400000001,22.649782000000002,2016-11-03 01:11:06,1
0,114.105484,22.541983,2016-11-03 01:11:05,0
4,114.05293300000001,22.5182,2016-11-03 01:11:07,1
0,114.10526999999999,22.541401,2016-11-03 01:11:20,0
4,114.05596899999999,22.5187,2016-11-03 01:11:22,1
2,114.20158400000001,22.6497,2016-11-03 01:11:10,1
2,114.20158400000001,22.6497,2016-11-03 01:11:11,1
2,114.20158400000001,22.6497,2016-11-03 01:11:12,1
2,114.20158400000001,22.6497,2016-11-03 01:11:13,1
2,114.201485,22.649851,2016-11-03 01:11:12,1
2,114.201485,22.649851,2016-11-03 01:11:13,1
2,114.201485,22.649851,2016-11-03 01:11:14,1
2,114.201485,22.649851,2016-11-03 01:11:15,1
2,114.20118000000001,22.650299,2016-11-03 01:11:19,1
2,114.20118000000001,22.650299,2016-11-03 01:11:20,1
2,114.20118000000001,22.650299,2016-11-03 01:11:21,1
2,114.20118000000001,22.650299,2016-11-03 01:11:22,1
2,114.200783,22.6509,2016-11-03 01:11:27,1
2,114.200783,22.6509,2016-11-03 01:11:28,1
2,114.200783,22.6509,2016-11-03 01:11:29,1
2,114.200783,22.6509,2016-11-03 01:11:30,1
0,114.10526999999999,22.541401,2016-11-03 01:11:35,0
4,114.058617,22.519632,2016-11-03 01:11:37,1
2,114.199997,22.652067000000002,2016-11-03 01:11:42,1
2,114.199997,22.652067000000002,2016-11-03 01:11:43,1
2,114.199997,22.652067000000002,2016-11-03 01:11:44,1
2,114.199997,22.652067000000002,2016-11-03 01:11:45,1
0,114.10526999999999,22.541401,2016-11-03 01:11:50,0
4,114.060051,22.520451,2016-11-03 01:11:52,1
2,114.199615,22.652718,2016-11-03 01:11:57,1
2,114.199615,22.652718,2016-11-03 01:11:56,1
2,114.199615,22.652718,2016-11-03 01:11:55,1
2,114.199615,22.652718,2016-11-03 01:11:54,1
1,113.917549,22.520832000000002,2016-11-03 01:11:58,0
0,114.105202,22.5411,2016-11-03 01:12:05,0
4,114.060898,22.520967000000002,2016-11-03 01:12:06,1
1,113.91763300000001,22.520782,2016-11-03 01:12:08,0
2,114.199501,22.652718,2016-11-03 01:12:12,1
2,114.199501,22.652718,2016-11-03 01:12:13,1
2,114.199501,22.652718,2016-11-03 01:12:14,1
2,114.199501,22.652718,2016-11-03 01:12:15,1
0,114.105202,22.541082,2016-11-03 01:12:20,0
4,114.061668,22.521517000000003,2016-11-03 01:12:22,1
1,113.917686,22.520849,2016-11-03 01:12:23,0
2,114.19936399999999,22.652732999999998,2016-11-03 01:12:27,0
2,114.19936399999999,22.652732999999998,2016-11-03 01:12:28,0
2,114.19936399999999,22.652732999999998,2016-11-03 01:12:29,0
2,114.19936399999999,22.652732999999998,2016-11-03 01:12:30,0
0,114.105202,22.541082,2016-11-03 01:12:35,0
4,114.063065,22.523718,2016-11-03 01:12:37,1
1,113.917686,22.520884,2016-11-03 01:12:38,0
2,114.199303,22.65275,2016-11-03 01:12:42,0
2,114.199303,22.65275,2016-11-03 01:12:43,0
2,114.199303,22.65275,2016-11-03 01:12:44,0
2,114.199303,22.65275,2016-11-03 01:12:45,0
0,114.105202,22.541082,2016-11-03 01:12:50,0
4,114.06331599999999,22.52585,2016-11-03 01:12:52,1
2,114.199348,22.652767,2016-11-03 01:12:57,0
2,114.199348,22.652767,2016-11-03 01:12:56,0
2,114.199348,22.652767,2016-11-03 01:12:55,0
2,114.199348,22.652767,2016-11-03 01:12:54,0
0,114.105202,22.541082,2016-11-03 01:13:05,0
4,114.06336999999999,22.527567,2016-11-03 01:13:07,1
2,114.199417,22.652767,2016-11-03 01:13:12,0
2,114.199417,22.652767,2016-11-03 01:13:13,0
2,114.199417,22.652767,2016-11-03 01:13:14,0
2,114.199417,22.652767,2016-11-03 01:13:15,0
4,114.06338500000001,22.527967,2016-11-03 01:13:15,0
0,114.105202,22.541082,2016-11-03 01:13:20,0
2,114.199348,22.652767,2016-11-03 01:13:27,0
2,114.199348,22.652767,2016-11-03 01:13:28,0
2,114.199348,22.652767,2016-11-03 01:13:29,0
2,114.199348,22.652767,2016-11-03 01:13:30,0
1,113.917686,22.520901000000002,2016-11-03 01:13:28,0
4,114.06338500000001,22.527967,2016-11-03 01:13:30,0
0,114.105202,22.541082,2016-11-03 01:13:35,0
1,113.91776999999999,22.520866,2016-11-03 01:13:38,0
2,114.199684,22.652451,2016-11-03 01:13:42,0
2,114.199684,22.652451,2016-11-03 01:13:43,0
2,114.199684,22.652451,2016-11-03 01:13:44,0
2,114.199684,22.652451,2016-11-03 01:13:45,0
4,114.06338500000001,22.527967,2016-11-03 01:13:45,0
0,114.105202,22.541082,2016-11-03 01:13:50,0
1,113.917847,22.520817,2016-11-03 01:13:53,0
2,114.20006599999999,22.651867000000003,2016-11-03 01:13:57,0
2,114.20006599999999,22.651867000000003,2016-11-03 01:13:56,0
2,114.20006599999999,22.651867000000003,2016-11-03 01:13:55,0
2,114.20006599999999,22.651867000000003,2016-11-03 01:13:54,0
4,114.063347,22.52895,2016-11-03 01:14:00,0
0,114.105202,22.541082,2016-11-03 01:14:05,0
2,114.2005,22.651132999999998,2016-11-03 01:14:12,0
2,114.2005,22.651132999999998,2016-11-03 01:14:13,0
2,114.2005,22.651132999999998,2016-11-03 01:14:14,0
2,114.2005,22.651132999999998,2016-11-03 01:14:15,0
4,114.063217,22.5303,2016-11-03 01:14:15,0
0,114.105347,22.54085,2016-11-03 01:14:20,0
2,114.20088200000001,22.650517,2016-11-03 01:14:27,0
2,114.20088200000001,22.650517,2016-11-03 01:14:28,0
2,114.20088200000001,22.650517,2016-11-03 01:14:29,0
2,114.20088200000001,22.650517,2016-11-03 01:14:30,0
4,114.063667,22.531467000000003,2016-11-03 01:14:30,0
2,114.201118,22.650084,2016-11-03 01:14:35,0
2,114.201118,22.650084,2016-11-03 01:14:36,0
2,114.201118,22.650084,2016-11-03 01:14:37,0
2,114.201118,22.650084,2016-11-03 01:14:38,0
0,114.105347,22.54085,2016-11-03 01:14:35,0
3,113.883781,22.564951,2016-11-03 01:09:41,0
3,113.883781,22.564951,2016-11-03 01:10:01,0
3,113.883049,22.56435,2016-11-03 01:10:21,0
3,113.881119,22.562668,2016-11-03 01:10:41,0
3,113.879135,22.56105,2016-11-03 01:11:01,0
3,113.879066,22.561001,2016-11-03 01:11:21,0
3,113.879066,22.561001,2016-11-03 01:11:41,0
3,113.879066,22.561001,2016-11-03 01:12:01,0
3,113.87753300000001,22.559632999999998,2016-11-03 01:12:21,0
3,113.87631999999999,22.558649,2016-11-03 01:12:41,0
3,113.87631999999999,22.558649,2016-11-03 01:13:01,0
3,113.87631999999999,22.558649,2016-11-03 01:13:21,0
3,113.876282,22.558634,2016-11-03 01:13:44,0
3,113.876282,22.558634,2016-11-03 01:14:04,0
3,113.876282,22.558634,2016-11-03 01:14:24,0
3,113.876282,22.558634,2016-11-03 01:14:39,0
4,114.065582,22.531482999999998,2016-11-03 01:14:45,0
2,114.20133200000001,22.649233,2016-11-03 01:14:50,0
2,114.20133200000001,22.649233,2016-11-03 01:14:51,0
2,114.20133200000001,22.649233,2016-11-03 01:14:52,0
2,114.20133200000001,22.649233,2016-11-03 01:14:53,0
0,114.105347,22.54085,2016-11-03 01:14:50,0
4,114.067619,22.5315,2016-11-03 01:15:00,0
0,114.105347,22.54085,2016-11-03 01:15:05,0
3,113.876282,22.558634,2016-11-03 01:15:02,0
3,113.876282,22.558634,2016-11-03 01:15:11,0
2,114.20041699999999,22.6485,2016-11-03 01:15:05,0
2,114.20041699999999,22.6485,2016-11-03 01:15:06,0
2,114.20041699999999,22.6485,2016-11-03 01:15:07,0
2,114.20041699999999,22.6485,2016-11-03 01:15:08,0
4,114.070282,22.531601000000002,2016-11-03 01:15:15,0
2,114.19981399999999,22.648032999999998,2016-11-03 01:15:12,0
2,114.19981399999999,22.648032999999998,2016-11-03 01:15:13,0
2,114.19981399999999,22.648032999999998,2016-11-03 01:15:14,0
2,114.19981399999999,22.648032999999998,2016-11-03 01:15:15,0
2,114.19963100000001,22.6479,2016-11-03 01:15:14,0
2,114.19963100000001,22.6479,2016-11-03 01:15:15,0
2,114.19963100000001,22.6479,2016-11-03 01:15:16,0
2,114.19963100000001,22.6479,2016-11-03 01:15:17,0
0,114.105347,22.54085,2016-11-03 01:15:20,0
2,114.199036,22.647467000000002,2016-11-03 01:15:20,0
2,114.199036,22.647467000000002,2016-11-03 01:15:21,0
2,114.199036,22.647467000000002,2016-11-03 01:15:22,0
2,114.199036,22.647467000000002,2016-11-03 01:15:23,0
4,114.071831,22.531616,2016-11-03 01:15:30,0
0,114.105347,22.54085,2016-11-03 01:15:35,0
1,113.917801,22.520718,2016-11-03 01:15:36,0
2,114.197571,22.6464,2016-11-03 01:15:34,0
2,114.197571,22.6464,2016-11-03 01:15:35,0
2,114.197571,22.6464,2016-11-03 01:15:36,0
2,114.197571,22.6464,2016-11-03 01:15:37,0
3,113.876282,22.558634,2016-11-03 01:15:34,0
3,113.876282,22.558634,2016-11-03 01:15:42,0
4,114.07240300000001,22.531584,2016-11-03 01:15:45,0
1,113.917831,22.5207,2016-11-03 01:15:46,0
0,114.105347,22.54085,2016-11-03 01:15:50,0
2,114.19571699999999,22.645283,2016-11-03 01:15:50,0
2,114.19571699999999,22.645283,2016-11-03 01:15:51,0
2,114.19571699999999,22.645283,2016-11-03 01:15:52,0
2,114.19571699999999,22.645283,2016-11-03 01:15:53,0
4,114.07240300000001,22.531584,2016-11-03 01:16:00,0
1,113.917831,22.520733,2016-11-03 01:16:01,0
3,113.876282,22.558634,2016-11-03 01:16:03,0
0,114.105347,22.54085,2016-11-03 01:16:05,0
2,114.19403100000001,22.64485,2016-11-03 01:16:05,0
2,114.19403100000001,22.64485,2016-11-03 01:16:06,0
2,114.19403100000001,22.64485,2016-11-03 01:16:07,0
2,114.19403100000001,22.64485,2016-11-03 01:16:08,0
4,114.07240300000001,22.531584,2016-11-03 01:16:15,0
1,113.917831,22.520767000000003,2016-11-03 01:16:16,0
0,114.105347,22.54085,2016-11-03 01:16:20,0
2,114.192581,22.644466,2016-11-03 01:16:20,0
2,114.192581,22.644466,2016-11-03 01:16:21,0
2,114.192581,22.644466,2016-11-03 01:16:22,0
2,114.192581,22.644466,2016-11-03 01:16:23,0
3,113.876282,22.558634,2016-11-03 01:16:23,0
1,113.91781599999999,22.520767000000003,2016-11-03 01:16:24,0
2,114.19165,22.644251,2016-11-03 01:16:29,0
2,114.19165,22.644251,2016-11-03 01:16:30,0
2,114.19165,22.644251,2016-11-03 01:16:31,0
2,114.19165,22.644251,2016-11-03 01:16:32,0
4,114.07240300000001,22.531584,2016-11-03 01:16:30,0
0,114.105347,22.54085,2016-11-03 01:16:35,0
1,113.91787,22.520718,2016-11-03 01:16:39,0
3,113.876282,22.558634,2016-11-03 01:16:43,0
2,114.18996399999999,22.643784,2016-11-03 01:16:44,0
2,114.18996399999999,22.643784,2016-11-03 01:16:45,0
2,114.18996399999999,22.643784,2016-11-03 01:16:46,0
2,114.18996399999999,22.643784,2016-11-03 01:16:47,0
4,114.07240300000001,22.531584,2016-11-03 01:16:45,0
0,114.105347,22.54085,2016-11-03 01:16:50,0
1,113.917969,22.520567,2016-11-03 01:16:54,0
2,114.188217,22.64295,2016-11-03 01:16:59,0
2,114.188217,22.64295,2016-11-03 01:16:58,0
2,114.188217,22.64295,2016-11-03 01:16:57,0
2,114.188217,22.64295,2016-11-03 01:16:56,0
4,114.07240300000001,22.531584,2016-11-03 01:17:00,0
3,113.876282,22.558634,2016-11-03 01:17:03,0
0,114.105347,22.54085,2016-11-03 01:17:05,0
1,113.917953,22.52055,2016-11-03 01:17:09,0
2,114.186501,22.642098999999998,2016-11-03 01:17:14,0
2,114.186501,22.642098999999998,2016-11-03 01:17:15,0
2,114.186501,22.642098999999998,2016-11-03 01:17:16,0
2,114.186501,22.642098999999998,2016-11-03 01:17:17,0
4,114.07240300000001,22.531584,2016-11-03 01:17:15,0
3,113.876282,22.558634,2016-11-03 01:17:23,0
0,114.105347,22.54085,2016-11-03 01:17:20,0
1,113.91803,22.5205,2016-11-03 01:17:24,0
2,114.184998,22.641317,2016-11-03 01:17:29,0
2,114.184998,22.641317,2016-11-03 01:17:30,0
2,114.184998,22.641317,2016-11-03 01:17:31,0
2,114.184998,22.641317,2016-11-03 01:17:32,0
4,114.07240300000001,22.531584,2016-11-03 01:17:30,0
0,114.105347,22.54085,2016-11-03 01:17:35,0
1,113.918053,22.520468,2016-11-03 01:17:39,0
3,113.876282,22.558634,2016-11-03 01:17:43,0
2,114.183502,22.640583,2016-11-03 01:17:44,0
2,114.183502,22.640583,2016-11-03 01:17:45,0
2,114.183502,22.640583,2016-11-03 01:17:46,0
2,114.183502,22.640583,2016-11-03 01:17:47,0
4,114.07240300000001,22.531584,2016-11-03 01:17:45,0
0,114.105347,22.54085,2016-11-03 01:17:50,0
1,113.918053,22.520468,2016-11-03 01:17:54,0
2,114.18258700000001,22.6401,2016-11-03 01:17:58,0
2,114.18258700000001,22.6401,2016-11-03 01:17:57,0
2,114.18258700000001,22.6401,2016-11-03 01:17:56,0
2,114.18258700000001,22.6401,2016-11-03 01:17:55,0
4,114.07240300000001,22.531584,2016-11-03 01:18:00,0
3,113.876282,22.558634,2016-11-03 01:18:03,0
0,114.105347,22.54085,2016-11-03 01:18:05,0
2,114.18184699999999,22.6397,2016-11-03 01:18:07,0
2,114.18184699999999,22.6397,2016-11-03 01:18:08,0
2,114.18184699999999,22.6397,2016-11-03 01:18:09,0
2,114.18184699999999,22.6397,2016-11-03 01:18:10,0
1,113.918053,22.520483,2016-11-03 01:18:09,0
4,114.074303,22.531633,2016-11-03 01:18:15,0
0,114.105347,22.54085,2016-11-03 01:18:20,0
2,114.180054,22.638733,2016-11-03 01:18:22,0
2,114.180054,22.638733,2016-11-03 01:18:23,0
2,114.180054,22.638733,2016-11-03 01:18:24,0
2,114.180054,22.638733,2016-11-03 01:18:25,0
3,113.876282,22.558634,2016-11-03 01:18:23,0
1,113.91806799999999,22.520483,2016-11-03 01:18:24,0
4,114.076447,22.5317,2016-11-03 01:18:30,0
0,114.105347,22.54085,2016-11-03 01:18:35,0
2,114.17818500000001,22.637867,2016-11-03 01:18:37,0
2,114.17818500000001,22.637867,2016-11-03 01:18:38,0
2,114.17818500000001,22.637867,2016-11-03 01:18:39,0
2,114.17818500000001,22.637867,2016-11-03 01:18:40,0
1,113.91806799999999,22.520483,2016-11-03 01:18:39,0
3,113.876282,22.558634,2016-11-03 01:18:43,0
4,114.078018,22.532717,2016-11-03 01:18:45,0
2,114.176849,22.637449,2016-11-03 01:18:52,0
2,114.176849,22.637449,2016-11-03 01:18:53,0
2,114.176849,22.637449,2016-11-03 01:18:54,0
2,114.176849,22.637449,2016-11-03 01:18:55,0
1,113.918053,22.5205,2016-11-03 01:18:54,0
4,114.07863600000002,22.533966,2016-11-03 01:19:00,0
3,113.876282,22.558634,2016-11-03 01:19:03,0
2,114.17686499999999,22.637449,2016-11-03 01:19:07,0
2,114.17686499999999,22.637449,2016-11-03 01:19:08,0
2,114.17686499999999,22.637449,2016-11-03 01:19:09,0
2,114.17686499999999,22.637449,2016-11-03 01:19:10,0
1,113.918053,22.520483,2016-11-03 01:19:09,0
2,114.17686499999999,22.637449,2016-11-03 01:19:15,0
2,114.17686499999999,22.637449,2016-11-03 01:19:16,0
2,114.17686499999999,22.637449,2016-11-03 01:19:17,0
2,114.17686499999999,22.637449,2016-11-03 01:19:18,0
4,114.079117,22.534882999999997,2016-11-03 01:19:15,0
3,113.876282,22.558634,2016-11-03 01:19:23,0
1,113.91811399999999,22.520416,2016-11-03 01:19:24,0
2,114.17686499999999,22.637484,2016-11-03 01:19:30,0
2,114.17686499999999,22.637484,2016-11-03 01:19:31,0
2,114.17686499999999,22.637484,2016-11-03 01:19:32,0
2,114.17686499999999,22.637484,2016-11-03 01:19:33,0
4,114.07948300000001,22.5355,2016-11-03 01:19:30,0
1,113.91813700000002,22.520416,2016-11-03 01:19:39,0
3,113.876282,22.558634,2016-11-03 01:19:43,0
4,114.07948300000001,22.5355,2016-11-03 01:19:45,0
2,114.17586499999999,22.637332999999998,2016-11-03 01:19:45,0
2,114.17586499999999,22.637332999999998,2016-11-03 01:19:46,0
2,114.17586499999999,22.637332999999998,2016-11-03 01:19:47,0
2,114.17586499999999,22.637332999999998,2016-11-03 01:19:48,0
1,113.91811399999999,22.520398999999998,2016-11-03 01:19:47,0
2,114.17473600000001,22.63715,2016-11-03 01:19:53,0
2,114.17473600000001,22.63715,2016-11-03 01:19:54,0
2,114.17473600000001,22.63715,2016-11-03 01:19:55,0
2,114.17473600000001,22.63715,2016-11-03 01:19:56,0
4,114.07948300000001,22.5355,2016-11-03 01:20:00,0
3,113.876282,22.558634,2016-11-03 01:20:03,0
1,113.918167,22.520483,2016-11-03 01:20:02,0
2,114.17218000000001,22.636732000000002,2016-11-03 01:20:08,0
2,114.17218000000001,22.636732000000002,2016-11-03 01:20:09,0
2,114.17218000000001,22.636732000000002,2016-11-03 01:20:10,0
2,114.17218000000001,22.636732000000002,2016-11-03 01:20:11,0
4,114.07948300000001,22.5355,2016-11-03 01:20:15,0
1,113.918198,22.520517,2016-11-03 01:20:17,0
0,114.106651,22.541367,2016-11-03 01:20:20,1
0,114.106903,22.541416,2016-11-03 01:20:22,1
2,114.169899,22.636333,2016-11-03 01:20:23,0
2,114.169899,22.636333,2016-11-03 01:20:24,0
2,114.169899,22.636333,2016-11-03 01:20:25,0
2,114.169899,22.636333,2016-11-03 01:20:26,0
3,113.876282,22.558634,2016-11-03 01:20:23,0
4,114.07948300000001,22.5355,2016-11-03 01:20:30,0
1,113.918182,22.520517,2016-11-03 01:20:32,0
0,114.108101,22.54155,2016-11-03 01:20:33,1
2,114.167068,22.635717,2016-11-03 01:20:38,0
2,114.167068,22.635717,2016-11-03 01:20:39,0
2,114.167068,22.635717,2016-11-03 01:20:40,0
2,114.167068,22.635717,2016-11-03 01:20:41,0
3,113.876282,22.558634,2016-11-03 01:20:43,0
4,114.07948300000001,22.5355,2016-11-03 01:20:45,0
1,113.918167,22.520617,2016-11-03 01:20:47,0
0,114.10925300000001,22.541582000000002,2016-11-03 01:20:48,1
2,114.16466499999999,22.634884,2016-11-03 01:20:53,0
1,113.918152,22.520617,2016-11-03 01:20:55,0
4,114.07948300000001,22.5355,2016-11-03 01:21:00,0
2,114.163269,22.634317000000003,2016-11-03 01:21:01,0
3,113.876282,22.558634,2016-11-03 01:21:03,0
0,114.10955,22.541718,2016-11-03 01:21:03,1
1,113.91813700000002,22.520617,2016-11-03 01:21:10,0
2,114.16071299999999,22.632868,2016-11-03 01:21:16,0
4,114.07948300000001,22.5355,2016-11-03 01:21:15,0
0,114.110069,22.541833999999998,2016-11-03 01:21:18,1
3,113.876282,22.558634,2016-11-03 01:21:23,0
1,113.91813700000002,22.520683,2016-11-03 01:21:25,0
2,114.15892,22.631483,2016-11-03 01:21:31,0
4,114.07948300000001,22.5355,2016-11-03 01:21:30,0
0,114.111153,22.54195,2016-11-03 01:21:33,1
1,113.918152,22.5207,2016-11-03 01:21:40,0
3,113.876282,22.558634,2016-11-03 01:21:43,0
4,114.07948300000001,22.5355,2016-11-03 01:21:45,0
2,114.15715,22.629618,2016-11-03 01:21:46,0
0,114.11233500000002,22.542,2016-11-03 01:21:48,1
2,114.156433,22.628598999999998,2016-11-03 01:21:54,0
1,113.91811399999999,22.520666000000002,2016-11-03 01:21:55,0
4,114.07948300000001,22.5355,2016-11-03 01:22:00,0
3,113.876282,22.558634,2016-11-03 01:22:03,0
0,114.113152,22.54215,2016-11-03 01:22:03,1
1,113.918152,22.520683,2016-11-03 01:22:11,0
4,114.07948300000001,22.5355,2016-11-03 01:22:15,0
2,114.15426599999999,22.62565,2016-11-03 01:22:17,0
0,114.113152,22.54215,2016-11-03 01:22:18,1
2,114.154053,22.625401,2016-11-03 01:22:18,0
3,113.876282,22.558634,2016-11-03 01:22:23,0
1,113.918167,22.520683,2016-11-03 01:22:26,0
4,114.07948300000001,22.5355,2016-11-03 01:22:30,0
2,114.152267,22.624166,2016-11-03 01:22:32,0
0,114.11350300000001,22.542116,2016-11-03 01:22:33,1
1,113.918221,22.520666000000002,2016-11-03 01:22:41,1
3,113.876282,22.558634,2016-11-03 01:22:43,0
4,114.07948300000001,22.5355,2016-11-03 01:22:45,0
2,114.15018500000001,22.62355,2016-11-03 01:22:47,0
0,114.11381499999999,22.541283,2016-11-03 01:22:48,1
1,113.91868600000001,22.52035,2016-11-03 01:22:49,1
4,114.07948300000001,22.5355,2016-11-03 01:23:00,0
2,114.147636,22.6231,2016-11-03 01:23:02,0
3,113.876282,22.558634,2016-11-03 01:23:03,0
0,114.113869,22.540032999999998,2016-11-03 01:23:03,1
1,113.919853,22.519617,2016-11-03 01:23:04,1
4,114.07948300000001,22.5355,2016-11-03 01:23:15,0
2,114.14537,22.622683,2016-11-03 01:23:17,0
0,114.113869,22.539101000000002,2016-11-03 01:23:18,1
1,113.921501,22.518618,2016-11-03 01:23:19,1
3,113.876282,22.558634,2016-11-03 01:23:23,0
4,114.07948300000001,22.5355,2016-11-03 01:23:30,0
2,114.142967,22.622601,2016-11-03 01:23:32,0
0,114.11388400000001,22.539049,2016-11-03 01:23:33,1
1,113.92181399999998,22.518299,2016-11-03 01:23:34,1
1,113.922096,22.5182,2016-11-03 01:23:42,1
3,113.876282,22.558634,2016-11-03 01:23:43,0
4,114.07948300000001,22.5355,2016-11-03 01:23:45,0
2,114.14091499999999,22.622533999999998,2016-11-03 01:23:47,0
0,114.11393000000001,22.538933,2016-11-03 01:23:48,1
4,114.07948300000001,22.5355,2016-11-03 01:23:49,1
1,113.922699,22.519699,2016-11-03 01:23:57,1
2,114.138702,22.622232,2016-11-03 01:24:02,0
3,113.876282,22.558634,2016-11-03 01:24:03,0
0,114.11393000000001,22.538232999999998,2016-11-03 01:24:03,1
4,114.080704,22.536682,2016-11-03 01:24:04,1
1,113.92343100000001,22.521351,2016-11-03 01:24:12,1
2,114.137482,22.621717,2016-11-03 01:24:17,0
4,114.08301499999999,22.537184,2016-11-03 01:24:19,1
1,113.92375200000001,22.522266000000002,2016-11-03 01:24:20,1
3,113.876282,22.558634,2016-11-03 01:24:23,0
0,114.113983,22.537582,2016-11-03 01:24:18,0
2,114.137497,22.621717,2016-11-03 01:24:32,0
0,114.113998,22.537582,2016-11-03 01:24:33,0
1,113.92446899999999,22.524151,2016-11-03 01:24:35,1
4,114.08578500000002,22.537216,2016-11-03 01:24:34,1
3,113.876282,22.558634,2016-11-03 01:24:43,0
2,114.13743600000001,22.6217,2016-11-03 01:24:47,0
0,114.113998,22.537582,2016-11-03 01:24:48,0
4,114.08856999999999,22.53735,2016-11-03 01:24:49,1
2,114.137421,22.6217,2016-11-03 01:25:02,0
3,113.876282,22.558634,2016-11-03 01:25:03,0
0,114.113983,22.536699,2016-11-03 01:25:03,0
1,113.924667,22.52615,2016-11-03 01:24:50,1
1,113.92446899999999,22.527666,2016-11-03 01:24:58,1
1,113.92446899999999,22.528084,2016-11-03 01:24:59,1
1,113.92451499999999,22.529249,2016-11-03 01:25:06,1
4,114.09103400000001,22.537848999999998,2016-11-03 01:25:04,1
2,114.13752,22.6217,2016-11-03 01:25:17,0
0,114.11331899999999,22.535732,2016-11-03 01:25:18,0
4,114.09227,22.537901,2016-11-03 01:25:19,1
1,113.925331,22.531882999999997,2016-11-03 01:25:21,1
3,113.876282,22.558634,2016-11-03 01:25:23,0
2,114.13701599999999,22.621416,2016-11-03 01:25:32,0
0,114.112633,22.535868,2016-11-03 01:25:33,0
4,114.093033,22.537901,2016-11-03 01:25:34,1
1,113.92658200000001,22.534218,2016-11-03 01:25:36,1
3,113.876282,22.558634,2016-11-03 01:25:44,0
2,114.135818,22.620167000000002,2016-11-03 01:25:47,0
0,114.11226699999999,22.536917000000003,2016-11-03 01:25:48,0
4,114.09313200000001,22.537884,2016-11-03 01:25:49,1
1,113.927269,22.537184,2016-11-03 01:25:51,1
2,114.134285,22.61845,2016-11-03 01:26:02,0
0,114.11203,22.53805,2016-11-03 01:26:03,0
3,113.876282,22.558634,2016-11-03 01:26:04,0
1,113.9272,22.539783,2016-11-03 01:26:06,1
4,114.095047,22.537848999999998,2016-11-03 01:26:04,1
2,114.13372,22.617732999999998,2016-11-03 01:26:10,0
4,114.096916,22.537901,2016-11-03 01:26:19,1
0,114.111801,22.539351,2016-11-03 01:26:18,0
3,113.876282,22.558634,2016-11-03 01:26:24,0
1,113.927071,22.542583,2016-11-03 01:26:21,1
2,114.13295,22.616768,2016-11-03 01:26:25,0
1,113.92703200000001,22.543782999999998,2016-11-03 01:26:29,1
0,114.111351,22.540751,2016-11-03 01:26:33,0
4,114.099052,22.537951,2016-11-03 01:26:34,1
2,114.131752,22.61525,2016-11-03 01:26:40,0
3,113.876282,22.558634,2016-11-03 01:26:44,0
1,113.925835,22.5438,2016-11-03 01:26:44,1
0,114.111153,22.541582000000002,2016-11-03 01:26:48,0
4,114.10137900000001,22.537916,2016-11-03 01:26:49,1
2,114.130669,22.613916,2016-11-03 01:26:55,0
1,113.92363,22.543067999999998,2016-11-03 01:26:59,1
3,113.876282,22.558634,2016-11-03 01:27:04,0
0,114.111153,22.541582000000002,2016-11-03 01:27:03,0
4,114.10092900000001,22.538517000000002,2016-11-03 01:27:04,1
2,114.129097,22.61245,2016-11-03 01:27:10,0
0,114.111153,22.541582000000002,2016-11-03 01:27:18,0
4,114.099701,22.539316,2016-11-03 01:27:19,1
3,113.876282,22.558634,2016-11-03 01:27:24,0
2,114.127319,22.611183,2016-11-03 01:27:26,0
0,114.111153,22.541582000000002,2016-11-03 01:27:33,0
2,114.126534,22.610718,2016-11-03 01:27:32,0
4,114.09966999999999,22.541,2016-11-03 01:27:34,1
3,113.876282,22.558634,2016-11-03 01:27:44,0
2,114.12460300000001,22.609501,2016-11-03 01:27:48,0
0,114.111153,22.541582000000002,2016-11-03 01:27:48,0
4,114.09966999999999,22.541,2016-11-03 01:27:49,1
3,113.876282,22.558634,2016-11-03 01:28:04,0
2,114.122849,22.608583,2016-11-03 01:28:03,0
0,114.111153,22.541582000000002,2016-11-03 01:28:03,0
1,113.91976899999999,22.543167,2016-11-03 01:27:30,1
4,114.09966999999999,22.541,2016-11-03 01:28:04,1
1,113.91961699999999,22.543167,2016-11-03 01:27:38,1
1,113.91950200000001,22.543182,2016-11-03 01:27:39,1
1,113.917847,22.543417,2016-11-03 01:27:53,1
1,113.91671799999999,22.543582999999998,2016-11-03 01:28:01,1
1,113.91671799999999,22.543582999999998,2016-11-03 01:28:02,1
1,113.91568000000001,22.543633,2016-11-03 01:28:09,1
2,114.12133,22.607651,2016-11-03 01:28:18,0
0,114.11103100000001,22.542517,2016-11-03 01:28:18,0
4,114.09966999999999,22.541,2016-11-03 01:28:19,1
3,113.876282,22.558634,2016-11-03 01:28:24,0
1,113.91341399999999,22.544148999999997,2016-11-03 01:28:24,1
2,114.11936999999999,22.60675,2016-11-03 01:28:33,0
4,114.09966999999999,22.541,2016-11-03 01:28:34,1
1,113.911148,22.545717,2016-11-03 01:28:39,1
3,113.876282,22.558634,2016-11-03 01:28:44,0
0,114.11076399999999,22.5438,2016-11-03 01:28:33,0
1,113.910416,22.546833,2016-11-03 01:28:47,1
2,114.117729,22.605417000000003,2016-11-03 01:28:48,0
4,114.099632,22.541967,2016-11-03 01:28:49,1
0,114.11013,22.543484,2016-11-03 01:28:48,0
2,114.116798,22.604383,2016-11-03 01:29:03,0
3,113.876282,22.558634,2016-11-03 01:29:04,0
0,114.11021399999998,22.541967,2016-11-03 01:29:03,0
4,114.099602,22.543217000000002,2016-11-03 01:29:04,1
2,114.11618,22.603617,2016-11-03 01:29:11,0
2,114.11601999999999,22.603434,2016-11-03 01:29:12,0
0,114.10893200000001,22.541532999999998,2016-11-03 01:29:18,0
4,114.099602,22.543217000000002,2016-11-03 01:29:19,1
2,114.11525,22.602632999999997,2016-11-03 01:29:26,0
0,114.10731499999999,22.541451000000002,2016-11-03 01:29:33,0
4,114.099602,22.543217000000002,2016-11-03 01:29:34,1
2,114.115196,22.602667,2016-11-03 01:29:41,0
1,113.90851599999999,22.550449,2016-11-03 01:29:10,1
1,113.908348,22.550751,2016-11-03 01:29:11,1
1,113.907852,22.551582,2016-11-03 01:29:18,1
1,113.90728,22.552616,2016-11-03 01:29:26,1
1,113.90713500000001,22.552917,2016-11-03 01:29:27,1
1,113.90576899999999,22.554983,2016-11-03 01:29:41,1
3,113.876282,22.558634,2016-11-03 01:29:44,0
1,113.904831,22.556182999999997,2016-11-03 01:29:49,1
4,114.099602,22.543217000000002,2016-11-03 01:29:49,1
0,114.106003,22.541317000000003,2016-11-03 01:29:48,0
2,114.11509699999999,22.602767999999998,2016-11-03 01:29:56,0
3,113.876282,22.558634,2016-11-03 01:30:04,0
0,114.10524699999999,22.541432999999998,2016-11-03 01:30:03,0
4,114.099602,22.543217000000002,2016-11-03 01:30:04,1
1,113.902969,22.55825,2016-11-03 01:30:04,1
2,114.11509699999999,22.602733999999998,2016-11-03 01:30:11,0
1,113.901802,22.559317,2016-11-03 01:30:12,1
0,114.105148,22.541451000000002,2016-11-03 01:30:18,0
4,114.099632,22.544634,2016-11-03 01:30:19,1
3,113.876282,22.558634,2016-11-03 01:30:24,0
2,114.11446399999998,22.601784,2016-11-03 01:30:26,0
1,113.89911699999999,22.56135,2016-11-03 01:30:27,1
4,114.09958600000002,22.546749,2016-11-03 01:30:34,1
2,114.11336499999999,22.600267000000002,2016-11-03 01:30:41,0
1,113.89688100000001,22.562983,2016-11-03 01:30:42,1
3,113.876282,22.558634,2016-11-03 01:30:44,0
4,114.099617,22.547199,2016-11-03 01:30:49,1
1,113.895699,22.563868,2016-11-03 01:30:50,1
3,113.876282,22.558634,2016-11-03 01:31:04,0
1,113.89351699999999,22.567232,2016-11-03 01:31:14,1
4,114.09958600000002,22.5483,2016-11-03 01:31:04,1
1,113.89288300000001,22.567498999999998,2016-11-03 01:31:20,1
4,114.09956399999999,22.550417000000003,2016-11-03 01:31:19,1
3,113.876282,22.558634,2016-11-03 01:31:24,0
1,113.89153300000001,22.565666,2016-11-03 01:31:35,1
4,114.09971599999999,22.552017000000003,2016-11-03 01:31:34,1
3,113.876282,22.558634,2016-11-03 01:31:44,0
2,114.112,22.5982,2016-11-03 01:30:56,0
2,114.111519,22.597151,2016-11-03 01:31:04,0
1,113.8899,22.564251000000002,2016-11-03 01:31:50,1
4,114.10126499999998,22.55225,2016-11-03 01:31:49,1
2,114.111519,22.597151,2016-11-03 01:31:05,0
2,114.11103100000001,22.596268,2016-11-03 01:31:12,0
2,114.110619,22.595449,2016-11-03 01:31:20,0
2,114.110497,22.595234,2016-11-03 01:31:22,0
2,114.109749,22.593666,2016-11-03 01:31:35,0
2,114.10925300000001,22.592667000000002,2016-11-03 01:31:43,0
2,114.109131,22.5924,2016-11-03 01:31:44,0
2,114.109016,22.591618,2016-11-03 01:31:51,0
3,113.876282,22.558634,2016-11-03 01:32:04,0
1,113.88896899999999,22.564466,2016-11-03 01:32:05,1
3,113.876282,22.558634,2016-11-03 01:32:05,1
4,114.10238600000001,22.552532,2016-11-03 01:32:04,1
2,114.10956599999999,22.58935,2016-11-03 01:32:06,0
4,114.10238600000001,22.552532,2016-11-03 01:32:07,0
0,114.106171,22.541349,2016-11-03 01:32:14,1
0,114.106171,22.541349,2016-11-03 01:32:16,1
1,113.88755,22.565582,2016-11-03 01:32:20,1
0,114.106171,22.541349,2016-11-03 01:32:20,1
2,114.11073300000001,22.587633,2016-11-03 01:32:21,0
4,114.10238600000001,22.552532,2016-11-03 01:32:22,0
3,113.875717,22.557917,2016-11-03 01:32:25,1
1,113.886452,22.566816,2016-11-03 01:32:35,1
2,114.112053,22.585783,2016-11-03 01:32:36,0
4,114.10238600000001,22.552532,2016-11-03 01:32:37,0
0,114.106567,22.541283,2016-11-03 01:32:38,1
3,113.876717,22.558617,2016-11-03 01:32:45,1
0,114.10790300000001,22.541451000000002,2016-11-03 01:32:50,1
1,113.886299,22.567083,2016-11-03 01:32:50,1
4,114.10238600000001,22.552532,2016-11-03 01:32:52,0
1,113.88586399999998,22.567516,2016-11-03 01:32:58,1
3,113.87878400000001,22.56045,2016-11-03 01:33:05,1
0,114.109467,22.541483,2016-11-03 01:33:05,1
4,114.10238600000001,22.552532,2016-11-03 01:33:07,0
1,113.88445300000001,22.5688,2016-11-03 01:33:13,1
2,114.11311299999998,22.584066,2016-11-03 01:32:51,0
2,114.11377,22.583134,2016-11-03 01:32:59,0
2,114.113914,22.582932999999997,2016-11-03 01:33:00,0
2,114.11421999999999,22.5823,2016-11-03 01:33:07,0
2,114.11448700000001,22.58135,2016-11-03 01:33:15,0
2,114.11453200000001,22.5811,2016-11-03 01:33:17,0
1,113.88391899999999,22.569349,2016-11-03 01:33:21,1
0,114.11086999999999,22.541833999999998,2016-11-03 01:33:20,1
4,114.10238600000001,22.552532,2016-11-03 01:33:22,0
3,113.878952,22.560582999999998,2016-11-03 01:33:25,1
2,114.11509699999999,22.579384,2016-11-03 01:33:30,0
0,114.112183,22.542101000000002,2016-11-03 01:33:35,1
1,113.88295,22.57025,2016-11-03 01:33:36,1
4,114.10238600000001,22.552532,2016-11-03 01:33:37,0
3,113.88006599999999,22.561583,2016-11-03 01:33:45,1
2,114.115799,22.57785,2016-11-03 01:33:45,0
0,114.113251,22.542316,2016-11-03 01:33:50,1
1,113.882668,22.571051,2016-11-03 01:33:51,1
4,114.10238600000001,22.552532,2016-11-03 01:33:52,0
2,114.11705,22.575782999999998,2016-11-03 01:34:00,0
3,113.88243100000001,22.563601000000002,2016-11-03 01:34:05,1
0,114.113998,22.542548999999998,2016-11-03 01:34:05,1
4,114.10298200000001,22.552767000000003,2016-11-03 01:34:07,0
1,113.883453,22.572001,2016-11-03 01:34:08,1
1,113.88372,22.5723,2016-11-03 01:34:14,1
2,114.11783600000001,22.573667999999998,2016-11-03 01:34:15,0
0,114.11531799999999,22.542982000000002,2016-11-03 01:34:20,1
4,114.103783,22.553048999999998,2016-11-03 01:34:22,0
3,113.884216,22.563682999999997,2016-11-03 01:34:25,1
1,113.883781,22.572866,2016-11-03 01:34:29,0
0,114.11558500000001,22.543118,2016-11-03 01:34:35,1
1,113.88373600000001,22.572817,2016-11-03 01:34:37,0
4,114.103783,22.553048999999998,2016-11-03 01:34:37,0
3,113.886353,22.561583,2016-11-03 01:34:45,1
0,114.11558500000001,22.543118,2016-11-03 01:34:50,1
4,114.103783,22.553048999999998,2016-11-03 01:34:52,0
2,114.11783600000001,22.57135,2016-11-03 01:34:30,0
2,114.117783,22.570267,2016-11-03 01:34:38,0
2,114.11776699999999,22.569982999999997,2016-11-03 01:34:40,0
2,114.117729,22.569201,2016-11-03 01:34:46,0
2,114.117783,22.568199,2016-11-03 01:34:54,0
2,114.117783,22.568199,2016-11-03 01:34:55,0
1,113.883698,22.572767000000002,2016-11-03 01:34:45,0
3,113.888847,22.55925,2016-11-03 01:35:05,1
0,114.115334,22.543467,2016-11-03 01:35:05,1
4,114.104347,22.553182999999997,2016-11-03 01:35:07,0
2,114.11801899999999,22.566467000000003,2016-11-03 01:35:09,0
0,114.11568500000001,22.543167,2016-11-03 01:35:20,1
4,114.105698,22.553467,2016-11-03 01:35:22,0
2,114.118401,22.5646,2016-11-03 01:35:24,0
3,113.891449,22.556732,2016-11-03 01:35:25,1
1,113.88372,22.572767000000002,2016-11-03 01:35:00,0
0,114.117203,22.543516,2016-11-03 01:35:35,1
1,113.883614,22.572782999999998,2016-11-03 01:35:08,0
1,113.883583,22.572817,2016-11-03 01:35:09,0
1,113.8834,22.572982999999997,2016-11-03 01:35:16,0
1,113.883202,22.573299,2016-11-03 01:35:25,0
1,113.883202,22.573299,2016-11-03 01:35:26,0
4,114.10590400000001,22.553482000000002,2016-11-03 01:35:37,0
1,113.8834,22.573217,2016-11-03 01:35:39,0
2,114.11876699999999,22.562599,2016-11-03 01:35:41,0
3,113.89402,22.554333,2016-11-03 01:35:45,1
2,114.119019,22.561867000000003,2016-11-03 01:35:47,0
0,114.11726399999999,22.543667000000003,2016-11-03 01:35:50,1
4,114.10573600000001,22.553583,2016-11-03 01:35:52,0
1,113.883881,22.57275,2016-11-03 01:35:54,0
1,113.884201,22.5725,2016-11-03 01:36:02,0
2,114.119553,22.559767,2016-11-03 01:36:03,0
0,114.117287,22.543667000000003,2016-11-03 01:36:05,1
4,114.10573600000001,22.553583,2016-11-03 01:36:07,0
1,113.88472,22.572067,2016-11-03 01:36:17,0
2,114.12043,22.558067,2016-11-03 01:36:18,0
0,114.117447,22.543582999999998,2016-11-03 01:36:20,1
4,114.10573600000001,22.553583,2016-11-03 01:36:22,0
2,114.121452,22.556967,2016-11-03 01:36:32,0
1,113.885002,22.571783,2016-11-03 01:36:32,0
0,114.117699,22.543768,2016-11-03 01:36:35,1
4,114.10573600000001,22.553583,2016-11-03 01:36:37,0
1,113.885117,22.571667,2016-11-03 01:36:40,0
2,114.120033,22.556232,2016-11-03 01:36:48,0
0,114.118248,22.544201,2016-11-03 01:36:50,1
4,114.10573600000001,22.553583,2016-11-03 01:36:52,0
1,113.885452,22.571333,2016-11-03 01:36:55,0
2,114.11923200000001,22.554617,2016-11-03 01:37:05,0
0,114.118629,22.544201,2016-11-03 01:37:05,1
1,113.88561999999999,22.571182,2016-11-03 01:37:03,0
1,113.885651,22.57115,2016-11-03 01:37:05,0
4,114.10573600000001,22.553583,2016-11-03 01:37:07,0
2,114.119003,22.554132,2016-11-03 01:37:10,0
1,113.885719,22.571082999999998,2016-11-03 01:37:11,0
0,114.11882,22.544216,2016-11-03 01:37:20,1
4,114.10573600000001,22.553583,2016-11-03 01:37:22,0
1,113.886017,22.570784,2016-11-03 01:37:26,0
2,114.118568,22.553499,2016-11-03 01:37:25,0
0,114.11893500000001,22.544382000000002,2016-11-03 01:37:35,1
4,114.10573600000001,22.553583,2016-11-03 01:37:37,0
1,113.88631399999998,22.570482000000002,2016-11-03 01:37:41,0
2,114.116997,22.551018,2016-11-03 01:37:49,0
2,114.11689799999999,22.550882,2016-11-03 01:37:50,0
0,114.11903400000001,22.544434,2016-11-03 01:37:50,1
4,114.10573600000001,22.553583,2016-11-03 01:37:52,0
2,114.116615,22.550449,2016-11-03 01:37:57,0
1,113.886551,22.570267,2016-11-03 01:37:49,0
1,113.88665,22.570168,2016-11-03 01:37:51,0
1,113.88701599999999,22.569817,2016-11-03 01:37:57,0
1,113.887451,22.569401,2016-11-03 01:38:05,0
0,114.119148,22.544201,2016-11-03 01:38:05,1
4,114.10573600000001,22.553583,2016-11-03 01:38:07,0
2,114.11640200000001,22.550217,2016-11-03 01:38:12,0
1,113.88803100000001,22.568817000000003,2016-11-03 01:38:20,0
0,114.119148,22.544201,2016-11-03 01:38:20,1
4,114.10573600000001,22.553583,2016-11-03 01:38:22,0
2,114.11636399999999,22.550248999999997,2016-11-03 01:38:27,0
1,113.88836699999999,22.568501,2016-11-03 01:38:35,0
0,114.119553,22.544268,2016-11-03 01:38:35,1
4,114.10573600000001,22.553583,2016-11-03 01:38:37,0
1,113.88843500000002,22.568382,2016-11-03 01:38:50,0
0,114.120171,22.544532999999998,2016-11-03 01:38:50,1
4,114.10573600000001,22.553583,2016-11-03 01:38:52,0
1,113.888481,22.568268,2016-11-03 01:39:05,0
4,114.10573600000001,22.553583,2016-11-03 01:39:07,0
0,114.1203,22.54435,2016-11-03 01:39:05,0
1,113.88842,22.568282999999997,2016-11-03 01:39:20,0
0,114.1203,22.54435,2016-11-03 01:39:20,0
4,114.10573600000001,22.553583,2016-11-03 01:39:22,0
0,114.1203,22.54435,2016-11-03 01:39:35,0
4,114.10573600000001,22.553583,2016-11-03 01:39:37,0
0,114.1203,22.54435,2016-11-03 01:39:50,0
4,114.10573600000001,22.553583,2016-11-03 01:39:52,0
3,113.899918,22.548634,2016-11-03 01:36:28,1
3,113.902298,22.546049,2016-11-03 01:36:48,1
3,113.90506699999999,22.544399,2016-11-03 01:37:08,1
3,113.9049,22.5436,2016-11-03 01:37:28,1
3,113.904671,22.546551,2016-11-03 01:37:48,1
3,113.906319,22.549999,2016-11-03 01:38:08,1
3,113.909782,22.552017000000003,2016-11-03 01:38:28,1
3,113.91338300000001,22.553917000000002,2016-11-03 01:38:48,1
3,113.91703000000001,22.555517000000002,2016-11-03 01:39:08,1
3,113.921333,22.5555,2016-11-03 01:39:28,1
3,113.926201,22.555232999999998,2016-11-03 01:39:51,1
3,113.927917,22.555149,2016-11-03 01:39:59,1
0,114.1203,22.54435,2016-11-03 01:40:05,0
4,114.10573600000001,22.553583,2016-11-03 01:40:07,0
2,114.112816,22.54645,2016-11-03 01:40:09,0
2,114.11253400000001,22.546316,2016-11-03 01:40:18,0
0,114.120384,22.54405,2016-11-03 01:40:20,0
4,114.10573600000001,22.553583,2016-11-03 01:40:22,0
3,113.93274699999999,22.555183,2016-11-03 01:40:22,1
3,113.934219,22.555232999999998,2016-11-03 01:40:29,1
2,114.11261699999999,22.545683,2016-11-03 01:40:33,0
0,114.12076599999999,22.543699,2016-11-03 01:40:35,0
4,114.10573600000001,22.553583,2016-11-03 01:40:37,0
2,114.111267,22.54595,2016-11-03 01:40:48,0
3,113.93863700000001,22.555332,2016-11-03 01:40:50,1
4,114.10573600000001,22.553583,2016-11-03 01:40:52,0
0,114.120819,22.542749,2016-11-03 01:40:50,0
2,114.109299,22.545382999999998,2016-11-03 01:41:03,0
0,114.1203,22.541967,2016-11-03 01:41:05,0
4,114.10573600000001,22.553583,2016-11-03 01:41:07,0
3,113.94283300000001,22.555032999999998,2016-11-03 01:41:10,1
2,114.10858200000001,22.545182999999998,2016-11-03 01:41:10,0
2,114.10828400000001,22.545082,2016-11-03 01:41:12,0
0,114.1203,22.541967,2016-11-03 01:41:20,0
4,114.10573600000001,22.553583,2016-11-03 01:41:22,0
3,113.94726599999998,22.55555,2016-11-03 01:41:30,1
0,114.12021599999999,22.541918,2016-11-03 01:41:35,0
4,114.10573600000001,22.553583,2016-11-03 01:41:37,0
3,113.951553,22.556182999999997,2016-11-03 01:41:50,1
0,114.12021599999999,22.541918,2016-11-03 01:41:50,0
4,114.10573600000001,22.553583,2016-11-03 01:41:52,0
0,114.12021599999999,22.541918,2016-11-03 01:42:05,0
4,114.10573600000001,22.553583,2016-11-03 01:42:07,0
3,113.95576499999999,22.556368,2016-11-03 01:42:10,1
0,114.120049,22.541598999999998,2016-11-03 01:42:20,0
4,114.10573600000001,22.553583,2016-11-03 01:42:22,0
3,113.959984,22.556517000000003,2016-11-03 01:42:30,1
0,114.11968200000001,22.540968,2016-11-03 01:42:35,0
4,114.10573600000001,22.553583,2016-11-03 01:42:37,0
2,114.100082,22.543516,2016-11-03 01:42:45,0
3,113.964149,22.557117,2016-11-03 01:42:50,1
4,114.10573600000001,22.553583,2016-11-03 01:42:52,0
0,114.119064,22.540518,2016-11-03 01:42:50,0
2,114.09985400000001,22.54355,2016-11-03 01:43:05,0
0,114.119064,22.540449,2016-11-03 01:43:05,0
4,114.10573600000001,22.553583,2016-11-03 01:43:07,0
3,113.9683,22.557516,2016-11-03 01:43:10,1
2,114.099503,22.543016,2016-11-03 01:43:15,0
0,114.11882,22.540216,2016-11-03 01:43:20,0
4,114.10573600000001,22.553583,2016-11-03 01:43:22,0
2,114.09944899999999,22.5422,2016-11-03 01:43:24,0
3,113.97245,22.556784,2016-11-03 01:43:30,1
0,114.118835,22.54015,2016-11-03 01:43:35,0
4,114.10573600000001,22.553583,2016-11-03 01:43:38,0
2,114.09843400000001,22.540982999999997,2016-11-03 01:43:48,0
3,113.97651699999999,22.556816,2016-11-03 01:43:50,1
0,114.11848400000001,22.540582999999998,2016-11-03 01:43:50,0
4,114.10573600000001,22.553583,2016-11-03 01:43:53,0
2,114.09798400000001,22.541,2016-11-03 01:43:54,0
0,114.11792,22.5413,2016-11-03 01:44:05,0
4,114.10573600000001,22.553583,2016-11-03 01:44:07,0
3,113.980515,22.557751,2016-11-03 01:44:10,1
2,114.096985,22.5411,2016-11-03 01:44:09,0
2,114.096718,22.541082,2016-11-03 01:44:17,0
1,113.888466,22.568216,2016-11-03 01:44:20,0
0,114.116768,22.541117,2016-11-03 01:44:20,0
4,114.10573600000001,22.553583,2016-11-03 01:44:22,0
3,113.984596,22.558598999999997,2016-11-03 01:44:30,1
2,114.096733,22.540382,2016-11-03 01:44:32,0
0,114.11631799999999,22.54105,2016-11-03 01:44:35,0
4,114.10573600000001,22.553583,2016-11-03 01:44:37,0
2,114.09648100000001,22.540233999999998,2016-11-03 01:44:40,0
3,113.988831,22.558884,2016-11-03 01:44:50,1
0,114.11546299999999,22.540867000000002,2016-11-03 01:44:50,0
4,114.10573600000001,22.553583,2016-11-03 01:44:52,0
2,114.09588600000001,22.540216,2016-11-03 01:44:55,0
0,114.11464699999999,22.540867000000002,2016-11-03 01:45:05,0
4,114.10573600000001,22.553583,2016-11-03 01:45:07,0
3,113.992783,22.5574,2016-11-03 01:45:10,1
2,114.095215,22.540117000000002,2016-11-03 01:45:10,0
0,114.113869,22.540701000000002,2016-11-03 01:45:20,0
4,114.10573600000001,22.553583,2016-11-03 01:45:22,0
2,114.09506999999999,22.540233999999998,2016-11-03 01:45:25,0
3,113.996696,22.555834,2016-11-03 01:45:30,1
4,114.10573600000001,22.553583,2016-11-03 01:45:37,0
2,114.09486399999999,22.540968,2016-11-03 01:45:40,0
0,114.113647,22.541468,2016-11-03 01:45:35,0
3,114.00073200000001,22.555733,2016-11-03 01:45:50,1
0,114.11343400000001,22.542,2016-11-03 01:45:50,0
4,114.10573600000001,22.553583,2016-11-03 01:45:52,0
2,114.09468100000001,22.54105,2016-11-03 01:45:55,0
0,114.112183,22.54195,2016-11-03 01:46:05,0
4,114.10573600000001,22.553583,2016-11-03 01:46:07,0
3,114.00486799999999,22.556316,2016-11-03 01:46:10,1
2,114.09478,22.540968,2016-11-03 01:46:10,0
0,114.11166399999999,22.541901,2016-11-03 01:46:20,0
4,114.10573600000001,22.553583,2016-11-03 01:46:23,0
2,114.09416999999999,22.54125,2016-11-03 01:46:25,0
3,114.008835,22.558001,2016-11-03 01:46:30,1
0,114.11166399999999,22.541901,2016-11-03 01:46:35,0
4,114.10573600000001,22.553583,2016-11-03 01:46:38,0
2,114.09263600000001,22.5413,2016-11-03 01:46:40,0
3,114.01291699999999,22.559584,2016-11-03 01:46:50,1
0,114.11098500000001,22.5427,2016-11-03 01:46:50,0
4,114.10573600000001,22.553583,2016-11-03 01:46:53,0
2,114.09185,22.541416,2016-11-03 01:46:55,0
4,114.10573600000001,22.553583,2016-11-03 01:47:08,0
2,114.09121699999999,22.541401,2016-11-03 01:47:10,0
3,114.017334,22.560118,2016-11-03 01:47:10,1
0,114.110703,22.5439,2016-11-03 01:47:05,0
0,114.11013,22.542868,2016-11-03 01:47:20,0
4,114.10573600000001,22.553583,2016-11-03 01:47:23,0
3,114.021629,22.560167,2016-11-03 01:47:30,1
0,114.10990100000001,22.541833999999998,2016-11-03 01:47:35,0
4,114.10573600000001,22.553583,2016-11-03 01:47:38,0
0,114.108299,22.541451000000002,2016-11-03 01:47:50,0
3,114.025749,22.560917,2016-11-03 01:47:50,1
4,114.10573600000001,22.553583,2016-11-03 01:47:53,0
0,114.107018,22.541349,2016-11-03 01:48:05,0
4,114.10573600000001,22.553583,2016-11-03 01:48:08,0
3,114.0299,22.561666,2016-11-03 01:48:10,1
0,114.106949,22.541367,2016-11-03 01:48:20,0
4,114.10573600000001,22.553583,2016-11-03 01:48:23,0
3,114.033798,22.562267000000002,2016-11-03 01:48:30,1
0,114.106949,22.541367,2016-11-03 01:48:35,0
4,114.10573600000001,22.553583,2016-11-03 01:48:38,0
3,114.037132,22.562817000000003,2016-11-03 01:48:50,1
0,114.106949,22.541367,2016-11-03 01:48:50,0
2,114.08612099999999,22.540899,2016-11-03 01:48:52,0
4,114.10573600000001,22.553583,2016-11-03 01:48:53,0
2,114.08568600000001,22.540982999999997,2016-11-03 01:49:01,0
0,114.10648300000001,22.541384,2016-11-03 01:49:05,0
4,114.10573600000001,22.553583,2016-11-03 01:49:08,0
3,114.04036699999999,22.563351,2016-11-03 01:49:10,1
2,114.08466299999999,22.5408,2016-11-03 01:49:16,0
1,113.88849599999999,22.568333,2016-11-03 01:49:20,0
0,114.105186,22.541201,2016-11-03 01:49:20,0
4,114.10573600000001,22.553583,2016-11-03 01:49:23,0
2,114.083748,22.540817,2016-11-03 01:49:31,0
0,114.105286,22.54125,2016-11-03 01:49:35,0
4,114.10573600000001,22.553583,2016-11-03 01:49:38,0
3,114.040985,22.562584,2016-11-03 01:49:30,1
2,114.082649,22.540782999999998,2016-11-03 01:49:46,0
3,114.03958100000001,22.564617000000002,2016-11-03 01:49:50,1
4,114.10573600000001,22.553583,2016-11-03 01:49:53,0
2,114.081848,22.540768,2016-11-03 01:50:01,0
4,114.10573600000001,22.553583,2016-11-03 01:50:08,0
3,114.03973400000001,22.566233,2016-11-03 01:50:10,1
2,114.08188600000001,22.540733,2016-11-03 01:50:09,0
4,114.10573600000001,22.553583,2016-11-03 01:50:23,0
2,114.081802,22.540934,2016-11-03 01:50:24,0
3,114.04245,22.567284,2016-11-03 01:50:30,1
2,114.08053600000001,22.540582999999998,2016-11-03 01:50:39,0
4,114.10573600000001,22.553583,2016-11-03 01:50:38,0
2,114.079819,22.540501000000003,2016-11-03 01:50:47,0
3,114.042953,22.567432,2016-11-03 01:50:50,1
4,114.10573600000001,22.553583,2016-11-03 01:50:53,0
2,114.078979,22.540417,2016-11-03 01:51:02,0
4,114.10573600000001,22.553583,2016-11-03 01:51:08,0
3,114.043282,22.567532999999997,2016-11-03 01:51:10,1
2,114.078934,22.5403,2016-11-03 01:51:17,0
0,114.104897,22.540751,2016-11-03 01:51:18,0
0,114.104897,22.540751,2016-11-03 01:51:21,0
4,114.10573600000001,22.553583,2016-11-03 01:51:23,0
3,114.04436499999998,22.567467,2016-11-03 01:51:30,1
2,114.07781999999999,22.540466000000002,2016-11-03 01:51:32,0
0,114.104897,22.540751,2016-11-03 01:51:32,0
4,114.10573600000001,22.553583,2016-11-03 01:51:38,0
2,114.0765,22.540233999999998,2016-11-03 01:51:47,0
0,114.104897,22.540751,2016-11-03 01:51:47,0
4,114.10573600000001,22.553583,2016-11-03 01:51:53,0
3,114.04643200000001,22.567417000000003,2016-11-03 01:51:50,1
2,114.075447,22.540067999999998,2016-11-03 01:52:02,0
0,114.104897,22.540751,2016-11-03 01:52:02,0
4,114.10573600000001,22.553583,2016-11-03 01:52:08,0
3,114.046631,22.567383,2016-11-03 01:52:10,1
2,114.074265,22.539832999999998,2016-11-03 01:52:17,0
0,114.104897,22.540751,2016-11-03 01:52:17,0
4,114.10573600000001,22.553583,2016-11-03 01:52:23,0
3,114.046631,22.567383,2016-11-03 01:52:30,1
2,114.07338,22.539267000000002,2016-11-03 01:52:32,0
0,114.104836,22.541134,2016-11-03 01:52:32,0
4,114.10573600000001,22.553583,2016-11-03 01:52:38,0
2,114.072121,22.538851,2016-11-03 01:52:47,0
0,114.104836,22.541134,2016-11-03 01:52:47,0
3,114.045731,22.567484,2016-11-03 01:52:50,1
4,114.10573600000001,22.553583,2016-11-03 01:52:53,0
2,114.07222,22.5389,2016-11-03 01:53:02,0
0,114.104897,22.541201,2016-11-03 01:53:02,0
4,114.10573600000001,22.553583,2016-11-03 01:53:08,0
3,114.04513500000002,22.567932,2016-11-03 01:53:10,1
2,114.07098400000001,22.5387,2016-11-03 01:53:17,0
4,114.10573600000001,22.553583,2016-11-03 01:53:23,0
0,114.10553,22.5413,2016-11-03 01:53:22,1
2,114.069801,22.5387,2016-11-03 01:53:25,0
3,114.04506699999999,22.568333,2016-11-03 01:53:26,0
4,114.10573600000001,22.553583,2016-11-03 01:53:38,0
2,114.067497,22.538667999999998,2016-11-03 01:53:40,0
3,114.04506699999999,22.568333,2016-11-03 01:53:46,0
4,114.10573600000001,22.553583,2016-11-03 01:53:53,0
2,114.06523100000001,22.538,2016-11-03 01:53:55,0
3,114.04506699999999,22.568333,2016-11-03 01:54:06,0
4,114.10573600000001,22.553583,2016-11-03 01:54:08,0
2,114.06385,22.537701000000002,2016-11-03 01:54:10,0
2,114.063248,22.537832,2016-11-03 01:54:18,0
1,113.88856499999999,22.568333,2016-11-03 01:54:20,0
4,114.10573600000001,22.553583,2016-11-03 01:54:23,0
3,114.04506699999999,22.568333,2016-11-03 01:54:26,0
2,114.063065,22.538349,2016-11-03 01:54:33,0
4,114.10573600000001,22.553583,2016-11-03 01:54:38,0
3,114.04506699999999,22.568333,2016-11-03 01:54:46,0
2,114.06304899999999,22.538584,2016-11-03 01:54:48,0
4,114.10573600000001,22.553583,2016-11-03 01:54:53,0
2,114.063004,22.53875,2016-11-03 01:55:03,0
3,114.04506699999999,22.568333,2016-11-03 01:55:06,0
4,114.10573600000001,22.553583,2016-11-03 01:55:08,0
2,114.06296499999999,22.537634,2016-11-03 01:55:18,0
0,114.115303,22.546132999999998,2016-11-03 01:55:17,1
0,114.11561599999999,22.546167,2016-11-03 01:55:20,1
4,114.10573600000001,22.553583,2016-11-03 01:55:23,0
3,114.044983,22.567667,2016-11-03 01:55:26,0
2,114.06221799999999,22.537717999999998,2016-11-03 01:55:33,0
4,114.10573600000001,22.553583,2016-11-03 01:55:38,0
2,114.061447,22.537782999999997,2016-11-03 01:55:41,0
0,114.11666899999999,22.546467,2016-11-03 01:55:42,1
3,114.04348,22.567667,2016-11-03 01:55:46,0
0,114.11685200000001,22.546551,2016-11-03 01:55:50,1
4,114.10573600000001,22.553583,2016-11-03 01:55:53,0
2,114.06021899999999,22.537767000000002,2016-11-03 01:55:56,0
3,114.043098,22.567984,2016-11-03 01:56:06,0
0,114.11703500000002,22.5474,2016-11-03 01:56:05,1
4,114.10573600000001,22.553583,2016-11-03 01:56:08,0
2,114.058632,22.537884,2016-11-03 01:56:11,0
0,114.116653,22.548018,2016-11-03 01:56:20,1
4,114.10573600000001,22.553583,2016-11-03 01:56:23,0
3,114.042831,22.568884,2016-11-03 01:56:26,0
2,114.05798300000001,22.537451,2016-11-03 01:56:26,0
0,114.11666899999999,22.547968,2016-11-03 01:56:35,1
4,114.10573600000001,22.553583,2016-11-03 01:56:38,0
2,114.057999,22.537268,2016-11-03 01:56:41,0
3,114.042534,22.56995,2016-11-03 01:56:46,0
0,114.117599,22.548201000000002,2016-11-03 01:56:50,1
4,114.10573600000001,22.553583,2016-11-03 01:56:53,0
2,114.057854,22.537184,2016-11-03 01:56:56,0
0,114.11788200000001,22.548233,2016-11-03 01:57:05,0
3,114.042503,22.570101,2016-11-03 01:57:06,0
4,114.10573600000001,22.553583,2016-11-03 01:57:08,0
2,114.05653400000001,22.537782999999997,2016-11-03 01:57:11,0
2,114.05639599999999,22.537167,2016-11-03 01:57:19,0
0,114.118179,22.5481,2016-11-03 01:57:20,0
4,114.10573600000001,22.553583,2016-11-03 01:57:23,0
3,114.042503,22.570101,2016-11-03 01:57:26,0
2,114.05621299999999,22.537167,2016-11-03 01:57:34,0
0,114.11821699999999,22.54805,2016-11-03 01:57:35,0
4,114.10573600000001,22.553583,2016-11-03 01:57:38,0
3,114.042397,22.570368,2016-11-03 01:57:46,0
2,114.05555,22.537251,2016-11-03 01:57:49,0
0,114.118835,22.547882,2016-11-03 01:57:50,0
4,114.10573600000001,22.553583,2016-11-03 01:57:53,0
2,114.054199,22.537382,2016-11-03 01:58:04,0
0,114.120232,22.547617000000002,2016-11-03 01:58:05,0
4,114.10573600000001,22.553583,2016-11-03 01:58:08,0
3,114.042397,22.570368,2016-11-03 01:58:06,0
0,114.121315,22.5478,2016-11-03 01:58:20,0
2,114.05326799999999,22.537251,2016-11-03 01:58:19,0
4,114.10573600000001,22.553583,2016-11-03 01:58:23,0
3,114.041901,22.570601,2016-11-03 01:58:26,0
2,114.05218500000001,22.537451,2016-11-03 01:58:27,0
0,114.12136799999999,22.547466,2016-11-03 01:58:35,0
4,114.10573600000001,22.553583,2016-11-03 01:58:38,0
2,114.051247,22.5375,2016-11-03 01:58:42,0
3,114.040131,22.569851,2016-11-03 01:58:46,0
0,114.120453,22.547167,2016-11-03 01:58:50,0
4,114.10573600000001,22.553583,2016-11-03 01:58:53,0
2,114.051216,22.537533,2016-11-03 01:58:57,0
0,114.118599,22.5466,2016-11-03 01:59:05,0
3,114.039566,22.571432,2016-11-03 01:59:06,0
4,114.10573600000001,22.553583,2016-11-03 01:59:08,0
2,114.050003,22.538483,2016-11-03 01:59:12,0
1,113.888702,22.56835,2016-11-03 01:59:20,0
0,114.117401,22.546417,2016-11-03 01:59:19,0
4,114.10573600000001,22.553583,2016-11-03 01:59:23,0
3,114.038582,22.572567000000003,2016-11-03 01:59:26,0
2,114.049553,22.537617,2016-11-03 01:59:27,0
0,114.11738600000001,22.5464,2016-11-03 01:59:35,0
4,114.10573600000001,22.553583,2016-11-03 01:59:38,0
2,114.048965,22.537333,2016-11-03 01:59:41,0
3,114.037186,22.571632,2016-11-03 01:59:46,0
0,114.11705,22.546482,2016-11-03 01:59:49,0
4,114.10573600000001,22.553583,2016-11-03 01:59:53,0
2,114.04838600000001,22.5371,2016-11-03 01:59:57,0
0,114.11702,22.546499,2016-11-03 02:00:05,0
3,114.037834,22.570498999999998,2016-11-03 02:00:06,0
4,114.10573600000001,22.553583,2016-11-03 02:00:08,0
2,114.04818,22.537251,2016-11-03 02:00:12,0
0,114.11651599999999,22.546417,2016-11-03 02:00:20,0
4,114.10573600000001,22.553583,2016-11-03 02:00:23,0
3,114.03842900000001,22.569267,2016-11-03 02:00:26,0
2,114.04699699999999,22.53735,2016-11-03 02:00:27,0
0,114.114548,22.545982000000002,2016-11-03 02:00:35,0
2,114.046181,22.537416,2016-11-03 02:00:35,0
4,114.10573600000001,22.553583,2016-11-03 02:00:38,0
3,114.03728500000001,22.568617,2016-11-03 02:00:46,0
0,114.113647,22.545918,2016-11-03 02:00:50,0
2,114.044868,22.537717999999998,2016-11-03 02:00:50,0
4,114.10573600000001,22.553583,2016-11-03 02:00:53,0
0,114.113464,22.546066,2016-11-03 02:01:05,0
2,114.044601,22.539267000000002,2016-11-03 02:01:05,0
3,114.03578200000001,22.568001000000002,2016-11-03 02:01:06,0
4,114.10573600000001,22.553583,2016-11-03 02:01:08,0
0,114.11301399999999,22.54595,2016-11-03 02:01:20,0
4,114.10573600000001,22.553583,2016-11-03 02:01:23,0
2,114.04456299999998,22.540951,2016-11-03 02:01:22,0
3,114.0355,22.567932,2016-11-03 02:01:26,0
2,114.044518,22.541782,2016-11-03 02:01:28,0
0,114.11125200000001,22.545532,2016-11-03 02:01:35,0
4,114.10573600000001,22.553583,2016-11-03 02:01:38,0
3,114.0355,22.567932,2016-11-03 02:01:46,0
2,114.04436499999998,22.544001,2016-11-03 02:01:43,0
0,114.10925300000001,22.5452,2016-11-03 02:01:50,0
2,114.044418,22.545017,2016-11-03 02:01:51,0
4,114.10573600000001,22.553583,2016-11-03 02:01:53,0
0,114.108185,22.545918,2016-11-03 02:02:05,0
3,114.035248,22.56785,2016-11-03 02:02:06,0
2,114.04436499999998,22.547001,2016-11-03 02:02:06,0
4,114.10573600000001,22.553583,2016-11-03 02:02:08,0
2,114.04435,22.548033,2016-11-03 02:02:14,0
4,114.10573600000001,22.553583,2016-11-03 02:02:23,0
1,113.88858,22.568466,2016-11-03 02:02:27,0
3,114.033569,22.566967,2016-11-03 02:02:26,0
2,114.04435,22.549833,2016-11-03 02:02:29,0
1,113.88855,22.568466,2016-11-03 02:02:35,0
2,114.04423500000001,22.550467,2016-11-03 02:02:37,0
4,114.10573600000001,22.553583,2016-11-03 02:02:38,0
3,114.03193700000001,22.567017,2016-11-03 02:02:46,0
1,113.888535,22.568451,2016-11-03 02:02:50,0
2,114.04425,22.550467,2016-11-03 02:02:52,0
4,114.10573600000001,22.553583,2016-11-03 02:02:53,0
1,113.888481,22.568399,2016-11-03 02:03:05,0
3,114.030281,22.567217000000003,2016-11-03 02:03:06,0
2,114.04428100000001,22.550432,2016-11-03 02:03:07,0
4,114.10573600000001,22.553583,2016-11-03 02:03:08,0
1,113.88868000000001,22.56815,2016-11-03 02:03:20,0
4,114.10538500000001,22.55345,2016-11-03 02:13:23,0
3,114.02968600000001,22.566282,2016-11-03 02:13:27,0
4,114.10538500000001,22.55345,2016-11-03 02:13:38,0
3,114.02968600000001,22.566282,2016-11-03 02:13:47,0
4,114.10538500000001,22.55345,2016-11-03 02:13:53,0
3,114.02968600000001,22.566282,2016-11-03 02:14:07,0
4,114.10538500000001,22.55345,2016-11-03 02:14:08,0
4,114.10538500000001,22.55345,2016-11-03 02:14:23,0
3,114.02968600000001,22.566282,2016-11-03 02:14:27,0
4,114.10538500000001,22.55345,2016-11-03 02:14:38,0
3,114.02968600000001,22.566282,2016-11-03 02:14:47,0
4,114.10538500000001,22.55345,2016-11-03 02:14:53,0
0,114.11071799999999,22.538099,2016-11-03 02:14:56,1
0,114.11071799999999,22.538099,2016-11-03 02:14:58,1
3,114.02968600000001,22.566282,2016-11-03 02:15:07,0
4,114.10538500000001,22.55345,2016-11-03 02:15:08,0
0,114.11043500000001,22.538366,2016-11-03 02:15:10,1
4,114.10538500000001,22.55345,2016-11-03 02:15:23,0
3,114.02968600000001,22.566282,2016-11-03 02:15:27,0
1,113.889503,22.559317,2016-11-03 02:15:23,0
0,114.11066399999999,22.537201,2016-11-03 02:15:25,1
4,114.10538500000001,22.55345,2016-11-03 02:15:38,0
0,114.111267,22.535482000000002,2016-11-03 02:15:40,1
3,114.02968600000001,22.566282,2016-11-03 02:15:47,0
4,114.10538500000001,22.55345,2016-11-03 02:15:53,0
0,114.11125200000001,22.53545,2016-11-03 02:15:55,1
3,114.02968600000001,22.566282,2016-11-03 02:16:07,0
4,114.10538500000001,22.55345,2016-11-03 02:16:08,0
0,114.11145,22.534067,2016-11-03 02:16:10,1
2,114.035851,22.551901,2016-11-03 02:16:17,0
4,114.10538500000001,22.55345,2016-11-03 02:16:23,0
0,114.111801,22.531733,2016-11-03 02:16:25,1
3,114.02968600000001,22.566282,2016-11-03 02:16:27,0
4,114.10538500000001,22.55345,2016-11-03 02:16:38,0
0,114.11336499999999,22.531717,2016-11-03 02:16:40,1
3,114.02968600000001,22.566282,2016-11-03 02:16:47,0
4,114.10538500000001,22.55345,2016-11-03 02:16:53,0
0,114.115067,22.532749,2016-11-03 02:16:55,1
3,114.029602,22.564751,2016-11-03 02:17:07,0
4,114.10538500000001,22.55345,2016-11-03 02:17:08,0
0,114.115265,22.534682999999998,2016-11-03 02:17:09,1
4,114.10538500000001,22.55345,2016-11-03 02:17:23,0
0,114.116882,22.5362,2016-11-03 02:17:25,1
3,114.02984599999999,22.56365,2016-11-03 02:17:27,0
4,114.10538500000001,22.55345,2016-11-03 02:17:39,0
0,114.117531,22.536867,2016-11-03 02:17:40,1
3,114.02998400000001,22.563601000000002,2016-11-03 02:17:47,0
4,114.10538500000001,22.55345,2016-11-03 02:17:54,0
0,114.117516,22.536934,2016-11-03 02:17:55,1
3,114.02998400000001,22.563601000000002,2016-11-03 02:18:07,0
0,114.117516,22.536934,2016-11-03 02:18:10,0
4,114.10538500000001,22.55345,2016-11-03 02:18:09,0
4,114.10538500000001,22.55345,2016-11-03 02:18:24,0
0,114.117302,22.537167,2016-11-03 02:18:25,0
3,114.029564,22.565067000000003,2016-11-03 02:18:27,0
4,114.10538500000001,22.55345,2016-11-03 02:18:39,0
0,114.117302,22.537167,2016-11-03 02:18:40,0
3,114.02993000000001,22.566549,2016-11-03 02:18:47,0
4,114.10538500000001,22.55345,2016-11-03 02:18:54,0
0,114.117599,22.537582,2016-11-03 02:18:55,0
3,114.03051799999999,22.567417000000003,2016-11-03 02:19:07,0
4,114.10538500000001,22.55345,2016-11-03 02:19:09,0
0,114.11898000000001,22.538151,2016-11-03 02:19:10,0
4,114.10538500000001,22.55345,2016-11-03 02:19:24,0
3,114.03051799999999,22.567417000000003,2016-11-03 02:19:27,0
0,114.119904,22.538099,2016-11-03 02:19:25,0
4,114.10538500000001,22.55345,2016-11-03 02:19:39,0
0,114.119904,22.538099,2016-11-03 02:19:40,0
3,114.03096799999999,22.567316,2016-11-03 02:19:47,0
4,114.10538500000001,22.55345,2016-11-03 02:19:54,0
0,114.120117,22.538082,2016-11-03 02:19:55,0
3,114.03276799999999,22.566668,2016-11-03 02:20:07,0
4,114.10538500000001,22.55345,2016-11-03 02:20:09,0
0,114.12001799999999,22.538317000000003,2016-11-03 02:20:10,0
1,113.88951899999999,22.559467,2016-11-03 02:20:23,0
4,114.10538500000001,22.55345,2016-11-03 02:20:24,0
0,114.119766,22.538918,2016-11-03 02:20:25,0
3,114.032982,22.564899,2016-11-03 02:20:27,0
4,114.10538500000001,22.55345,2016-11-03 02:20:39,0
0,114.11975100000001,22.53895,2016-11-03 02:20:40,0
3,114.032417,22.564318,2016-11-03 02:20:47,0
4,114.10538500000001,22.55345,2016-11-03 02:20:54,0
0,114.119652,22.539133,2016-11-03 02:20:55,1
3,114.030746,22.563932,2016-11-03 02:21:07,0
4,114.10538500000001,22.55345,2016-11-03 02:21:09,0
0,114.11985,22.538883,2016-11-03 02:21:09,1
2,114.035835,22.551867,2016-11-03 02:21:17,0
4,114.10538500000001,22.55345,2016-11-03 02:21:24,0
3,114.030647,22.5639,2016-11-03 02:21:27,0
0,114.11993400000001,22.538767,2016-11-03 02:21:29,1
3,114.030914,22.564182000000002,2016-11-03 02:21:36,1
4,114.10538500000001,22.55345,2016-11-03 02:21:39,0
0,114.119965,22.538782,2016-11-03 02:21:40,1
4,114.10538500000001,22.55345,2016-11-03 02:21:54,0
0,114.119965,22.538782,2016-11-03 02:21:55,1
3,114.032417,22.564501,2016-11-03 02:21:56,1
0,114.11953000000001,22.539248999999998,2016-11-03 02:22:10,1
4,114.10538500000001,22.55345,2016-11-03 02:22:09,0
3,114.03263100000001,22.564516,2016-11-03 02:22:16,1
4,114.10538500000001,22.55345,2016-11-03 02:22:24,0
0,114.119202,22.539534,2016-11-03 02:22:25,1
3,114.033051,22.564882,2016-11-03 02:22:36,1
4,114.10538500000001,22.55345,2016-11-03 02:22:39,0
0,114.11889599999999,22.539867,2016-11-03 02:22:40,1
4,114.10538500000001,22.55345,2016-11-03 02:22:54,0
3,114.033615,22.566999,2016-11-03 02:22:56,1
0,114.118797,22.54015,2016-11-03 02:22:55,1
4,114.10538500000001,22.55345,2016-11-03 02:23:09,0
0,114.11878200000001,22.540182,2016-11-03 02:23:10,1
3,114.03555300000001,22.5674,2016-11-03 02:23:16,1
4,114.10538500000001,22.55345,2016-11-03 02:23:24,0
0,114.11878200000001,22.540182,2016-11-03 02:23:25,1
3,114.03726999999999,22.565666,2016-11-03 02:23:36,1
4,114.10538500000001,22.55345,2016-11-03 02:23:39,0
0,114.118851,22.540434,2016-11-03 02:23:40,1
4,114.10538500000001,22.55345,2016-11-03 02:23:54,0
3,114.03935200000001,22.564917,2016-11-03 02:23:56,1
0,114.118851,22.540434,2016-11-03 02:23:55,1
4,114.10538500000001,22.55345,2016-11-03 02:24:09,0
0,114.118851,22.540434,2016-11-03 02:24:10,1
3,114.040154,22.562468,2016-11-03 02:24:16,1
4,114.10538500000001,22.55345,2016-11-03 02:24:24,0
0,114.118851,22.540318,2016-11-03 02:24:25,1
4,114.10538500000001,22.55345,2016-11-03 02:24:39,0
3,114.03997,22.563316,2016-11-03 02:24:36,1
0,114.118866,22.540233999999998,2016-11-03 02:24:40,1
4,114.10538500000001,22.55345,2016-11-03 02:24:54,0
3,114.043747,22.564318,2016-11-03 02:24:56,1
0,114.118752,22.540382,2016-11-03 02:24:55,1
4,114.10538500000001,22.55345,2016-11-03 02:25:09,0
0,114.11916399999998,22.540501000000003,2016-11-03 02:25:10,1
3,114.04789699999999,22.565067000000003,2016-11-03 02:25:16,1
1,113.88926699999999,22.5595,2016-11-03 02:25:23,0
4,114.10538500000001,22.55345,2016-11-03 02:25:24,0
0,114.11998,22.540782999999998,2016-11-03 02:25:25,1
4,114.10538500000001,22.55345,2016-11-03 02:25:39,0
0,114.12028500000001,22.541349,2016-11-03 02:25:40,1
3,114.05198700000001,22.56485,2016-11-03 02:25:36,1
4,114.10538500000001,22.55345,2016-11-03 02:25:54,0
0,114.12028500000001,22.541349,2016-11-03 02:25:55,1
3,114.055901,22.565282999999997,2016-11-03 02:25:56,1
4,114.10538500000001,22.55345,2016-11-03 02:26:09,0
0,114.12028500000001,22.541349,2016-11-03 02:26:10,1
3,114.05957,22.566967,2016-11-03 02:26:16,1
2,114.035866,22.551817,2016-11-03 02:26:17,0
4,114.10538500000001,22.55345,2016-11-03 02:26:24,0
2,114.035866,22.551817,2016-11-03 02:26:25,0
0,114.12028500000001,22.541349,2016-11-03 02:26:25,1
3,114.063301,22.568451,2016-11-03 02:26:36,1
4,114.10538500000001,22.55345,2016-11-03 02:26:39,0
0,114.12028500000001,22.541349,2016-11-03 02:26:40,1
4,114.10538500000001,22.55345,2016-11-03 02:26:54,0
0,114.120186,22.541517000000002,2016-11-03 02:26:55,1
3,114.066948,22.568567,2016-11-03 02:26:56,1
4,114.10538500000001,22.55345,2016-11-03 02:27:09,0
0,114.120682,22.542732,2016-11-03 02:27:10,1
3,114.06756599999999,22.565483,2016-11-03 02:27:16,1
4,114.10538500000001,22.55345,2016-11-03 02:27:24,0
0,114.12196399999999,22.544233,2016-11-03 02:27:25,1
4,114.10538500000001,22.55345,2016-11-03 02:27:39,0
3,114.067619,22.561684,2016-11-03 02:27:36,1
0,114.122849,22.5452,2016-11-03 02:27:40,1
4,114.10538500000001,22.55345,2016-11-03 02:27:54,0
0,114.125031,22.54525,2016-11-03 02:27:55,1
3,114.06770300000001,22.559116,2016-11-03 02:27:56,1
4,114.10538500000001,22.55345,2016-11-03 02:28:09,0
0,114.12591599999999,22.545182999999998,2016-11-03 02:28:10,1
3,114.067719,22.558283,2016-11-03 02:28:16,1
4,114.10538500000001,22.55345,2016-11-03 02:28:24,0
0,114.12603,22.54635,2016-11-03 02:28:25,1
3,114.067719,22.558283,2016-11-03 02:28:36,1
4,114.10538500000001,22.55345,2016-11-03 02:28:39,0
0,114.12606799999999,22.547632,2016-11-03 02:28:40,1
4,114.10538500000001,22.55345,2016-11-03 02:28:54,0
0,114.125771,22.549017000000003,2016-11-03 02:28:55,1
3,114.067719,22.558283,2016-11-03 02:28:56,1
4,114.10538500000001,22.55345,2016-11-03 02:29:09,0
0,114.12581599999999,22.550568,2016-11-03 02:29:10,1
3,114.067719,22.558283,2016-11-03 02:29:16,1
2,114.035896,22.551832,2016-11-03 02:29:15,0
2,114.03591899999999,22.551832,2016-11-03 02:29:17,0
2,114.03591899999999,22.551832,2016-11-03 02:29:18,0
4,114.10538500000001,22.55345,2016-11-03 02:29:24,0
2,114.035881,22.551849,2016-11-03 02:29:25,0
0,114.125969,22.552082000000002,2016-11-03 02:29:25,1
3,114.067719,22.558283,2016-11-03 02:29:36,1
4,114.10538500000001,22.55345,2016-11-03 02:29:39,0
2,114.035851,22.551867,2016-11-03 02:29:40,0
4,114.10538500000001,22.55345,2016-11-03 02:29:54,0
3,114.069702,22.558033,2016-11-03 02:29:56,1
2,114.035851,22.551901,2016-11-03 02:29:55,0
4,114.10538500000001,22.55345,2016-11-03 02:30:09,0
2,114.035751,22.551832,2016-11-03 02:30:10,0
1,113.88923600000001,22.559401,2016-11-03 02:30:23,0
4,114.10538500000001,22.55345,2016-11-03 02:30:24,0
2,114.03548400000001,22.551634,2016-11-03 02:30:25,0
2,114.034981,22.551382,2016-11-03 02:30:40,0
4,114.10538500000001,22.55345,2016-11-03 02:30:39,0
4,114.10538500000001,22.55345,2016-11-03 02:30:54,0
2,114.034401,22.550983,2016-11-03 02:30:55,0
3,114.07356999999999,22.558117000000003,2016-11-03 02:30:16,1
3,114.07753000000001,22.558167,2016-11-03 02:30:36,1
3,114.08052099999999,22.558083,2016-11-03 02:30:56,1
1,113.889252,22.559418,2016-11-03 02:31:02,0
1,113.889252,22.559401,2016-11-03 02:31:07,0
4,114.10538500000001,22.55345,2016-11-03 02:31:09,0
0,114.122498,22.556433,2016-11-03 02:31:10,1
2,114.03393600000001,22.551233,2016-11-03 02:31:10,0
0,114.12271899999999,22.5562,2016-11-03 02:31:12,1
3,114.0812,22.557199,2016-11-03 02:31:16,1
2,114.03373,22.552116,2016-11-03 02:31:19,0
1,113.88928200000001,22.559401,2016-11-03 02:31:23,0
0,114.123451,22.555367,2016-11-03 02:31:24,1
4,114.10538500000001,22.55345,2016-11-03 02:31:24,0
2,114.03353100000001,22.553333,2016-11-03 02:31:34,0
3,114.081497,22.5548,2016-11-03 02:31:36,1
1,113.889297,22.559418,2016-11-03 02:31:38,1
4,114.10538500000001,22.55345,2016-11-03 02:31:39,0
0,114.124817,22.554033,2016-11-03 02:31:39,1
2,114.033134,22.55385,2016-11-03 02:31:42,0
1,113.88956499999999,22.559732,2016-11-03 02:31:53,1
0,114.12516799999999,22.553667,2016-11-03 02:31:54,1
4,114.10538500000001,22.55345,2016-11-03 02:31:54,0
3,114.081581,22.553917000000002,2016-11-03 02:31:56,1
2,114.03171499999999,22.555,2016-11-03 02:31:57,0
1,113.889816,22.559998999999998,2016-11-03 02:32:08,1
0,114.12528200000001,22.553383,2016-11-03 02:32:09,1
4,114.10538500000001,22.55345,2016-11-03 02:32:09,0
3,114.08321399999998,22.553949,2016-11-03 02:32:16,1
3,114.083298,22.553883,2016-11-03 02:32:19,0
2,114.02961699999999,22.556433,2016-11-03 02:32:20,0
1,113.89009899999999,22.560266,2016-11-03 02:32:23,1
0,114.12528200000001,22.553383,2016-11-03 02:32:24,1
4,114.10538500000001,22.55345,2016-11-03 02:32:24,0
2,114.02916699999999,22.55685,2016-11-03 02:32:35,0
1,113.890846,22.560867000000002,2016-11-03 02:32:38,1
3,114.083298,22.553883,2016-11-03 02:32:39,0
0,114.125298,22.553066,2016-11-03 02:32:39,1
4,114.10538500000001,22.55345,2016-11-03 02:32:39,0
2,114.02932,22.556667,2016-11-03 02:32:50,0
0,114.125603,22.5525,2016-11-03 02:32:54,1
1,113.891602,22.5616,2016-11-03 02:32:53,1
4,114.10538500000001,22.55345,2016-11-03 02:32:54,0
3,114.083298,22.553883,2016-11-03 02:32:59,0
1,113.89198300000001,22.561317000000003,2016-11-03 02:33:01,1
2,114.029449,22.556583,2016-11-03 02:33:05,0
0,114.12561799999999,22.552366,2016-11-03 02:33:09,1
4,114.10538500000001,22.55345,2016-11-03 02:33:09,0
1,113.892334,22.560984,2016-11-03 02:33:16,1
3,114.083298,22.553883,2016-11-03 02:33:19,0
2,114.029503,22.556517000000003,2016-11-03 02:33:20,0
0,114.125847,22.551901,2016-11-03 02:33:24,1
4,114.10538500000001,22.55345,2016-11-03 02:33:24,0
1,113.892403,22.560949,2016-11-03 02:33:31,1
2,114.02883100000001,22.556601,2016-11-03 02:33:35,0
3,114.083832,22.554832,2016-11-03 02:33:39,0
0,114.126099,22.550751,2016-11-03 02:33:39,1
4,114.10538500000001,22.55345,2016-11-03 02:33:39,0
1,113.89302099999999,22.561199,2016-11-03 02:33:46,1
2,114.027397,22.556217,2016-11-03 02:33:50,0
0,114.12606799999999,22.5502,2016-11-03 02:33:54,1
4,114.10538500000001,22.55345,2016-11-03 02:33:54,0
3,114.08451799999999,22.554817,2016-11-03 02:33:59,0
1,113.89426399999999,22.562517,2016-11-03 02:34:01,1
2,114.025352,22.555849,2016-11-03 02:34:05,0
0,114.126297,22.551367000000003,2016-11-03 02:34:09,1
4,114.10538500000001,22.55345,2016-11-03 02:34:09,0
3,114.08568600000001,22.553818,2016-11-03 02:34:19,0
0,114.126152,22.552334,2016-11-03 02:34:24,1
4,114.10538500000001,22.55345,2016-11-03 02:34:24,0
2,114.02271999999999,22.555616,2016-11-03 02:34:28,0
2,114.022484,22.555634,2016-11-03 02:34:29,0
2,114.02181999999999,22.555668,2016-11-03 02:34:35,0
3,114.086998,22.553368,2016-11-03 02:34:39,0
0,114.12593100000001,22.552633,2016-11-03 02:34:39,1
4,114.10538500000001,22.55345,2016-11-03 02:34:39,0
2,114.020103,22.555651,2016-11-03 02:34:50,0
0,114.12471799999999,22.55405,2016-11-03 02:34:54,1
4,114.10538500000001,22.55345,2016-11-03 02:34:54,0
3,114.08813500000001,22.554501000000002,2016-11-03 02:34:59,0
2,114.01812,22.555532,2016-11-03 02:35:05,0
0,114.123131,22.555733,2016-11-03 02:35:09,1
4,114.10538500000001,22.55345,2016-11-03 02:35:09,0
3,114.089149,22.554234,2016-11-03 02:35:19,0
2,114.016403,22.55545,2016-11-03 02:35:20,0
1,113.89578200000001,22.563433,2016-11-03 02:34:24,1
1,113.895882,22.563368,2016-11-03 02:34:26,1
1,113.896446,22.562932999999997,2016-11-03 02:34:32,1
1,113.8974,22.562317,2016-11-03 02:34:40,1
0,114.12162,22.557516,2016-11-03 02:35:24,1
4,114.10538500000001,22.55345,2016-11-03 02:35:24,0
2,114.015984,22.555483,2016-11-03 02:35:29,0
0,114.120667,22.559134,2016-11-03 02:35:39,1
4,114.10538500000001,22.55345,2016-11-03 02:35:40,0
3,114.090515,22.554182,2016-11-03 02:35:39,0
2,114.015984,22.555483,2016-11-03 02:35:30,0
2,114.016052,22.5555,2016-11-03 02:35:37,0
2,114.016098,22.555517000000002,2016-11-03 02:35:45,0
2,114.01608300000001,22.555517000000002,2016-11-03 02:35:52,0
0,114.11889599999999,22.55905,2016-11-03 02:35:54,1
4,114.10538500000001,22.55345,2016-11-03 02:35:54,0
3,114.090515,22.554182,2016-11-03 02:35:59,0
4,114.10538500000001,22.55345,2016-11-03 02:36:09,0
0,114.116302,22.558901000000002,2016-11-03 02:36:09,1
2,114.016098,22.555517000000002,2016-11-03 02:36:00,0
2,114.01608300000001,22.555517000000002,2016-11-03 02:36:07,0
2,114.016098,22.555517000000002,2016-11-03 02:36:15,0
2,114.016098,22.555517000000002,2016-11-03 02:36:16,0
3,114.090515,22.554182,2016-11-03 02:36:19,0
2,114.016098,22.555517000000002,2016-11-03 02:36:23,0
0,114.113533,22.558916,2016-11-03 02:36:24,1
4,114.10538500000001,22.55345,2016-11-03 02:36:24,0
1,113.908752,22.549801000000002,2016-11-03 02:36:11,1
2,114.015869,22.555483,2016-11-03 02:36:38,0
3,114.090515,22.554182,2016-11-03 02:36:39,0
0,114.11226699999999,22.559816,2016-11-03 02:36:39,1
4,114.10538500000001,22.55345,2016-11-03 02:36:39,0
1,113.908752,22.549801000000002,2016-11-03 02:36:12,1
1,113.909264,22.548367000000002,2016-11-03 02:36:19,1
1,113.909264,22.548367000000002,2016-11-03 02:36:20,1
1,113.90956899999999,22.546316,2016-11-03 02:36:31,1
1,113.90976699999999,22.54505,2016-11-03 02:36:43,1
2,114.01453400000001,22.555532,2016-11-03 02:36:53,0
4,114.10538500000001,22.55345,2016-11-03 02:36:54,0
0,114.11181599999999,22.561934,2016-11-03 02:36:54,1
1,113.90976699999999,22.544849,2016-11-03 02:36:58,1
3,114.090515,22.554182,2016-11-03 02:36:59,0
4,114.10538500000001,22.55345,2016-11-03 02:37:09,0
0,114.11203,22.564132999999998,2016-11-03 02:37:09,1
1,113.90976699999999,22.544849,2016-11-03 02:37:13,1
2,114.01178,22.555483,2016-11-03 02:37:15,0
2,114.01151999999999,22.555483,2016-11-03 02:37:17,0
3,114.090515,22.554182,2016-11-03 02:37:19,0
2,114.01073500000001,22.555483,2016-11-03 02:37:24,0
4,114.10538500000001,22.55345,2016-11-03 02:37:24,0
1,113.91393300000001,22.5436,2016-11-03 02:37:28,1
0,114.11248,22.566566,2016-11-03 02:37:24,1
2,114.009666,22.554268,2016-11-03 02:37:39,0
0,114.11268600000001,22.568666,2016-11-03 02:37:39,1
3,114.090515,22.554182,2016-11-03 02:37:39,0
4,114.10538500000001,22.55345,2016-11-03 02:37:39,0
1,113.915352,22.543249,2016-11-03 02:37:43,1
2,114.009171,22.552933,2016-11-03 02:37:54,0
0,114.11348000000001,22.570517000000002,2016-11-03 02:37:54,1
4,114.10538500000001,22.55345,2016-11-03 02:37:54,0
3,114.090515,22.554182,2016-11-03 02:37:59,0
0,114.113747,22.5721,2016-11-03 02:38:09,1
4,114.10538500000001,22.55345,2016-11-03 02:38:09,0
2,114.00818600000001,22.551533,2016-11-03 02:38:09,0
2,114.00768300000001,22.550832999999997,2016-11-03 02:38:17,0
3,114.090515,22.554182,2016-11-03 02:38:19,0
0,114.113968,22.573784,2016-11-03 02:38:24,1
4,114.10538500000001,22.55345,2016-11-03 02:38:24,0
1,113.915352,22.543249,2016-11-03 02:37:51,1
1,113.915283,22.543318,2016-11-03 02:38:00,1
1,113.915283,22.543318,2016-11-03 02:38:06,1
1,113.915283,22.543318,2016-11-03 02:38:14,1
1,113.915283,22.543318,2016-11-03 02:38:16,1
1,113.915283,22.543318,2016-11-03 02:38:22,1
1,113.915283,22.543318,2016-11-03 02:38:30,1
2,114.006851,22.549717,2016-11-03 02:38:32,0
3,114.09101899999999,22.552834,2016-11-03 02:38:39,0
0,114.114052,22.574432,2016-11-03 02:38:39,1
4,114.10538500000001,22.55345,2016-11-03 02:38:39,0
1,113.915283,22.543318,2016-11-03 02:38:45,1
2,114.006821,22.549583,2016-11-03 02:38:47,0
1,113.915283,22.543318,2016-11-03 02:38:53,1
0,114.11408200000001,22.574432,2016-11-03 02:38:54,1
4,114.10538500000001,22.55345,2016-11-03 02:38:54,0
3,114.09108,22.551983,2016-11-03 02:38:59,0
2,114.00603500000001,22.54895,2016-11-03 02:39:01,0
1,113.92303500000001,22.542883,2016-11-03 02:39:08,1
0,114.11425,22.5756,2016-11-03 02:39:09,1
4,114.10538500000001,22.55345,2016-11-03 02:39:09,0
2,114.00475300000001,22.548082,2016-11-03 02:39:17,0
3,114.09343,22.551817,2016-11-03 02:39:19,0
1,113.92563600000001,22.542351,2016-11-03 02:39:23,1
0,114.11433400000001,22.577284,2016-11-03 02:39:24,1
4,114.10538500000001,22.55345,2016-11-03 02:39:24,0
2,114.003998,22.547434,2016-11-03 02:39:25,0
3,114.09621399999999,22.551916000000002,2016-11-03 02:39:39,0
0,114.113251,22.57715,2016-11-03 02:39:38,1
4,114.10538500000001,22.55345,2016-11-03 02:39:39,0
2,114.00238,22.546948999999998,2016-11-03 02:39:40,0
1,113.926353,22.541468,2016-11-03 02:39:33,1
1,113.926918,22.540867000000002,2016-11-03 02:39:39,1
1,113.927002,22.539633,2016-11-03 02:39:47,1
0,114.111801,22.576732999999997,2016-11-03 02:39:54,1
4,114.10538500000001,22.55345,2016-11-03 02:39:54,0
2,114.000267,22.546917,2016-11-03 02:39:55,0
3,114.09881599999999,22.55195,2016-11-03 02:39:59,0
0,114.10988600000002,22.5767,2016-11-03 02:40:09,1
4,114.10538500000001,22.55345,2016-11-03 02:40:09,0
1,113.92696399999998,22.535334,2016-11-03 02:40:10,1
1,113.92696399999998,22.534917999999998,2016-11-03 02:40:11,1
2,113.998764,22.546782999999998,2016-11-03 02:40:10,0
2,113.998047,22.546667000000003,2016-11-03 02:40:18,0
3,114.09966999999999,22.552,2016-11-03 02:40:19,0
4,114.10538500000001,22.55345,2016-11-03 02:40:24,0
1,113.925598,22.532066,2016-11-03 02:40:25,1
2,113.997482,22.547434,2016-11-03 02:40:33,0
3,114.101547,22.552432999999997,2016-11-03 02:40:39,0
4,114.10538500000001,22.55345,2016-11-03 02:40:39,0
1,113.92446899999999,22.529766,2016-11-03 02:40:39,1
2,113.99733,22.548918,2016-11-03 02:40:48,0
0,114.105453,22.574249,2016-11-03 02:40:39,1
4,114.10538500000001,22.55345,2016-11-03 02:40:54,0
0,114.10338600000001,22.572767000000002,2016-11-03 02:40:54,1
1,113.92411799999999,22.52725,2016-11-03 02:40:55,1
3,114.10271499999999,22.552767000000003,2016-11-03 02:40:59,0
2,113.99707,22.550432,2016-11-03 02:41:03,0
0,114.10112,22.571432,2016-11-03 02:41:08,1
1,113.92381999999999,22.525766,2016-11-03 02:41:10,1
4,114.10538500000001,22.55345,2016-11-03 02:41:09,0
1,113.925102,22.525417,2016-11-03 02:41:18,1
2,113.995834,22.550234,2016-11-03 02:41:18,0
3,114.10306499999999,22.552767000000003,2016-11-03 02:41:19,0
0,114.09826699999999,22.569817,2016-11-03 02:41:24,1
4,114.10538500000001,22.55345,2016-11-03 02:41:24,0
2,113.99528500000001,22.549816,2016-11-03 02:41:25,0
1,113.926651,22.524599,2016-11-03 02:41:33,1
0,114.09601599999999,22.568768,2016-11-03 02:41:39,1
2,113.994881,22.550367,2016-11-03 02:41:40,0
3,114.10306499999999,22.552767000000003,2016-11-03 02:41:39,0
4,114.10538500000001,22.55345,2016-11-03 02:41:39,0
1,113.926369,22.523518,2016-11-03 02:41:48,1
4,114.10538500000001,22.55345,2016-11-03 02:41:54,0
3,114.10306499999999,22.552767000000003,2016-11-03 02:41:59,0
0,114.09326899999999,22.568001000000002,2016-11-03 02:41:54,1
2,113.99498,22.550983,2016-11-03 02:41:56,0
1,113.92628500000001,22.523466,2016-11-03 02:42:03,1
2,113.9944,22.551117,2016-11-03 02:42:04,0
4,114.10538500000001,22.55345,2016-11-03 02:42:09,0
0,114.09048500000002,22.567368,2016-11-03 02:42:09,1
1,113.92613200000001,22.523216,2016-11-03 02:42:11,1
2,113.99286699999999,22.55085,2016-11-03 02:42:19,0
3,114.10223400000001,22.55275,2016-11-03 02:42:19,0
0,114.087349,22.566767000000002,2016-11-03 02:42:24,1
4,114.10538500000001,22.55345,2016-11-03 02:42:24,0
1,113.925903,22.522249,2016-11-03 02:42:26,1
2,113.99241599999999,22.55085,2016-11-03 02:42:33,0
3,114.10223400000001,22.55275,2016-11-03 02:42:39,0
0,114.08573200000001,22.568583,2016-11-03 02:42:39,1
4,114.10538500000001,22.55345,2016-11-03 02:42:39,0
1,113.92566699999999,22.521798999999998,2016-11-03 02:42:41,1
2,113.99248500000002,22.5508,2016-11-03 02:42:49,0
0,114.084099,22.570984,2016-11-03 02:42:54,1
4,114.10538500000001,22.55345,2016-11-03 02:42:54,0
1,113.92523200000001,22.520432999999997,2016-11-03 02:42:55,1
3,114.10223400000001,22.55275,2016-11-03 02:42:59,0
2,113.99241599999999,22.550867,2016-11-03 02:43:04,0
0,114.08176399999999,22.57225,2016-11-03 02:43:09,1
4,114.10538500000001,22.55345,2016-11-03 02:43:09,0
1,113.925316,22.519966,2016-11-03 02:43:11,1
3,114.10223400000001,22.55275,2016-11-03 02:43:19,0
2,113.99248500000002,22.550867,2016-11-03 02:43:19,0
4,114.10538500000001,22.55345,2016-11-03 02:43:24,0
1,113.925453,22.519617,2016-11-03 02:43:26,1
2,113.99248500000002,22.550817000000002,2016-11-03 02:43:34,0
3,114.10223400000001,22.55275,2016-11-03 02:43:39,0
4,114.10538500000001,22.55345,2016-11-03 02:43:39,0
1,113.92631499999999,22.519382,2016-11-03 02:43:41,0
2,113.9925,22.550783,2016-11-03 02:43:49,0
1,113.926331,22.519567000000002,2016-11-03 02:43:50,0
4,114.10538500000001,22.55345,2016-11-03 02:43:54,0
1,113.92627,22.519768,2016-11-03 02:43:57,0
3,114.10223400000001,22.55275,2016-11-03 02:43:59,0
0,114.07891799999999,22.572733,2016-11-03 02:43:24,1
0,114.076218,22.572283,2016-11-03 02:43:39,1
0,114.073448,22.570517000000002,2016-11-03 02:43:54,1
2,113.99247,22.550751,2016-11-03 02:44:04,0
4,114.10538500000001,22.55345,2016-11-03 02:44:09,0
1,113.926147,22.519882,2016-11-03 02:44:12,0
0,114.07078600000001,22.5695,2016-11-03 02:44:09,1
0,114.069084,22.569267,2016-11-03 02:44:17,1
3,114.10223400000001,22.55275,2016-11-03 02:44:19,0
2,113.99248500000002,22.550734,2016-11-03 02:44:19,0
1,113.92613200000001,22.51985,2016-11-03 02:44:20,0
0,114.067398,22.569032999999997,2016-11-03 02:44:24,1
4,114.10538500000001,22.55345,2016-11-03 02:44:24,0
2,113.992531,22.550716,2016-11-03 02:44:34,0
1,113.92618600000002,22.519716,2016-11-03 02:44:35,0
3,114.10223400000001,22.55275,2016-11-03 02:44:39,0
0,114.06448400000001,22.568716000000002,2016-11-03 02:44:39,1
4,114.10538500000001,22.55345,2016-11-03 02:44:39,0
2,113.992516,22.550783,2016-11-03 02:44:49,0
1,113.925453,22.519699,2016-11-03 02:44:50,0
0,114.061264,22.567966000000002,2016-11-03 02:44:54,1
4,114.10538500000001,22.55345,2016-11-03 02:44:54,0
3,114.10223400000001,22.55275,2016-11-03 02:44:57,1
2,113.992554,22.550817000000002,2016-11-03 02:45:04,0
1,113.92489599999999,22.518667,2016-11-03 02:45:05,0
0,114.05883,22.56675,2016-11-03 02:45:09,1
4,114.10436999999999,22.553301,2016-11-03 02:45:09,0
1,113.92489599999999,22.518167000000002,2016-11-03 02:45:13,0
1,113.924881,22.518083999999998,2016-11-03 02:45:15,0
3,114.10046399999999,22.55205,2016-11-03 02:45:17,1
2,113.99282099999999,22.550983,2016-11-03 02:45:19,0
1,113.92465200000001,22.517933,2016-11-03 02:45:21,0
0,114.056068,22.565451,2016-11-03 02:45:24,1
4,114.104118,22.55505,2016-11-03 02:45:24,0
2,113.99416399999998,22.550484,2016-11-03 02:45:34,0
3,114.099686,22.552017000000003,2016-11-03 02:45:37,1
1,113.92321799999999,22.517882999999998,2016-11-03 02:45:36,0
0,114.05326799999999,22.564917,2016-11-03 02:45:39,1
1,113.92244699999999,22.517882999999998,2016-11-03 02:45:45,0
2,113.99427,22.5508,2016-11-03 02:45:49,0
1,113.92233300000001,22.517866,2016-11-03 02:45:51,0
4,114.10421799999999,22.556499,2016-11-03 02:45:39,0
0,114.04989599999999,22.564934,2016-11-03 02:45:54,1
4,114.10414899999999,22.557667000000002,2016-11-03 02:45:54,0
3,114.099686,22.552017000000003,2016-11-03 02:45:57,1
2,113.99448400000001,22.551167,2016-11-03 02:46:05,1
1,113.9216,22.518351000000003,2016-11-03 02:46:06,0
4,114.10414899999999,22.557667000000002,2016-11-03 02:46:09,0
0,114.046982,22.565117,2016-11-03 02:46:09,1
3,114.099434,22.553066,2016-11-03 02:46:17,1
1,113.92076899999999,22.518632999999998,2016-11-03 02:46:21,0
2,113.995148,22.550882,2016-11-03 02:46:20,1
0,114.04377,22.56455,2016-11-03 02:46:24,1
4,114.10414899999999,22.557667000000002,2016-11-03 02:46:24,0
2,113.994965,22.550283,2016-11-03 02:46:27,1
3,114.099434,22.555166,2016-11-03 02:46:37,1
1,113.91991399999999,22.519016,2016-11-03 02:46:36,0
0,114.041031,22.563766,2016-11-03 02:46:39,1
4,114.10414899999999,22.557667000000002,2016-11-03 02:46:39,0
2,113.99591799999999,22.5502,2016-11-03 02:46:43,1
1,113.91954799999999,22.5193,2016-11-03 02:46:44,0
0,114.03788,22.5632,2016-11-03 02:46:54,1
4,114.10414899999999,22.557667000000002,2016-11-03 02:46:54,0
3,114.09938000000001,22.557734,2016-11-03 02:46:57,1
2,113.997032,22.550283,2016-11-03 02:46:58,1
1,113.918167,22.520201,2016-11-03 02:46:59,0
1,113.91756399999998,22.520666000000002,2016-11-03 02:47:07,0
4,114.10426299999999,22.558434,2016-11-03 02:47:09,0
0,114.035149,22.562732999999998,2016-11-03 02:47:09,1
2,113.99731399999999,22.54855,2016-11-03 02:47:13,1
3,114.09938000000001,22.5583,2016-11-03 02:47:17,1
1,113.917282,22.521,2016-11-03 02:47:22,0
0,114.031769,22.562148999999998,2016-11-03 02:47:24,1
4,114.105499,22.55855,2016-11-03 02:47:24,0
2,113.99758100000001,22.546984,2016-11-03 02:47:28,1
3,114.09935,22.560717,2016-11-03 02:47:37,1
1,113.917267,22.521,2016-11-03 02:47:37,0
4,114.106453,22.558067,2016-11-03 02:47:39,0
0,114.028801,22.561666,2016-11-03 02:47:39,1
2,113.997299,22.54615,2016-11-03 02:47:43,1
1,113.916519,22.520582,2016-11-03 02:47:52,0
0,114.02553600000002,22.561083,2016-11-03 02:47:54,1
4,114.107452,22.558867000000003,2016-11-03 02:47:55,0
3,114.099167,22.561398999999998,2016-11-03 02:47:57,1
2,113.99571999999999,22.545182999999998,2016-11-03 02:47:58,1
2,113.99528500000001,22.545532,2016-11-03 02:48:05,1
1,113.915649,22.520432999999997,2016-11-03 02:48:07,0
0,114.02261399999999,22.560499,2016-11-03 02:48:09,1
3,114.099152,22.560066,2016-11-03 02:48:12,0
4,114.107101,22.560417,2016-11-03 02:48:09,0
2,113.993752,22.544968,2016-11-03 02:48:20,1
1,113.91435200000001,22.520599,2016-11-03 02:48:22,0
0,114.019203,22.560232,2016-11-03 02:48:24,1
2,113.992447,22.544666,2016-11-03 02:48:29,1
1,113.913696,22.520817,2016-11-03 02:48:30,0
3,114.099167,22.560033999999998,2016-11-03 02:48:32,0
4,114.106918,22.562166,2016-11-03 02:48:24,0
0,114.016182,22.560266,2016-11-03 02:48:39,1
2,113.99118,22.544132,2016-11-03 02:48:44,1
4,114.10685,22.563217,2016-11-03 02:48:39,0
1,113.913284,22.520884,2016-11-03 02:48:46,0
3,114.099915,22.558398999999998,2016-11-03 02:48:52,0
0,114.01291699999999,22.559767,2016-11-03 02:48:54,1
2,113.98958600000002,22.54425,2016-11-03 02:48:59,1
4,114.106949,22.564783,2016-11-03 02:48:54,0
1,113.91323100000001,22.520866,2016-11-03 02:49:01,1
0,114.010231,22.5588,2016-11-03 02:49:09,1
4,114.10738400000001,22.566151,2016-11-03 02:49:09,0
3,114.10191299999998,22.558367,2016-11-03 02:49:12,0
2,113.987648,22.544617000000002,2016-11-03 02:49:14,1
1,113.91353600000001,22.521732,2016-11-03 02:49:16,1
0,114.00743100000001,22.557582999999997,2016-11-03 02:49:24,1
4,114.107666,22.566784,2016-11-03 02:49:24,0
2,113.986519,22.545033,2016-11-03 02:49:29,1
1,113.91431399999999,22.523283,2016-11-03 02:49:31,1
0,114.005234,22.556618,2016-11-03 02:49:39,1
2,113.98568,22.54575,2016-11-03 02:49:44,1
1,113.91431399999999,22.5233,2016-11-03 02:49:46,1
4,114.10775,22.567733999999998,2016-11-03 02:49:39,0
4,114.107803,22.568916,2016-11-03 02:49:54,0
2,113.98406999999999,22.547117,2016-11-03 02:49:59,1
1,113.914482,22.524401,2016-11-03 02:50:01,1
4,114.10776499999999,22.569317,2016-11-03 02:50:10,0
1,113.914566,22.526167,2016-11-03 02:50:16,1
2,113.981384,22.54925,2016-11-03 02:50:22,1
4,114.10776499999999,22.569317,2016-11-03 02:50:24,0
1,113.91433,22.526899,2016-11-03 02:50:31,1
0,113.999847,22.555866,2016-11-03 02:50:09,1
0,113.99711599999999,22.555918,2016-11-03 02:50:24,1
2,113.97995,22.550117,2016-11-03 02:50:37,1
0,113.995033,22.55645,2016-11-03 02:50:37,1
0,113.99468200000001,22.556618,2016-11-03 02:50:39,1
4,114.10776499999999,22.569317,2016-11-03 02:50:40,0
3,114.103981,22.558367,2016-11-03 02:49:35,0
3,114.10406499999999,22.55615,2016-11-03 02:49:55,0
3,114.10408000000001,22.554001,2016-11-03 02:50:15,0
3,114.10406499999999,22.553248999999997,2016-11-03 02:50:35,0
3,114.10406499999999,22.553248999999997,2016-11-03 02:50:42,0
1,113.912819,22.526367,2016-11-03 02:50:46,1
2,113.980034,22.550051,2016-11-03 02:50:52,1
0,113.991768,22.558001,2016-11-03 02:50:54,1
4,114.10776499999999,22.569317,2016-11-03 02:50:55,0
1,113.91093400000001,22.525984,2016-11-03 02:51:01,1
2,113.980034,22.550051,2016-11-03 02:51:07,1
0,113.98903700000001,22.559151,2016-11-03 02:51:09,1
4,114.10776499999999,22.569317,2016-11-03 02:51:10,0
1,113.909798,22.526367,2016-11-03 02:51:16,1
2,113.980049,22.550034,2016-11-03 02:51:22,1
0,113.98603100000001,22.559834,2016-11-03 02:51:24,1
4,114.10776499999999,22.569317,2016-11-03 02:51:25,0
2,113.97998,22.550082999999997,2016-11-03 02:51:30,1
1,113.91021699999999,22.528334,2016-11-03 02:51:31,1
0,113.983368,22.560568,2016-11-03 02:51:39,1
4,114.10776499999999,22.569317,2016-11-03 02:51:40,0
2,113.97903400000001,22.550501,2016-11-03 02:51:45,1
1,113.910271,22.529966,2016-11-03 02:51:46,1
0,113.98053,22.561382000000002,2016-11-03 02:51:54,1
4,114.10776499999999,22.569317,2016-11-03 02:51:55,0
2,113.97711899999999,22.551582,2016-11-03 02:52:00,1
0,113.97863000000001,22.56205,2016-11-03 02:52:09,1
1,113.91021699999999,22.530767,2016-11-03 02:52:09,1
4,114.10776499999999,22.569317,2016-11-03 02:52:10,0
1,113.91021699999999,22.530767,2016-11-03 02:52:10,1
2,113.97522,22.553182999999997,2016-11-03 02:52:15,1
1,113.910149,22.530732999999998,2016-11-03 02:52:17,1
0,113.97831699999999,22.562166,2016-11-03 02:52:24,1
4,114.10776499999999,22.569317,2016-11-03 02:52:25,0
2,113.974434,22.553818,2016-11-03 02:52:30,1
1,113.910202,22.531,2016-11-03 02:52:32,1
0,113.977531,22.562584,2016-11-03 02:52:39,1
2,113.97446399999998,22.553832999999997,2016-11-03 02:52:45,1
1,113.91033200000001,22.532967000000003,2016-11-03 02:52:47,1
4,114.10776499999999,22.569317,2016-11-03 02:52:40,0
4,114.10776499999999,22.569317,2016-11-03 02:52:55,0
2,113.973747,22.554466,2016-11-03 02:53:00,1
1,113.91037,22.534866,2016-11-03 02:53:02,1
0,113.975182,22.56395,2016-11-03 02:52:54,1
2,113.9729,22.555201,2016-11-03 02:53:08,1
0,113.97301499999999,22.565216,2016-11-03 02:53:09,1
4,114.10776499999999,22.569317,2016-11-03 02:53:10,0
1,113.91037,22.534983,2016-11-03 02:53:17,1
2,113.97108500000002,22.556816,2016-11-03 02:53:23,1
0,113.97238200000001,22.56555,2016-11-03 02:53:24,1
1,113.91037,22.534983,2016-11-03 02:53:25,1
4,114.10776499999999,22.569317,2016-11-03 02:53:25,0
2,113.96943700000001,22.5578,2016-11-03 02:53:38,1
0,113.97238200000001,22.56555,2016-11-03 02:53:39,1
1,113.91037,22.534983,2016-11-03 02:53:40,1
4,114.10776499999999,22.569317,2016-11-03 02:53:40,0
2,113.966698,22.5578,2016-11-03 02:53:53,1
0,113.971352,22.566151,2016-11-03 02:53:54,1
1,113.91037,22.534983,2016-11-03 02:53:55,1
4,114.10776499999999,22.569317,2016-11-03 02:53:55,0
2,113.96383700000001,22.557282999999998,2016-11-03 02:54:08,1
0,113.970169,22.566868,2016-11-03 02:54:09,1
1,113.910347,22.535151000000003,2016-11-03 02:54:10,1
4,114.10776499999999,22.569317,2016-11-03 02:54:10,0
3,114.104019,22.552683,2016-11-03 02:51:05,0
3,114.1035,22.552517,2016-11-03 02:51:14,0
3,114.102402,22.552717,2016-11-03 02:51:37,0
3,114.102402,22.552717,2016-11-03 02:51:45,0
3,114.101997,22.552633,2016-11-03 02:52:08,0
3,114.101997,22.552633,2016-11-03 02:52:16,0
3,114.101997,22.552633,2016-11-03 02:52:39,0
3,114.101997,22.552633,2016-11-03 02:52:46,0
3,114.101997,22.552633,2016-11-03 02:53:09,0
3,114.101997,22.552633,2016-11-03 02:53:16,0
3,114.101997,22.552633,2016-11-03 02:53:39,0
3,114.101997,22.552633,2016-11-03 02:53:51,0
3,114.101997,22.552633,2016-11-03 02:54:14,0
3,114.101997,22.552633,2016-11-03 02:54:22,0
2,113.96048,22.556717000000003,2016-11-03 02:54:23,1
0,113.969353,22.567332999999998,2016-11-03 02:54:24,1
1,113.910271,22.537283,2016-11-03 02:54:25,1
4,114.10776499999999,22.569317,2016-11-03 02:54:25,0
1,113.910248,22.538532,2016-11-03 02:54:33,1
2,113.957497,22.556601,2016-11-03 02:54:38,1
0,113.96727,22.568533,2016-11-03 02:54:39,1
4,114.10776499999999,22.569317,2016-11-03 02:54:40,0
2,113.955734,22.556549,2016-11-03 02:54:45,1
1,113.910271,22.539467000000002,2016-11-03 02:54:48,1
0,113.96446999999999,22.569599,2016-11-03 02:54:54,1
4,114.10776499999999,22.569317,2016-11-03 02:54:55,0
3,114.104019,22.552683,2016-11-03 02:51:05,0
3,114.1035,22.552517,2016-11-03 02:51:14,0
3,114.102402,22.552717,2016-11-03 02:51:37,0
3,114.102402,22.552717,2016-11-03 02:51:45,0
3,114.101997,22.552633,2016-11-03 02:52:08,0
3,114.101997,22.552633,2016-11-03 02:52:16,0
3,114.101997,22.552633,2016-11-03 02:52:39,0
3,114.101997,22.552633,2016-11-03 02:52:46,0
3,114.101997,22.552633,2016-11-03 02:53:09,0
3,114.101997,22.552633,2016-11-03 02:53:16,0
3,114.101997,22.552633,2016-11-03 02:53:39,0
3,114.101997,22.552633,2016-11-03 02:53:51,0
3,114.101997,22.552633,2016-11-03 02:54:14,0
3,114.101997,22.552633,2016-11-03 02:54:22,0
3,114.101997,22.552633,2016-11-03 02:54:45,0
3,114.101997,22.552633,2016-11-03 02:54:55,0
1,113.910301,22.53945,2016-11-03 02:55:03,1
2,113.95273600000002,22.556433,2016-11-03 02:55:00,1
2,113.950668,22.556299,2016-11-03 02:55:09,1
4,114.10776499999999,22.569317,2016-11-03 02:55:10,0
0,113.96201299999998,22.570118,2016-11-03 02:55:09,1
1,113.910271,22.539433,2016-11-03 02:55:18,1
2,113.947701,22.555834,2016-11-03 02:55:24,1
0,113.96056399999999,22.570467,2016-11-03 02:55:24,1
4,114.10776499999999,22.569317,2016-11-03 02:55:25,0
1,113.910133,22.540518,2016-11-03 02:55:33,1
2,113.944252,22.55525,2016-11-03 02:55:39,1
0,113.959236,22.570801,2016-11-03 02:55:39,1
4,114.10776499999999,22.569317,2016-11-03 02:55:40,0
1,113.90995,22.542633,2016-11-03 02:55:48,1
2,113.941399,22.55525,2016-11-03 02:55:54,1
4,114.10776499999999,22.569317,2016-11-03 02:55:55,0
0,113.956635,22.571282999999998,2016-11-03 02:55:54,1
1,113.909851,22.544233,2016-11-03 02:56:03,1
2,113.93823200000001,22.555432999999997,2016-11-03 02:56:09,1
4,114.10776499999999,22.569317,2016-11-03 02:56:10,0
0,113.95565,22.571367000000002,2016-11-03 02:56:09,1
1,113.909981,22.5457,2016-11-03 02:56:18,1
0,113.955467,22.571382999999997,2016-11-03 02:56:24,1
4,114.10776499999999,22.569317,2016-11-03 02:56:25,0
2,113.933769,22.555367,2016-11-03 02:56:32,1
1,113.909752,22.548134,2016-11-03 02:56:33,1
2,113.933319,22.555349,2016-11-03 02:56:33,1
0,113.953751,22.571483999999998,2016-11-03 02:56:39,1
4,114.10776499999999,22.569317,2016-11-03 02:56:40,0
2,113.930351,22.555267,2016-11-03 02:56:47,1
1,113.908546,22.550417000000003,2016-11-03 02:56:48,1
0,113.952003,22.57185,2016-11-03 02:56:54,1
4,114.10776499999999,22.569317,2016-11-03 02:56:55,0
3,114.104019,22.552683,2016-11-03 02:51:05,0
3,114.1035,22.552517,2016-11-03 02:51:14,0
3,114.102402,22.552717,2016-11-03 02:51:37,0
3,114.102402,22.552717,2016-11-03 02:51:45,0
3,114.101997,22.552633,2016-11-03 02:52:08,0
3,114.101997,22.552633,2016-11-03 02:52:16,0
3,114.101997,22.552633,2016-11-03 02:52:39,0
3,114.101997,22.552633,2016-11-03 02:52:46,0
3,114.101997,22.552633,2016-11-03 02:53:09,0
3,114.101997,22.552633,2016-11-03 02:53:16,0
3,114.101997,22.552633,2016-11-03 02:53:39,0
3,114.101997,22.552633,2016-11-03 02:53:51,0
3,114.101997,22.552633,2016-11-03 02:54:14,0
3,114.101997,22.552633,2016-11-03 02:54:22,0
3,114.101997,22.552633,2016-11-03 02:54:45,0
3,114.101997,22.552633,2016-11-03 02:54:55,0
3,114.101997,22.552633,2016-11-03 02:55:18,0
3,114.101997,22.552633,2016-11-03 02:55:27,0
3,114.101997,22.552633,2016-11-03 02:55:50,0
3,114.101997,22.552633,2016-11-03 02:55:58,0
2,113.92765,22.555332,2016-11-03 02:57:02,1
0,113.95131699999999,22.573299,2016-11-03 02:57:09,1
4,114.10776499999999,22.569317,2016-11-03 02:57:10,0
1,113.907967,22.551434,2016-11-03 02:56:56,1
1,113.90720400000001,22.552633,2016-11-03 02:57:05,1
1,113.90668500000001,22.553467,2016-11-03 02:57:11,1
1,113.905914,22.554716,2016-11-03 02:57:19,1
0,113.951149,22.574217,2016-11-03 02:57:24,1
4,114.10776499999999,22.569317,2016-11-03 02:57:25,0
0,113.951149,22.574217,2016-11-03 02:57:39,0
4,114.10776499999999,22.569317,2016-11-03 02:57:40,0
1,113.903152,22.558033,2016-11-03 02:57:43,1
1,113.902367,22.558783,2016-11-03 02:57:49,1
4,114.10776499999999,22.569317,2016-11-03 02:57:55,0
0,113.951149,22.574217,2016-11-03 02:57:54,0
1,113.90123,22.559717000000003,2016-11-03 02:57:57,1
1,113.90091699999999,22.55995,2016-11-03 02:57:59,1
1,113.900002,22.56065,2016-11-03 02:58:05,1
4,114.10776499999999,22.569317,2016-11-03 02:58:10,0
0,113.951149,22.574217,2016-11-03 02:58:09,0
1,113.89765200000001,22.562401,2016-11-03 02:58:20,1
0,113.951149,22.574217,2016-11-03 02:58:24,0
4,114.10776499999999,22.569317,2016-11-03 02:58:25,0
2,113.91901399999999,22.559,2016-11-03 02:58:30,1
1,113.89526399999998,22.564251000000002,2016-11-03 02:58:35,1
2,113.919067,22.559099,2016-11-03 02:58:38,1
4,114.10776499999999,22.569317,2016-11-03 02:58:40,0
0,113.951149,22.574217,2016-11-03 02:58:39,0
1,113.894203,22.565332,2016-11-03 02:58:43,1
4,114.10776499999999,22.569317,2016-11-03 02:58:48,1
2,113.91912099999999,22.559084,2016-11-03 02:58:53,1
0,113.951149,22.574217,2016-11-03 02:58:54,0
4,114.107933,22.570217,2016-11-03 02:59:03,1
1,113.89196799999999,22.5679,2016-11-03 02:59:06,1
3,114.101997,22.552633,2016-11-03 02:52:16,0
3,114.101997,22.552633,2016-11-03 02:52:39,0
3,114.101997,22.552633,2016-11-03 02:52:46,0
3,114.101997,22.552633,2016-11-03 02:53:09,0
3,114.101997,22.552633,2016-11-03 02:53:16,0
3,114.101997,22.552633,2016-11-03 02:53:39,0
3,114.101997,22.552633,2016-11-03 02:53:51,0
3,114.101997,22.552633,2016-11-03 02:54:14,0
3,114.101997,22.552633,2016-11-03 02:54:22,0
3,114.101997,22.552633,2016-11-03 02:54:45,0
3,114.101997,22.552633,2016-11-03 02:54:55,0
3,114.101997,22.552633,2016-11-03 02:55:18,0
3,114.101997,22.552633,2016-11-03 02:55:27,0
3,114.101997,22.552633,2016-11-03 02:55:50,0
3,114.101997,22.552633,2016-11-03 02:55:58,0
3,114.101997,22.552633,2016-11-03 02:56:20,0
3,114.101997,22.552633,2016-11-03 02:56:30,0
3,114.101997,22.552633,2016-11-03 02:56:52,0
3,114.101997,22.552633,2016-11-03 02:56:59,0
3,114.10185200000001,22.552532,2016-11-03 02:57:22,0
2,113.91912099999999,22.559084,2016-11-03 02:59:08,1
3,114.10185200000001,22.552532,2016-11-03 02:57:32,0
0,113.951149,22.574217,2016-11-03 02:59:09,0
1,113.89178500000001,22.568117,2016-11-03 02:59:07,1
4,114.107803,22.571382999999997,2016-11-03 02:59:18,1
2,113.91863300000001,22.559317,2016-11-03 02:59:23,1
0,113.95116399999999,22.573798999999998,2016-11-03 02:59:24,0
2,113.91776999999999,22.559317,2016-11-03 02:59:30,1
1,113.88953400000001,22.57045,2016-11-03 02:59:30,1
4,114.107964,22.572018,2016-11-03 02:59:33,1
1,113.888802,22.571167000000003,2016-11-03 02:59:36,1
3,114.10196699999999,22.552549,2016-11-03 02:59:30,0
3,114.10196699999999,22.552549,2016-11-03 02:59:40,0
0,113.951485,22.572901,2016-11-03 02:59:39,0
2,113.91664899999999,22.559433,2016-11-03 02:59:46,1
4,114.107964,22.572018,2016-11-03 02:59:48,1
1,113.88662,22.5732,2016-11-03 02:59:51,1
2,113.91664899999999,22.559433,2016-11-03 02:59:54,1
0,113.951897,22.571899,2016-11-03 02:59:54,0
4,114.107651,22.573217,2016-11-03 03:00:03,1
1,113.88463600000001,22.574984,2016-11-03 03:00:06,1
0,113.950951,22.571533,2016-11-03 03:00:09,0
2,113.91597,22.559383,2016-11-03 03:00:17,1
2,113.915764,22.559299,2016-11-03 03:00:18,1
4,114.107201,22.574667,2016-11-03 03:00:19,1
1,113.8825,22.576967,2016-11-03 03:00:21,1
0,113.949982,22.570818,2016-11-03 03:00:24,0
2,113.91471899999999,22.559334,2016-11-03 03:00:25,1
4,114.10891699999999,22.575666000000002,2016-11-03 03:00:34,1
1,113.88073,22.578617,2016-11-03 03:00:36,1
2,113.91248300000001,22.559334,2016-11-03 03:00:40,1
0,113.950668,22.569532000000002,2016-11-03 03:00:39,0
3,114.10196699999999,22.552549,2016-11-03 03:00:02,0
3,114.10196699999999,22.552549,2016-11-03 03:00:12,0
3,114.10196699999999,22.552549,2016-11-03 03:00:34,0
3,114.10196699999999,22.552549,2016-11-03 03:00:43,0
1,113.87973000000001,22.579567,2016-11-03 03:00:44,1
2,113.911514,22.559784,2016-11-03 03:00:48,1
4,114.11123700000002,22.576233,2016-11-03 03:00:49,1
0,113.951416,22.5681,2016-11-03 03:00:54,0
1,113.878197,22.581182000000002,2016-11-03 03:00:59,1
2,113.910866,22.560467000000003,2016-11-03 03:01:03,1
4,114.11368600000002,22.5763,2016-11-03 03:01:04,1
0,113.951881,22.566868,2016-11-03 03:01:09,0
3,114.10196699999999,22.552549,2016-11-03 03:01:06,0
3,114.10196699999999,22.552549,2016-11-03 03:01:14,0
1,113.877113,22.582382,2016-11-03 03:01:14,1
2,113.91093400000001,22.560432000000002,2016-11-03 03:01:18,1
4,114.11608100000001,22.576332,2016-11-03 03:01:19,1
0,113.95251499999999,22.5655,2016-11-03 03:01:24,0
1,113.87558,22.583982000000002,2016-11-03 03:01:29,1
2,113.91076699999999,22.5606,2016-11-03 03:01:33,1
4,114.11806499999999,22.576332,2016-11-03 03:01:34,1
1,113.874748,22.584882999999998,2016-11-03 03:01:37,1
2,113.909935,22.561417000000002,2016-11-03 03:01:48,1
4,114.11805,22.575518,2016-11-03 03:01:49,1
0,113.95266699999999,22.5641,2016-11-03 03:01:39,0
1,113.87426799999999,22.585518,2016-11-03 03:01:52,1
0,113.95278200000001,22.563601000000002,2016-11-03 03:01:54,0
2,113.90906499999998,22.562348999999998,2016-11-03 03:02:02,1
4,114.116867,22.57645,2016-11-03 03:02:04,1
1,113.87431299999999,22.585501,2016-11-03 03:02:07,0
0,113.95278200000001,22.563601000000002,2016-11-03 03:02:09,0
2,113.909599,22.563116,2016-11-03 03:02:18,1
4,114.11573,22.578716,2016-11-03 03:02:19,1
1,113.87433600000001,22.585518,2016-11-03 03:02:22,0
0,113.95278200000001,22.562567,2016-11-03 03:02:24,0
4,114.114815,22.581066,2016-11-03 03:02:33,1
4,114.11498300000001,22.582067000000002,2016-11-03 03:02:49,1
4,114.116417,22.582216,2016-11-03 03:03:04,1
4,114.117302,22.582968,2016-11-03 03:03:19,1
4,114.116432,22.584633,2016-11-03 03:03:33,1
1,113.874031,22.586267000000003,2016-11-03 03:02:45,0
0,113.95261399999998,22.558817,2016-11-03 03:02:54,0
2,113.90995,22.563682999999997,2016-11-03 03:02:56,0
1,113.87455,22.587084,2016-11-03 03:03:00,0
4,114.11563100000001,22.5853,2016-11-03 03:03:48,1
0,113.952698,22.556917000000002,2016-11-03 03:03:09,0
2,113.909897,22.5637,2016-11-03 03:03:11,0
1,113.874748,22.587017000000003,2016-11-03 03:03:15,0
1,113.87491599999998,22.586849,2016-11-03 03:03:23,0
0,113.95283500000001,22.554716,2016-11-03 03:03:24,0
2,113.90983600000001,22.563717,2016-11-03 03:03:26,0
1,113.87498500000001,22.586767000000002,2016-11-03 03:03:38,0
0,113.953049,22.552933,2016-11-03 03:03:39,0
2,113.909821,22.563732,2016-11-03 03:03:41,0
0,113.95373500000001,22.550716,2016-11-03 03:03:54,0
2,113.909897,22.563717,2016-11-03 03:03:56,0
1,113.87505300000001,22.586717999999998,2016-11-03 03:04:01,0
2,113.909866,22.563766,2016-11-03 03:04:19,0
0,113.95433,22.546682,2016-11-03 03:04:24,0
1,113.875069,22.586817,2016-11-03 03:04:31,0
4,114.115715,22.585667,2016-11-03 03:04:04,1
0,113.95401799999999,22.54505,2016-11-03 03:04:39,0
2,113.909851,22.563784,2016-11-03 03:04:57,0
2,113.90983600000001,22.563801,2016-11-03 03:04:58,0
4,114.116302,22.585751000000002,2016-11-03 03:04:28,0
1,113.875069,22.586717999999998,2016-11-03 03:05:01,0
2,113.90983600000001,22.563748999999998,2016-11-03 03:05:12,0
4,114.116302,22.585751000000002,2016-11-03 03:04:43,0
0,113.953148,22.542101000000002,2016-11-03 03:05:09,0
0,113.95369699999999,22.543182,2016-11-03 03:05:24,0
2,113.90988200000001,22.563732,2016-11-03 03:05:27,0
4,114.116302,22.585751000000002,2016-11-03 03:04:58,0
1,113.875099,22.586733,2016-11-03 03:05:31,0
2,113.909966,22.5637,2016-11-03 03:05:42,0
4,114.115852,22.585649,2016-11-03 03:05:14,0
1,113.87541999999999,22.586482999999998,2016-11-03 03:05:46,0
1,113.875504,22.586433,2016-11-03 03:05:54,0
4,114.115349,22.585716,2016-11-03 03:05:28,0
2,113.909851,22.563748999999998,2016-11-03 03:05:57,0
4,114.11483,22.58605,2016-11-03 03:05:44,0
1,113.875519,22.586433,2016-11-03 03:06:09,0
2,113.909821,22.563784,2016-11-03 03:06:12,0
4,114.113297,22.585033,2016-11-03 03:06:13,0
2,113.909782,22.563748999999998,2016-11-03 03:06:20,0
1,113.875702,22.5863,2016-11-03 03:06:24,0
4,114.11268600000001,22.584633,2016-11-03 03:06:28,0
2,113.90988200000001,22.563382999999998,2016-11-03 03:06:35,0
1,113.876534,22.586918,2016-11-03 03:06:39,0
4,114.11268600000001,22.584633,2016-11-03 03:06:43,0
2,113.90918,22.56275,2016-11-03 03:06:50,0
1,113.877449,22.587584,2016-11-03 03:06:54,0
4,114.112167,22.584332999999997,2016-11-03 03:06:58,0
3,114.10196699999999,22.552549,2016-11-03 03:07:04,0
2,113.908852,22.562332,2016-11-03 03:07:05,0
0,113.96682,22.540449,2016-11-03 03:07:07,0
1,113.877953,22.587882999999998,2016-11-03 03:07:09,0
0,113.967049,22.540367,2016-11-03 03:07:10,0
4,114.111832,22.584882999999998,2016-11-03 03:07:13,0
2,113.90956899999999,22.561583,2016-11-03 03:07:20,0
0,113.968636,22.539832999999998,2016-11-03 03:07:21,0
1,113.878716,22.587151000000002,2016-11-03 03:07:24,0
4,114.11177099999999,22.585234,2016-11-03 03:07:29,0
2,113.910431,22.560717,2016-11-03 03:07:35,0
0,113.969971,22.539351,2016-11-03 03:07:36,0
1,113.88013500000001,22.585732999999998,2016-11-03 03:07:39,0
4,114.11177099999999,22.585234,2016-11-03 03:07:44,0
2,113.91138500000001,22.559717000000003,2016-11-03 03:07:50,0
0,113.97088600000001,22.538982,2016-11-03 03:07:51,0
1,113.88091999999999,22.584732000000002,2016-11-03 03:07:54,0
3,114.10196699999999,22.552549,2016-11-03 03:01:37,0
3,114.10196699999999,22.552549,2016-11-03 03:01:46,0
3,114.10196699999999,22.552549,2016-11-03 03:02:09,0
3,114.10196699999999,22.552549,2016-11-03 03:02:16,0
3,114.10196699999999,22.552549,2016-11-03 03:02:39,0
3,114.10196699999999,22.552549,2016-11-03 03:02:49,0
3,114.10196699999999,22.552549,2016-11-03 03:03:11,0
3,114.10196699999999,22.552549,2016-11-03 03:03:20,0
3,114.10196699999999,22.552549,2016-11-03 03:03:42,0
3,114.10196699999999,22.552549,2016-11-03 03:03:50,0
3,114.10196699999999,22.552549,2016-11-03 03:04:13,0
3,114.10196699999999,22.552549,2016-11-03 03:04:21,0
3,114.10196699999999,22.552549,2016-11-03 03:04:43,0
3,114.10196699999999,22.552549,2016-11-03 03:04:50,0
3,114.10196699999999,22.552549,2016-11-03 03:05:12,0
3,114.10196699999999,22.552549,2016-11-03 03:05:21,0
3,114.10196699999999,22.552549,2016-11-03 03:05:44,0
3,114.10196699999999,22.552549,2016-11-03 03:05:53,0
3,114.10196699999999,22.552549,2016-11-03 03:06:15,0
3,114.10196699999999,22.552549,2016-11-03 03:06:24,0
4,114.11273200000001,22.584749,2016-11-03 03:07:58,0
2,113.91273500000001,22.559151,2016-11-03 03:08:05,0
0,113.970901,22.538982,2016-11-03 03:08:06,0
1,113.88121799999999,22.584482,2016-11-03 03:08:09,0
4,114.114052,22.582617000000003,2016-11-03 03:08:14,0
2,113.914452,22.559134,2016-11-03 03:08:20,0
0,113.971581,22.538732999999997,2016-11-03 03:08:21,0
1,113.88186599999999,22.584967000000002,2016-11-03 03:08:24,0
2,113.915352,22.559151,2016-11-03 03:08:28,0
4,114.11471599999999,22.580299,2016-11-03 03:08:29,0
0,113.97287,22.538267,2016-11-03 03:08:36,0
1,113.883301,22.586082,2016-11-03 03:08:39,0
2,113.916397,22.559168,2016-11-03 03:08:43,0
4,114.115601,22.578568,2016-11-03 03:08:44,0
1,113.883766,22.586482999999998,2016-11-03 03:08:47,0
0,113.974884,22.537317,2016-11-03 03:08:51,0
2,113.91642,22.559116,2016-11-03 03:08:58,0
4,114.11681399999999,22.57625,2016-11-03 03:08:59,0
3,114.10196699999999,22.552549,2016-11-03 03:02:16,0
3,114.10196699999999,22.552549,2016-11-03 03:02:39,0
3,114.10196699999999,22.552549,2016-11-03 03:02:49,0
3,114.10196699999999,22.552549,2016-11-03 03:03:11,0
3,114.10196699999999,22.552549,2016-11-03 03:03:20,0
3,114.10196699999999,22.552549,2016-11-03 03:03:42,0
3,114.10196699999999,22.552549,2016-11-03 03:03:50,0
3,114.10196699999999,22.552549,2016-11-03 03:04:13,0
3,114.10196699999999,22.552549,2016-11-03 03:04:21,0
3,114.10196699999999,22.552549,2016-11-03 03:04:43,0
3,114.10196699999999,22.552549,2016-11-03 03:04:50,0
3,114.10196699999999,22.552549,2016-11-03 03:05:12,0
3,114.10196699999999,22.552549,2016-11-03 03:05:21,0
3,114.10196699999999,22.552549,2016-11-03 03:05:44,0
3,114.10196699999999,22.552549,2016-11-03 03:05:53,0
3,114.10196699999999,22.552549,2016-11-03 03:06:15,0
3,114.10196699999999,22.552549,2016-11-03 03:06:24,0
3,114.10196699999999,22.552549,2016-11-03 03:06:47,0
3,114.10196699999999,22.552549,2016-11-03 03:06:56,0
3,114.10196699999999,22.552549,2016-11-03 03:07:19,0
1,113.884003,22.58675,2016-11-03 03:09:02,0
0,113.976669,22.536501,2016-11-03 03:09:06,0
2,113.916481,22.559,2016-11-03 03:09:13,0
1,113.88408700000001,22.586767000000002,2016-11-03 03:09:17,0
4,114.11776699999999,22.573767,2016-11-03 03:09:13,0
0,113.978897,22.536182,2016-11-03 03:09:21,0
2,113.91653400000001,22.559032000000002,2016-11-03 03:09:28,0
4,114.117699,22.571051,2016-11-03 03:09:29,0
1,113.88408700000001,22.586782,2016-11-03 03:09:32,0
0,113.980698,22.536167000000003,2016-11-03 03:09:36,0
2,113.91745,22.559168,2016-11-03 03:09:43,0
4,114.117752,22.568518,2016-11-03 03:09:43,0
1,113.884216,22.58695,2016-11-03 03:09:47,0
2,113.91806799999999,22.559217,2016-11-03 03:09:51,0
0,113.981697,22.536133,2016-11-03 03:09:51,0
4,114.117966,22.566,2016-11-03 03:09:59,0
1,113.884979,22.58745,2016-11-03 03:10:02,0
2,113.918884,22.558683,2016-11-03 03:10:06,0
0,113.983101,22.536082999999998,2016-11-03 03:10:06,0
4,114.11828600000001,22.564684,2016-11-03 03:10:13,0
1,113.88546799999999,22.58765,2016-11-03 03:10:17,0
0,113.98555,22.536051,2016-11-03 03:10:21,0
4,114.11871299999999,22.562599,2016-11-03 03:10:29,0
1,113.885696,22.587799,2016-11-03 03:10:33,0
2,113.918419,22.556566,2016-11-03 03:10:28,0
2,113.91838100000001,22.556368,2016-11-03 03:10:30,0
0,113.98798400000001,22.53595,2016-11-03 03:10:36,0
2,113.918297,22.555668,2016-11-03 03:10:37,0
4,114.11945300000001,22.560333,2016-11-03 03:10:44,0
0,113.990715,22.535267,2016-11-03 03:10:51,0
2,113.918297,22.553832999999997,2016-11-03 03:10:52,0
4,114.120102,22.558384,2016-11-03 03:10:59,0
0,113.993164,22.5347,2016-11-03 03:11:06,0
2,113.918503,22.553832999999997,2016-11-03 03:11:07,0
4,114.122101,22.556767,2016-11-03 03:11:14,0
0,113.99603300000001,22.534616,2016-11-03 03:11:21,0
2,113.918503,22.555149,2016-11-03 03:11:22,0
4,114.123581,22.555067,2016-11-03 03:11:28,0
2,113.919868,22.555267,2016-11-03 03:11:37,0
0,113.998314,22.534901,2016-11-03 03:11:36,0
3,114.10196699999999,22.552549,2016-11-03 03:04:50,0
3,114.10196699999999,22.552549,2016-11-03 03:05:12,0
3,114.10196699999999,22.552549,2016-11-03 03:05:21,0
3,114.10196699999999,22.552549,2016-11-03 03:05:44,0
3,114.10196699999999,22.552549,2016-11-03 03:05:53,0
3,114.10196699999999,22.552549,2016-11-03 03:06:15,0
3,114.10196699999999,22.552549,2016-11-03 03:06:24,0
3,114.10196699999999,22.552549,2016-11-03 03:06:47,0
3,114.10196699999999,22.552549,2016-11-03 03:06:56,0
3,114.10196699999999,22.552549,2016-11-03 03:07:19,0
3,114.10196699999999,22.552549,2016-11-03 03:07:28,0
3,114.10196699999999,22.552549,2016-11-03 03:07:50,0
3,114.10196699999999,22.552549,2016-11-03 03:07:58,0
3,114.10196699999999,22.552549,2016-11-03 03:08:21,0
3,114.10196699999999,22.552549,2016-11-03 03:08:31,0
3,114.10196699999999,22.552549,2016-11-03 03:08:53,0
3,114.10196699999999,22.552549,2016-11-03 03:09:02,0
3,114.10196699999999,22.552549,2016-11-03 03:09:25,0
3,114.10196699999999,22.552549,2016-11-03 03:09:35,0
3,114.10196699999999,22.552549,2016-11-03 03:09:58,0
4,114.123581,22.555067,2016-11-03 03:11:44,0
4,114.123802,22.554783,2016-11-03 03:11:48,1
2,113.92083000000001,22.555183,2016-11-03 03:11:45,0
0,114.00028200000001,22.535232999999998,2016-11-03 03:11:51,0
2,113.92263,22.555082000000002,2016-11-03 03:12:00,0
4,114.125,22.553516000000002,2016-11-03 03:12:03,1
0,114.002518,22.535683,2016-11-03 03:12:06,0
2,113.92298100000001,22.554482999999998,2016-11-03 03:12:15,0
0,114.00293,22.535749,2016-11-03 03:12:21,0
4,114.125771,22.552,2016-11-03 03:12:18,1
2,113.92296599999999,22.55315,2016-11-03 03:12:30,0
4,114.125748,22.550182,2016-11-03 03:12:33,1
0,114.00293,22.535749,2016-11-03 03:12:36,0
2,113.92318,22.551968,2016-11-03 03:12:45,0
4,114.12546499999999,22.549298999999998,2016-11-03 03:12:48,1
0,114.00293,22.535749,2016-11-03 03:12:51,0
2,113.923119,22.551733,2016-11-03 03:12:53,0
4,114.1241,22.548883,2016-11-03 03:13:03,1
0,114.00293,22.535749,2016-11-03 03:13:06,0
2,113.92326399999999,22.551533,2016-11-03 03:13:08,0
4,114.12291699999999,22.548384,2016-11-03 03:13:18,1
3,114.10196699999999,22.552549,2016-11-03 03:06:24,0
3,114.10196699999999,22.552549,2016-11-03 03:06:47,0
3,114.10196699999999,22.552549,2016-11-03 03:06:56,0
3,114.10196699999999,22.552549,2016-11-03 03:07:19,0
3,114.10196699999999,22.552549,2016-11-03 03:07:28,0
3,114.10196699999999,22.552549,2016-11-03 03:07:50,0
3,114.10196699999999,22.552549,2016-11-03 03:07:58,0
3,114.10196699999999,22.552549,2016-11-03 03:08:21,0
3,114.10196699999999,22.552549,2016-11-03 03:08:31,0
3,114.10196699999999,22.552549,2016-11-03 03:08:53,0
3,114.10196699999999,22.552549,2016-11-03 03:09:02,0
3,114.10196699999999,22.552549,2016-11-03 03:09:25,0
3,114.10196699999999,22.552549,2016-11-03 03:09:35,0
3,114.10196699999999,22.552549,2016-11-03 03:09:58,0
3,114.10196699999999,22.552549,2016-11-03 03:10:07,0
3,114.10196699999999,22.552549,2016-11-03 03:10:30,0
3,114.10196699999999,22.552549,2016-11-03 03:10:38,0
3,114.10196699999999,22.552549,2016-11-03 03:11:01,0
3,114.10196699999999,22.552549,2016-11-03 03:11:09,0
3,114.10196699999999,22.552549,2016-11-03 03:11:32,0
0,114.003754,22.5359,2016-11-03 03:13:21,0
2,113.923065,22.5515,2016-11-03 03:13:23,0
1,113.88576499999999,22.58765,2016-11-03 03:13:31,0
1,113.88578000000001,22.58765,2016-11-03 03:13:33,0
4,114.122948,22.547567,2016-11-03 03:13:33,1
0,114.005501,22.536118,2016-11-03 03:13:36,0
2,113.922997,22.550568,2016-11-03 03:13:38,0
2,113.923065,22.549982,2016-11-03 03:13:46,0
4,114.12103300000001,22.547268,2016-11-03 03:13:48,1
0,114.007851,22.536516,2016-11-03 03:13:51,0
3,114.10196699999999,22.552549,2016-11-03 03:06:56,0
3,114.10196699999999,22.552549,2016-11-03 03:07:19,0
3,114.10196699999999,22.552549,2016-11-03 03:07:28,0
3,114.10196699999999,22.552549,2016-11-03 03:07:50,0
3,114.10196699999999,22.552549,2016-11-03 03:07:58,0
3,114.10196699999999,22.552549,2016-11-03 03:08:21,0
3,114.10196699999999,22.552549,2016-11-03 03:08:31,0
3,114.10196699999999,22.552549,2016-11-03 03:08:53,0
3,114.10196699999999,22.552549,2016-11-03 03:09:02,0
3,114.10196699999999,22.552549,2016-11-03 03:09:25,0
3,114.10196699999999,22.552549,2016-11-03 03:09:35,0
3,114.10196699999999,22.552549,2016-11-03 03:09:58,0
3,114.10196699999999,22.552549,2016-11-03 03:10:07,0
3,114.10196699999999,22.552549,2016-11-03 03:10:30,0
3,114.10196699999999,22.552549,2016-11-03 03:10:38,0
3,114.10196699999999,22.552549,2016-11-03 03:11:01,0
3,114.10196699999999,22.552549,2016-11-03 03:11:09,0
3,114.10196699999999,22.552549,2016-11-03 03:11:32,0
3,114.10196699999999,22.552549,2016-11-03 03:11:41,0
3,114.10196699999999,22.552549,2016-11-03 03:12:03,0
2,113.92305,22.548983,2016-11-03 03:14:01,0
4,114.118553,22.54685,2016-11-03 03:14:03,1
0,114.009804,22.536832999999998,2016-11-03 03:14:06,0
2,113.922836,22.547417000000003,2016-11-03 03:14:16,0
4,114.117249,22.5466,2016-11-03 03:14:18,1
0,114.01231399999999,22.537232999999997,2016-11-03 03:14:21,0
2,113.922531,22.545967,2016-11-03 03:14:31,0
4,114.117249,22.5466,2016-11-03 03:14:33,1
0,114.01426699999999,22.537567000000003,2016-11-03 03:14:36,0
2,113.922432,22.54525,2016-11-03 03:14:39,0
4,114.117249,22.5466,2016-11-03 03:14:48,1
0,114.01563300000001,22.537767000000002,2016-11-03 03:14:51,0
4,114.115517,22.546301,2016-11-03 03:15:03,1
2,113.92238600000002,22.542883,2016-11-03 03:15:02,0
2,113.92236299999999,22.542784,2016-11-03 03:15:04,0
0,114.017067,22.538099,2016-11-03 03:15:06,0
2,113.92236299999999,22.542784,2016-11-03 03:15:10,0
4,114.113197,22.545967,2016-11-03 03:15:18,1
0,114.018753,22.538383,2016-11-03 03:15:21,0
3,114.10196699999999,22.552549,2016-11-03 03:08:31,0
3,114.10196699999999,22.552549,2016-11-03 03:08:53,0
3,114.10196699999999,22.552549,2016-11-03 03:09:02,0
3,114.10196699999999,22.552549,2016-11-03 03:09:25,0
3,114.10196699999999,22.552549,2016-11-03 03:09:35,0
3,114.10196699999999,22.552549,2016-11-03 03:09:58,0
3,114.10196699999999,22.552549,2016-11-03 03:10:07,0
3,114.10196699999999,22.552549,2016-11-03 03:10:30,0
3,114.10196699999999,22.552549,2016-11-03 03:10:38,0
3,114.10196699999999,22.552549,2016-11-03 03:11:01,0
3,114.10196699999999,22.552549,2016-11-03 03:11:09,0
3,114.10196699999999,22.552549,2016-11-03 03:11:32,0
3,114.10196699999999,22.552549,2016-11-03 03:11:41,0
3,114.10196699999999,22.552549,2016-11-03 03:12:03,0
3,114.10196699999999,22.552549,2016-11-03 03:12:18,0
3,114.10196699999999,22.552549,2016-11-03 03:12:41,0
3,114.10196699999999,22.552549,2016-11-03 03:12:48,0
3,114.10196699999999,22.552549,2016-11-03 03:13:11,0
3,114.10196699999999,22.552549,2016-11-03 03:13:21,0
3,114.101868,22.552298999999998,2016-11-03 03:13:44,0
4,114.110451,22.545517,2016-11-03 03:15:33,1
4,114.10756699999999,22.545017,2016-11-03 03:15:48,1
0,114.019348,22.5362,2016-11-03 03:15:52,0
4,114.10495,22.544518,2016-11-03 03:16:03,1
0,114.020164,22.536182,2016-11-03 03:16:07,0
2,113.922279,22.540167,2016-11-03 03:15:33,0
2,113.92231799999999,22.540001,2016-11-03 03:15:35,0
2,113.922432,22.5394,2016-11-03 03:15:41,0
2,113.92238600000002,22.538918,2016-11-03 03:15:49,0
2,113.922302,22.538851,2016-11-03 03:15:50,0
2,113.92123400000001,22.538868,2016-11-03 03:16:07,0
2,113.9207,22.538767,2016-11-03 03:16:12,0
2,113.92048600000001,22.538782,2016-11-03 03:16:15,0
2,113.91993000000001,22.538782,2016-11-03 03:16:20,0
0,114.021065,22.53635,2016-11-03 03:16:22,0
4,114.102135,22.543917,2016-11-03 03:16:18,1
4,114.09996799999999,22.543617,2016-11-03 03:16:33,1
2,113.91968500000002,22.538851,2016-11-03 03:16:35,0
0,114.02201799999999,22.536432,2016-11-03 03:16:37,0
4,114.099434,22.5436,2016-11-03 03:16:48,1
2,113.919601,22.538851,2016-11-03 03:16:50,0
0,114.02283500000001,22.536617,2016-11-03 03:16:52,0
4,114.09697,22.54355,2016-11-03 03:17:03,1
2,113.91963200000001,22.538851,2016-11-03 03:17:05,0
0,114.023651,22.536699,2016-11-03 03:17:07,0
4,114.094017,22.543484,2016-11-03 03:17:18,1
2,113.91974599999999,22.538816,2016-11-03 03:17:20,0
0,114.024651,22.536867,2016-11-03 03:17:22,0
3,114.10196699999999,22.552549,2016-11-03 03:11:01,0
3,114.10196699999999,22.552549,2016-11-03 03:11:09,0
3,114.10196699999999,22.552549,2016-11-03 03:11:32,0
3,114.10196699999999,22.552549,2016-11-03 03:11:41,0
3,114.10196699999999,22.552549,2016-11-03 03:12:03,0
3,114.10196699999999,22.552549,2016-11-03 03:12:18,0
3,114.10196699999999,22.552549,2016-11-03 03:12:41,0
3,114.10196699999999,22.552549,2016-11-03 03:12:48,0
3,114.10196699999999,22.552549,2016-11-03 03:13:11,0
3,114.10196699999999,22.552549,2016-11-03 03:13:21,0
3,114.101868,22.552298999999998,2016-11-03 03:13:44,0
3,114.101868,22.552298999999998,2016-11-03 03:13:55,0
3,114.101868,22.552298999999998,2016-11-03 03:14:18,0
3,114.101868,22.552298999999998,2016-11-03 03:14:27,0
3,114.101868,22.552298999999998,2016-11-03 03:14:49,0
3,114.101868,22.552298999999998,2016-11-03 03:14:57,0
3,114.101868,22.552298999999998,2016-11-03 03:15:20,0
3,114.101868,22.552298999999998,2016-11-03 03:15:26,0
3,114.101868,22.552298999999998,2016-11-03 03:15:49,0
3,114.101868,22.552298999999998,2016-11-03 03:16:01,0
4,114.091049,22.5434,2016-11-03 03:17:33,1
2,113.91958600000001,22.538349,2016-11-03 03:17:35,0
0,114.02565,22.537067,2016-11-03 03:17:37,0
2,113.91967,22.537767000000002,2016-11-03 03:17:43,0
0,114.02597,22.537251,2016-11-03 03:17:52,0
2,113.919266,22.537518,2016-11-03 03:17:58,0
3,114.10196699999999,22.552549,2016-11-03 03:11:32,0
3,114.10196699999999,22.552549,2016-11-03 03:11:41,0
3,114.10196699999999,22.552549,2016-11-03 03:12:03,0
3,114.10196699999999,22.552549,2016-11-03 03:12:18,0
3,114.10196699999999,22.552549,2016-11-03 03:12:41,0
3,114.10196699999999,22.552549,2016-11-03 03:12:48,0
3,114.10196699999999,22.552549,2016-11-03 03:13:11,0
3,114.10196699999999,22.552549,2016-11-03 03:13:21,0
3,114.101868,22.552298999999998,2016-11-03 03:13:44,0
3,114.101868,22.552298999999998,2016-11-03 03:13:55,0
3,114.101868,22.552298999999998,2016-11-03 03:14:18,0
3,114.101868,22.552298999999998,2016-11-03 03:14:27,0
3,114.101868,22.552298999999998,2016-11-03 03:14:49,0
3,114.101868,22.552298999999998,2016-11-03 03:14:57,0
3,114.101868,22.552298999999998,2016-11-03 03:15:20,0
3,114.101868,22.552298999999998,2016-11-03 03:15:26,0
3,114.101868,22.552298999999998,2016-11-03 03:15:49,0
3,114.101868,22.552298999999998,2016-11-03 03:16:01,0
3,114.101868,22.552298999999998,2016-11-03 03:16:24,0
3,114.101868,22.552298999999998,2016-11-03 03:16:26,1
0,114.02478,22.537018,2016-11-03 03:18:07,0
2,113.918297,22.537416,2016-11-03 03:18:13,0
0,114.02362099999999,22.536818,2016-11-03 03:18:22,0
2,113.91718300000001,22.537382,2016-11-03 03:18:28,0
4,114.088486,22.543318,2016-11-03 03:17:48,1
4,114.088181,22.543283,2016-11-03 03:18:03,1
4,114.088181,22.543283,2016-11-03 03:18:18,1
1,113.88580300000001,22.5877,2016-11-03 03:18:33,0
4,114.087799,22.543249,2016-11-03 03:18:33,1
3,114.10196699999999,22.552549,2016-11-03 03:12:03,0
3,114.10196699999999,22.552549,2016-11-03 03:12:18,0
3,114.10196699999999,22.552549,2016-11-03 03:12:41,0
3,114.10196699999999,22.552549,2016-11-03 03:12:48,0
3,114.10196699999999,22.552549,2016-11-03 03:13:11,0
3,114.10196699999999,22.552549,2016-11-03 03:13:21,0
3,114.101868,22.552298999999998,2016-11-03 03:13:44,0
3,114.101868,22.552298999999998,2016-11-03 03:13:55,0
3,114.101868,22.552298999999998,2016-11-03 03:14:18,0
3,114.101868,22.552298999999998,2016-11-03 03:14:27,0
3,114.101868,22.552298999999998,2016-11-03 03:14:49,0
3,114.101868,22.552298999999998,2016-11-03 03:14:57,0
3,114.101868,22.552298999999998,2016-11-03 03:15:20,0
3,114.101868,22.552298999999998,2016-11-03 03:15:26,0
3,114.101868,22.552298999999998,2016-11-03 03:15:49,0
3,114.101868,22.552298999999998,2016-11-03 03:16:01,0
3,114.101868,22.552298999999998,2016-11-03 03:16:24,0
3,114.101868,22.552298999999998,2016-11-03 03:16:26,1
3,114.101868,22.552298999999998,2016-11-03 03:16:33,1
3,114.10128,22.552601,2016-11-03 03:16:56,1
3,114.101234,22.552982,2016-11-03 03:17:03,1
0,114.022346,22.536551,2016-11-03 03:18:37,0
2,113.916496,22.53735,2016-11-03 03:18:43,0
4,114.085365,22.543249,2016-11-03 03:18:48,1
0,114.022186,22.53615,2016-11-03 03:18:52,0
2,113.916435,22.536301,2016-11-03 03:18:58,0
0,114.022369,22.535151000000003,2016-11-03 03:19:07,0
4,114.08223000000001,22.543233999999998,2016-11-03 03:19:03,1
2,113.916183,22.535232999999998,2016-11-03 03:19:13,0
4,114.079819,22.54315,2016-11-03 03:19:18,1
0,114.02233100000001,22.535032,2016-11-03 03:19:22,0
2,113.91611499999999,22.534567000000003,2016-11-03 03:19:21,0
4,114.07701899999999,22.54315,2016-11-03 03:19:33,1
0,114.02233100000001,22.535032,2016-11-03 03:19:37,0
2,113.91597,22.533266,2016-11-03 03:19:36,0
4,114.074715,22.543118,2016-11-03 03:19:48,1
2,113.91588600000001,22.532132999999998,2016-11-03 03:19:51,0
0,114.02261399999999,22.534834,2016-11-03 03:19:52,0
4,114.07173200000001,22.543083,2016-11-03 03:20:03,1
0,114.02407099999999,22.535116,2016-11-03 03:20:07,0
2,113.91601599999998,22.531082,2016-11-03 03:20:06,0
4,114.068886,22.543132999999997,2016-11-03 03:20:18,1
0,114.02451299999998,22.534018,2016-11-03 03:20:22,0
2,113.91611499999999,22.530932999999997,2016-11-03 03:20:22,1
4,114.066147,22.543118,2016-11-03 03:20:33,1
0,114.025101,22.532516,2016-11-03 03:20:37,0
2,113.916321,22.529934,2016-11-03 03:20:37,1
4,114.064613,22.542982000000002,2016-11-03 03:20:48,1
0,114.025749,22.530701,2016-11-03 03:20:52,0
2,113.91656499999999,22.528382999999998,2016-11-03 03:20:52,1
4,114.064301,22.542967,2016-11-03 03:21:03,1
0,114.02748100000001,22.5289,2016-11-03 03:21:07,0
2,113.916397,22.527582000000002,2016-11-03 03:21:07,1
4,114.06358300000001,22.542982000000002,2016-11-03 03:21:18,1
0,114.02935,22.527918,2016-11-03 03:21:22,0
2,113.91523000000001,22.527233,2016-11-03 03:21:22,1
4,114.06195100000001,22.54315,2016-11-03 03:21:33,1
0,114.03126499999999,22.526867000000003,2016-11-03 03:21:37,0
2,113.914818,22.527134,2016-11-03 03:21:37,1
3,114.10406499999999,22.558532999999997,2016-11-03 03:19:00,1
3,114.10743000000001,22.558598999999997,2016-11-03 03:19:20,1
3,114.11161799999999,22.558666,2016-11-03 03:19:40,1
3,114.11568500000001,22.558733,2016-11-03 03:20:00,1
3,114.119499,22.559217,2016-11-03 03:20:20,1
3,114.11985,22.558867000000003,2016-11-03 03:20:40,1
3,114.11921699999999,22.561832,2016-11-03 03:21:00,1
3,114.11826299999998,22.565701,2016-11-03 03:21:23,1
3,114.118164,22.56835,2016-11-03 03:21:42,1
4,114.06041699999999,22.543432,2016-11-03 03:21:48,1
2,113.91458100000001,22.526518,2016-11-03 03:21:52,1
0,114.032547,22.526132999999998,2016-11-03 03:21:52,0
3,114.12088,22.568951000000002,2016-11-03 03:22:03,1
4,114.06036399999999,22.545,2016-11-03 03:22:03,1
0,114.03437,22.525217,2016-11-03 03:22:07,0
2,113.914452,22.525118,2016-11-03 03:22:07,1
4,114.061249,22.54545,2016-11-03 03:22:18,1
0,114.036484,22.523951,2016-11-03 03:22:22,0
2,113.91431399999999,22.523582,2016-11-03 03:22:22,1
3,114.124001,22.569866,2016-11-03 03:22:23,1
4,114.062752,22.545017,2016-11-03 03:22:33,1
0,114.03728500000001,22.52355,2016-11-03 03:22:37,0
2,113.91426799999999,22.52335,2016-11-03 03:22:37,1
3,114.124733,22.570048999999997,2016-11-03 03:22:43,1
4,114.06266799999999,22.543782999999998,2016-11-03 03:22:48,1
0,114.03728500000001,22.52355,2016-11-03 03:22:52,0
2,113.913734,22.521998999999997,2016-11-03 03:22:52,1
2,113.91321599999999,22.5212,2016-11-03 03:23:00,1
3,114.124733,22.570048999999997,2016-11-03 03:23:03,1
4,114.063034,22.544132,2016-11-03 03:23:03,1
0,114.03728500000001,22.52355,2016-11-03 03:23:07,0
2,113.912498,22.519951000000002,2016-11-03 03:23:15,1
4,114.06289699999999,22.5453,2016-11-03 03:23:18,1
0,114.037636,22.523417000000002,2016-11-03 03:23:22,0
3,114.124733,22.570048999999997,2016-11-03 03:23:23,1
4,114.06289699999999,22.5453,2016-11-03 03:23:27,0
2,113.911285,22.518967,2016-11-03 03:23:30,1
1,113.885681,22.587618,2016-11-03 03:23:33,0
0,114.038918,22.522582999999997,2016-11-03 03:23:37,0
3,114.124817,22.570999,2016-11-03 03:23:43,1
4,114.06289699999999,22.5453,2016-11-03 03:23:43,0
2,113.909821,22.51825,2016-11-03 03:23:47,1
0,114.040016,22.522017,2016-11-03 03:23:52,0
2,113.909485,22.517817,2016-11-03 03:23:53,1
3,114.12442,22.57275,2016-11-03 03:24:03,1
0,114.041367,22.521168,2016-11-03 03:24:07,0
4,114.06289699999999,22.5453,2016-11-03 03:23:57,0
2,113.908897,22.516567000000002,2016-11-03 03:24:08,1
4,114.06311799999999,22.545134,2016-11-03 03:24:13,0
3,114.12438200000001,22.573067,2016-11-03 03:24:16,0
2,113.908798,22.516533,2016-11-03 03:24:16,0
0,114.041168,22.520317000000002,2016-11-03 03:24:22,0
2,113.908569,22.516517999999998,2016-11-03 03:24:31,0
4,114.064697,22.545683,2016-11-03 03:24:28,0
3,114.12438200000001,22.573067,2016-11-03 03:24:36,0
0,114.040581,22.5194,2016-11-03 03:24:37,0
2,113.90863,22.516517999999998,2016-11-03 03:24:39,0
4,114.06451399999999,22.546984,2016-11-03 03:24:43,0
0,114.040085,22.518682000000002,2016-11-03 03:24:52,0
2,113.908752,22.516517999999998,2016-11-03 03:24:54,0
3,114.12438200000001,22.573067,2016-11-03 03:24:56,0
4,114.06518600000001,22.547583,2016-11-03 03:24:58,0
0,114.039597,22.517834,2016-11-03 03:25:07,0
2,113.908699,22.516517999999998,2016-11-03 03:25:09,0
4,114.06678000000001,22.54755,2016-11-03 03:25:13,0
3,114.12406899999999,22.574167000000003,2016-11-03 03:25:16,0
0,114.03931399999999,22.517384,2016-11-03 03:25:22,0
2,113.90871399999999,22.516482999999997,2016-11-03 03:25:24,0
4,114.067917,22.546818,2016-11-03 03:25:28,0
0,114.03886399999999,22.516466,2016-11-03 03:25:37,0
3,114.123421,22.575733,2016-11-03 03:25:36,0
2,113.908699,22.5165,2016-11-03 03:25:39,0
4,114.06828300000001,22.544649,2016-11-03 03:25:43,0
2,113.90868400000001,22.5163,2016-11-03 03:25:46,0
0,114.038498,22.515917,2016-11-03 03:25:52,0
3,114.123337,22.575466,2016-11-03 03:25:56,0
4,114.068832,22.542816000000002,2016-11-03 03:25:58,0
2,113.90866899999999,22.51565,2016-11-03 03:26:02,0
0,114.03863500000001,22.515551000000002,2016-11-03 03:26:07,0
4,114.068169,22.541967,2016-11-03 03:26:13,0
3,114.124214,22.5734,2016-11-03 03:26:16,0
2,113.908768,22.515484,2016-11-03 03:26:16,0
0,114.03953600000001,22.515167,2016-11-03 03:26:22,0
4,114.06831399999999,22.542618,2016-11-03 03:26:28,0
2,113.90871399999999,22.51535,2016-11-03 03:26:32,0
3,114.12436699999999,22.572451,2016-11-03 03:26:36,0
0,114.040718,22.514816,2016-11-03 03:26:37,0
4,114.06955,22.5427,2016-11-03 03:26:43,0
2,113.90873,22.515284,2016-11-03 03:26:47,0
0,114.040718,22.51405,2016-11-03 03:26:51,0
3,114.12318400000001,22.571951000000002,2016-11-03 03:26:56,0
2,113.908051,22.515034,2016-11-03 03:27:02,0
0,114.040497,22.513416,2016-11-03 03:27:07,0
4,114.07086899999999,22.542932999999998,2016-11-03 03:26:58,0
3,114.12218500000002,22.571733,2016-11-03 03:27:16,0
2,113.907097,22.514799,2016-11-03 03:27:17,0
0,114.040497,22.513416,2016-11-03 03:27:22,0
4,114.068169,22.542967,2016-11-03 03:27:29,0
2,113.908134,22.514717,2016-11-03 03:27:32,0
3,114.12218500000002,22.571733,2016-11-03 03:27:36,0
0,114.041229,22.513117,2016-11-03 03:27:37,0
2,113.909218,22.514767000000003,2016-11-03 03:27:47,0
0,114.042381,22.51285,2016-11-03 03:27:52,0
3,114.12278,22.570316000000002,2016-11-03 03:27:56,0
2,113.909782,22.514851,2016-11-03 03:27:55,0
4,114.06608600000001,22.542932999999998,2016-11-03 03:27:44,0
2,113.909966,22.514868,2016-11-03 03:28:04,0
0,114.043747,22.512667,2016-11-03 03:28:07,0
2,113.91018700000001,22.514999,2016-11-03 03:28:10,0
3,114.12173500000002,22.569201,2016-11-03 03:28:16,0
4,114.066666,22.5427,2016-11-03 03:28:15,0
4,114.069,22.542767,2016-11-03 03:28:30,0
0,114.044449,22.512449,2016-11-03 03:28:22,0
2,113.911148,22.514933,2016-11-03 03:28:25,0
1,113.88576499999999,22.587683,2016-11-03 03:28:33,0
3,114.11878200000001,22.568533,2016-11-03 03:28:36,0
0,114.044449,22.512449,2016-11-03 03:28:37,0
2,113.91235400000001,22.513617,2016-11-03 03:28:40,0
4,114.07143400000001,22.542749,2016-11-03 03:28:45,0
0,114.04493000000001,22.51235,2016-11-03 03:28:52,0
3,114.11576799999999,22.567949,2016-11-03 03:28:56,0
2,113.912697,22.513,2016-11-03 03:28:55,0
4,114.07193000000001,22.541401,2016-11-03 03:29:01,0
0,114.046249,22.512283,2016-11-03 03:29:07,0
2,113.912598,22.51325,2016-11-03 03:29:10,0
3,114.11273200000001,22.566217,2016-11-03 03:29:16,0
4,114.07195300000001,22.539568,2016-11-03 03:29:16,0
4,114.07195300000001,22.539316,2016-11-03 03:29:18,0
0,114.04746999999999,22.5123,2016-11-03 03:29:22,0
4,114.07195300000001,22.53895,2016-11-03 03:29:24,0
2,113.912651,22.513451,2016-11-03 03:29:25,0
2,113.912697,22.513567000000002,2016-11-03 03:29:33,0
3,114.10918400000001,22.566566,2016-11-03 03:29:36,0
0,114.048798,22.512367,2016-11-03 03:29:37,0
4,114.07195300000001,22.53895,2016-11-03 03:29:39,0
2,113.91266599999999,22.513451,2016-11-03 03:29:48,0
0,114.04998,22.512501,2016-11-03 03:29:52,0
4,114.071968,22.537149,2016-11-03 03:29:54,0
3,114.10758200000001,22.566732000000002,2016-11-03 03:29:56,0
2,113.91266599999999,22.51355,2016-11-03 03:30:02,0
0,114.051483,22.512751,2016-11-03 03:30:07,0
4,114.072052,22.535982,2016-11-03 03:30:09,0
3,114.1073,22.566517,2016-11-03 03:30:16,0
2,113.912636,22.513718,2016-11-03 03:30:18,0
0,114.05275,22.513067000000003,2016-11-03 03:30:22,0
4,114.072746,22.535883,2016-11-03 03:30:24,0
2,113.91288,22.512917,2016-11-03 03:30:33,0
3,114.10675,22.564684,2016-11-03 03:30:36,0
0,114.05423,22.513468,2016-11-03 03:30:37,0
4,114.07356999999999,22.535767,2016-11-03 03:30:39,0
2,113.91325400000001,22.511967000000002,2016-11-03 03:30:48,0
0,114.05526699999999,22.513832,2016-11-03 03:30:52,0
4,114.07433300000001,22.535217000000003,2016-11-03 03:30:54,0
3,114.10673500000001,22.5623,2016-11-03 03:30:56,0
2,113.91353600000001,22.511633,2016-11-03 03:30:56,0
4,114.07493600000001,22.534717999999998,2016-11-03 03:31:09,0
2,113.914497,22.510866,2016-11-03 03:31:11,0
0,114.05538200000001,22.514317000000002,2016-11-03 03:31:07,0
3,114.104584,22.56185,2016-11-03 03:31:16,0
2,113.91516899999999,22.510517,2016-11-03 03:31:19,0
0,114.05498500000002,22.515284,2016-11-03 03:31:22,0
4,114.075516,22.53425,2016-11-03 03:31:24,0
2,113.91507,22.509518,2016-11-03 03:31:34,0
3,114.10410300000001,22.56175,2016-11-03 03:31:36,0
0,114.055618,22.516167000000003,2016-11-03 03:31:37,0
4,114.07592,22.534433,2016-11-03 03:31:39,0
2,113.91452,22.508417,2016-11-03 03:31:49,0
4,114.076149,22.534666,2016-11-03 03:31:54,0
3,114.10410300000001,22.56175,2016-11-03 03:31:56,0
0,114.05549599999999,22.517067,2016-11-03 03:31:52,0
4,114.076149,22.534666,2016-11-03 03:31:59,1
2,113.91465,22.508132999999997,2016-11-03 03:32:04,0
4,114.07683600000001,22.5355,2016-11-03 03:32:14,1
3,114.10410300000001,22.56175,2016-11-03 03:32:16,0
2,113.914864,22.507917000000003,2016-11-03 03:32:19,0
0,114.05578600000001,22.518618,2016-11-03 03:32:22,0
4,114.07718700000001,22.53595,2016-11-03 03:32:29,1
2,113.91484799999999,22.5079,2016-11-03 03:32:33,0
3,114.10392,22.559798999999998,2016-11-03 03:32:36,0
0,114.05803700000001,22.519448999999998,2016-11-03 03:32:37,0
4,114.077301,22.536301,2016-11-03 03:32:44,1
2,113.91488600000001,22.507851000000002,2016-11-03 03:32:49,0
0,114.058815,22.51985,2016-11-03 03:32:52,0
3,114.103981,22.558916,2016-11-03 03:32:56,0
4,114.077248,22.536682,2016-11-03 03:32:59,1
1,113.885651,22.587549,2016-11-03 03:33:03,0
2,113.915733,22.507832999999998,2016-11-03 03:33:04,0
0,114.058815,22.51985,2016-11-03 03:33:07,0
4,114.077431,22.537434,2016-11-03 03:33:14,1
3,114.10410300000001,22.556467,2016-11-03 03:33:16,0
2,113.917,22.507767,2016-11-03 03:33:19,0
0,114.058815,22.51985,2016-11-03 03:33:22,0
2,113.91711399999998,22.50775,2016-11-03 03:33:27,0
4,114.077499,22.538868,2016-11-03 03:33:29,1
3,114.10414899999999,22.553667,2016-11-03 03:33:36,0
0,114.058899,22.5201,2016-11-03 03:33:37,0
2,113.91736599999999,22.50775,2016-11-03 03:33:42,0
4,114.077698,22.540132999999997,2016-11-03 03:33:44,1
0,114.058929,22.520651,2016-11-03 03:33:52,0
3,114.103348,22.552717,2016-11-03 03:33:56,0
2,113.91833500000001,22.50765,2016-11-03 03:33:57,0
4,114.07869699999999,22.540216,2016-11-03 03:33:59,1
0,114.058815,22.520901000000002,2016-11-03 03:34:07,0
2,113.91833500000001,22.506767,2016-11-03 03:34:12,0
4,114.07869699999999,22.540216,2016-11-03 03:34:14,1
3,114.102699,22.552567,2016-11-03 03:34:16,0
0,114.058815,22.520901000000002,2016-11-03 03:34:21,0
1,113.88563500000001,22.587767000000003,2016-11-03 03:34:25,0
4,114.07869699999999,22.540216,2016-11-03 03:34:29,1
1,113.88566599999999,22.587749,2016-11-03 03:34:33,0
3,114.10215,22.552517,2016-11-03 03:34:36,0
0,114.058815,22.520901000000002,2016-11-03 03:34:37,0
2,113.917786,22.505432,2016-11-03 03:34:27,0
2,113.91748,22.504667,2016-11-03 03:34:35,0
2,113.917419,22.504482,2016-11-03 03:34:37,0
2,113.91721299999999,22.50395,2016-11-03 03:34:43,0
4,114.07921599999999,22.540251,2016-11-03 03:34:44,1
1,113.885384,22.587566,2016-11-03 03:34:47,0
0,114.058815,22.520901000000002,2016-11-03 03:34:51,0
3,114.10215,22.552517,2016-11-03 03:34:56,0
2,113.916748,22.503349,2016-11-03 03:34:59,0
4,114.08107,22.540518,2016-11-03 03:34:59,1
1,113.885048,22.587317000000002,2016-11-03 03:35:03,0
0,114.058815,22.520901000000002,2016-11-03 03:35:07,0
2,113.91701499999999,22.503218,2016-11-03 03:35:14,0
4,114.081451,22.5406,2016-11-03 03:35:14,1
3,114.10215,22.552517,2016-11-03 03:35:16,0
1,113.88475,22.587032,2016-11-03 03:35:18,0
0,114.05886799999999,22.520767000000003,2016-11-03 03:35:21,0
2,113.917152,22.503151000000003,2016-11-03 03:35:29,0
4,114.081451,22.5406,2016-11-03 03:35:29,1
3,114.10215,22.552517,2016-11-03 03:35:36,0
0,114.05886799999999,22.520767000000003,2016-11-03 03:35:37,0
1,113.884697,22.586533,2016-11-03 03:35:33,0
1,113.88513200000001,22.586132,2016-11-03 03:35:41,0
2,113.91705300000001,22.503151000000003,2016-11-03 03:35:44,0
4,114.081451,22.5406,2016-11-03 03:35:44,1
0,114.05886799999999,22.520767000000003,2016-11-03 03:35:51,0
1,113.8862,22.585051,2016-11-03 03:35:56,0
3,114.10215,22.552517,2016-11-03 03:35:56,0
2,113.91711399999998,22.503166,2016-11-03 03:35:59,0
4,114.082733,22.540733,2016-11-03 03:35:59,1
4,114.082802,22.540716,2016-11-03 03:36:05,0
0,114.059151,22.520884,2016-11-03 03:36:07,0
1,113.88726799999999,22.5839,2016-11-03 03:36:11,0
2,113.91711399999998,22.503733,2016-11-03 03:36:14,0
3,114.10215,22.552517,2016-11-03 03:36:17,0
4,114.082802,22.540716,2016-11-03 03:36:20,0
0,114.059219,22.520967000000002,2016-11-03 03:36:22,0
1,113.88784799999999,22.583282,2016-11-03 03:36:26,0
2,113.917801,22.504984,2016-11-03 03:36:29,0
4,114.082802,22.540716,2016-11-03 03:36:35,0
3,114.10215,22.552517,2016-11-03 03:36:37,0
0,114.05923500000002,22.520967000000002,2016-11-03 03:36:37,0
1,113.88806899999999,22.583117,2016-11-03 03:36:41,0
2,113.91811399999999,22.50565,2016-11-03 03:36:44,0
4,114.082802,22.540716,2016-11-03 03:36:50,0
0,114.05923500000002,22.520967000000002,2016-11-03 03:36:52,0
1,113.888084,22.583117,2016-11-03 03:36:56,0
3,114.10215,22.552517,2016-11-03 03:36:57,0
2,113.91806799999999,22.505617,2016-11-03 03:36:59,0
4,114.084,22.540733,2016-11-03 03:37:05,0
0,114.05923500000002,22.520967000000002,2016-11-03 03:37:07,0
1,113.888153,22.583134,2016-11-03 03:37:11,0
3,114.10215,22.552517,2016-11-03 03:37:17,0
4,114.084,22.540733,2016-11-03 03:37:20,0
0,114.05923500000002,22.520967000000002,2016-11-03 03:37:22,0
1,113.88768,22.583616,2016-11-03 03:37:26,0
1,113.887215,22.584101,2016-11-03 03:37:34,0
4,114.084,22.540733,2016-11-03 03:37:35,0
3,114.10215,22.552517,2016-11-03 03:37:37,0
0,114.05923500000002,22.520967000000002,2016-11-03 03:37:37,0
1,113.885902,22.585484,2016-11-03 03:37:49,0
4,114.084167,22.540817,2016-11-03 03:37:50,0
0,114.05923500000002,22.520967000000002,2016-11-03 03:37:52,0
3,114.10215,22.552517,2016-11-03 03:37:57,0
4,114.084167,22.540817,2016-11-03 03:38:05,0
0,114.05923500000002,22.520967000000002,2016-11-03 03:38:07,0
1,113.884399,22.586866,2016-11-03 03:38:12,0
1,113.884399,22.586918,2016-11-03 03:38:13,0
3,114.10215,22.552517,2016-11-03 03:38:17,0
4,114.084167,22.540817,2016-11-03 03:38:20,0
0,114.05923500000002,22.520967000000002,2016-11-03 03:38:22,0
1,113.884804,22.58725,2016-11-03 03:38:27,0
4,114.084167,22.540817,2016-11-03 03:38:35,0
3,114.10215,22.552517,2016-11-03 03:38:37,0
0,114.05923500000002,22.520967000000002,2016-11-03 03:38:37,0
1,113.884964,22.587334,2016-11-03 03:38:42,0
4,114.084167,22.540817,2016-11-03 03:38:50,0
0,114.05923500000002,22.520967000000002,2016-11-03 03:38:52,0
3,114.10215,22.552517,2016-11-03 03:38:57,0
1,113.885048,22.587351,2016-11-03 03:38:57,0
4,114.084167,22.540817,2016-11-03 03:39:05,0
0,114.05923500000002,22.520967000000002,2016-11-03 03:39:07,0
1,113.885033,22.587351,2016-11-03 03:39:12,0
3,114.10215,22.552517,2016-11-03 03:39:17,0
4,114.084167,22.540817,2016-11-03 03:39:20,0
0,114.05923500000002,22.520967000000002,2016-11-03 03:39:22,0
1,113.88501699999999,22.587366,2016-11-03 03:39:27,0
4,114.084167,22.540817,2016-11-03 03:39:35,0
3,114.10215,22.552517,2016-11-03 03:39:37,0
0,114.05923500000002,22.520967000000002,2016-11-03 03:39:37,0
2,113.920349,22.511351,2016-11-03 03:39:48,0
2,113.920349,22.511351,2016-11-03 03:39:49,0
4,114.084167,22.540817,2016-11-03 03:39:50,0
0,114.05923500000002,22.520967000000002,2016-11-03 03:39:52,0
2,113.92038000000001,22.511482,2016-11-03 03:39:57,0
3,114.10215,22.552517,2016-11-03 03:39:57,0
4,114.084167,22.540817,2016-11-03 03:40:05,0
0,114.05905200000001,22.520866,2016-11-03 03:40:07,0
2,113.920235,22.511433,2016-11-03 03:40:12,0
3,114.10215,22.552517,2016-11-03 03:40:17,0
4,114.084167,22.540817,2016-11-03 03:40:20,0
0,114.05905200000001,22.520866,2016-11-03 03:40:22,0
2,113.919968,22.510851000000002,2016-11-03 03:40:27,0
4,114.084167,22.540817,2016-11-03 03:40:35,0
3,114.10215,22.552517,2016-11-03 03:40:37,0
0,114.05905200000001,22.520866,2016-11-03 03:40:37,0
2,113.91947900000001,22.509684,2016-11-03 03:40:42,0
4,114.08445,22.540684,2016-11-03 03:40:50,0
0,114.05905200000001,22.520866,2016-11-03 03:40:52,0
4,114.084549,22.540701000000002,2016-11-03 03:40:52,1
3,114.10215,22.552517,2016-11-03 03:40:57,0
2,113.91898300000001,22.5086,2016-11-03 03:40:57,0
0,114.05905200000001,22.520866,2016-11-03 03:41:07,0
4,114.085518,22.540716,2016-11-03 03:41:07,1
2,113.91838100000001,22.50835,2016-11-03 03:41:12,0
3,114.10215,22.552517,2016-11-03 03:41:17,0
2,113.917786,22.508817999999998,2016-11-03 03:41:20,0
0,114.05905200000001,22.520866,2016-11-03 03:41:22,0
4,114.086502,22.540733,2016-11-03 03:41:22,1
2,113.916817,22.509501,2016-11-03 03:41:35,0
3,114.10215,22.552517,2016-11-03 03:41:37,0
4,114.08773000000001,22.5411,2016-11-03 03:41:37,1
0,114.05905200000001,22.520866,2016-11-03 03:41:37,0
2,113.915733,22.510182999999998,2016-11-03 03:41:50,0
0,114.058769,22.520884,2016-11-03 03:41:52,0
4,114.08933300000001,22.541367,2016-11-03 03:41:52,1
3,114.10215,22.552517,2016-11-03 03:41:57,0
2,113.915497,22.510417999999998,2016-11-03 03:42:05,0
0,114.058769,22.520884,2016-11-03 03:42:07,0
4,114.0895,22.540882,2016-11-03 03:42:07,1
4,114.0895,22.540882,2016-11-03 03:42:11,0
2,113.91543600000001,22.510517,2016-11-03 03:42:13,0
3,114.10215,22.552517,2016-11-03 03:42:17,0
0,114.05912,22.520901000000002,2016-11-03 03:42:22,0
4,114.0895,22.540882,2016-11-03 03:42:26,0
2,113.91498600000001,22.510918,2016-11-03 03:42:28,0
3,114.10215,22.552517,2016-11-03 03:42:37,0
0,114.05912,22.520901000000002,2016-11-03 03:42:37,0
4,114.08963,22.540032999999998,2016-11-03 03:42:41,0
2,113.9142,22.5114,2016-11-03 03:42:43,0
2,113.91386399999999,22.511833,2016-11-03 03:42:50,0
0,114.05912,22.520901000000002,2016-11-03 03:42:52,0
3,114.10215,22.552517,2016-11-03 03:42:57,0
4,114.089584,22.53875,2016-11-03 03:42:56,0
2,113.913086,22.512732999999997,2016-11-03 03:43:05,0
0,114.05912,22.520901000000002,2016-11-03 03:43:07,0
4,114.08951599999999,22.538033,2016-11-03 03:43:11,0
3,114.10215,22.552517,2016-11-03 03:43:17,0
0,114.05912,22.520901000000002,2016-11-03 03:43:22,0
2,113.912048,22.514,2016-11-03 03:43:20,0
4,114.08838700000001,22.537767000000002,2016-11-03 03:43:26,0
3,114.10215,22.552517,2016-11-03 03:43:37,0
2,113.91163600000002,22.514532,2016-11-03 03:43:29,0
0,114.05912,22.520901000000002,2016-11-03 03:43:37,0
2,113.911217,22.515118,2016-11-03 03:43:44,0
4,114.08688400000001,22.537701000000002,2016-11-03 03:43:41,0
0,114.05912,22.520901000000002,2016-11-03 03:43:52,0
3,114.10215,22.552517,2016-11-03 03:43:57,0
4,114.08661699999999,22.538432999999998,2016-11-03 03:43:56,0
2,113.911102,22.515232,2016-11-03 03:43:59,0
0,114.05912,22.520901000000002,2016-11-03 03:44:07,0
4,114.086533,22.539,2016-11-03 03:44:11,0
3,114.10215,22.552517,2016-11-03 03:44:17,0
2,113.91008000000001,22.5152,2016-11-03 03:44:14,0
0,114.05912,22.520901000000002,2016-11-03 03:44:22,0
2,113.909485,22.51515,2016-11-03 03:44:22,0
1,113.884979,22.587298999999998,2016-11-03 03:44:27,0
4,114.08651699999999,22.539667,2016-11-03 03:44:26,0
0,114.05912,22.520901000000002,2016-11-03 03:44:37,0
2,113.90866899999999,22.5151,2016-11-03 03:44:37,0
3,114.10215,22.552517,2016-11-03 03:44:37,0
4,114.08657099999999,22.540216,2016-11-03 03:44:41,0
0,114.05912,22.520901000000002,2016-11-03 03:44:52,0
2,113.907669,22.514917,2016-11-03 03:44:52,0
3,114.10215,22.552517,2016-11-03 03:44:57,0
4,114.08657099999999,22.540216,2016-11-03 03:44:56,0
4,114.08657099999999,22.540216,2016-11-03 03:45:04,1
0,114.05912,22.520901000000002,2016-11-03 03:45:07,0
2,113.90653200000001,22.514799,2016-11-03 03:45:07,0
3,114.10215,22.552517,2016-11-03 03:45:17,0
4,114.086899,22.540882,2016-11-03 03:45:19,1
0,114.05912,22.520901000000002,2016-11-03 03:45:22,0
2,113.90518200000001,22.5156,2016-11-03 03:45:22,0
4,114.08816499999999,22.54125,2016-11-03 03:45:34,1
3,114.10215,22.552517,2016-11-03 03:45:37,0
0,114.05912,22.520901000000002,2016-11-03 03:45:37,0
2,113.904953,22.515917,2016-11-03 03:45:37,0
4,114.089729,22.541432999999998,2016-11-03 03:45:49,1
0,114.05912,22.520901000000002,2016-11-03 03:45:52,0
2,113.904152,22.516399,2016-11-03 03:45:52,0
3,114.10215,22.552517,2016-11-03 03:45:57,0
2,113.903999,22.516817,2016-11-03 03:46:00,0
4,114.091301,22.541517000000002,2016-11-03 03:46:04,1
0,114.05912,22.520901000000002,2016-11-03 03:46:07,0
2,113.9049,22.517817,2016-11-03 03:46:15,0
3,114.10215,22.552517,2016-11-03 03:46:17,0
0,114.05912,22.520901000000002,2016-11-03 03:46:22,0
4,114.093147,22.5415,2016-11-03 03:46:19,1
2,113.906067,22.519117,2016-11-03 03:46:30,0
4,114.094986,22.541451000000002,2016-11-03 03:46:34,1
3,114.10215,22.552517,2016-11-03 03:46:37,0
0,114.05912,22.520901000000002,2016-11-03 03:46:37,0
2,113.90706599999999,22.520201,2016-11-03 03:46:45,0
4,114.09523,22.540667000000003,2016-11-03 03:46:49,1
0,114.058899,22.520967000000002,2016-11-03 03:46:52,0
3,114.10215,22.552517,2016-11-03 03:46:57,0
2,113.90833300000001,22.521601,2016-11-03 03:47:00,0
4,114.09526799999999,22.540367,2016-11-03 03:47:04,1
0,114.058884,22.520967000000002,2016-11-03 03:47:07,0
2,113.90906499999998,22.522751,2016-11-03 03:47:15,0
3,114.10215,22.552517,2016-11-03 03:47:17,0
4,114.09526799999999,22.540367,2016-11-03 03:47:19,1
0,114.058884,22.520967000000002,2016-11-03 03:47:22,0
2,113.90943100000001,22.5243,2016-11-03 03:47:30,0
4,114.095619,22.540198999999998,2016-11-03 03:47:34,1
3,114.10215,22.552517,2016-11-03 03:47:37,0
0,114.058884,22.520967000000002,2016-11-03 03:47:37,0
2,113.909683,22.525333,2016-11-03 03:47:45,0
4,114.096764,22.540182,2016-11-03 03:47:49,1
0,114.05905200000001,22.521099,2016-11-03 03:47:52,0
3,114.10215,22.552517,2016-11-03 03:47:57,0
2,113.909714,22.525783999999998,2016-11-03 03:48:00,0
4,114.09803000000001,22.540216,2016-11-03 03:48:04,1
0,114.05866999999999,22.521133,2016-11-03 03:48:07,0
2,113.909981,22.526899,2016-11-03 03:48:15,0
3,114.10215,22.552517,2016-11-03 03:48:17,0
4,114.09951799999999,22.540067999999998,2016-11-03 03:48:19,1
3,114.10215,22.552517,2016-11-03 03:48:21,1
0,114.05866999999999,22.521133,2016-11-03 03:48:21,0
2,113.910271,22.52865,2016-11-03 03:48:30,0
4,114.099548,22.53845,2016-11-03 03:48:34,1
0,114.05866999999999,22.521133,2016-11-03 03:48:37,0
3,114.10046399999999,22.552067,2016-11-03 03:48:41,1
2,113.910416,22.529966,2016-11-03 03:48:45,0
4,114.10128,22.537968,2016-11-03 03:48:49,1
0,114.05866999999999,22.521133,2016-11-03 03:48:51,0
2,113.91048400000001,22.531017000000002,2016-11-03 03:49:00,0
3,114.09983100000001,22.552067,2016-11-03 03:49:01,1
4,114.103935,22.537968,2016-11-03 03:49:04,1
0,114.05866999999999,22.521133,2016-11-03 03:49:07,0
2,113.91046899999999,22.531,2016-11-03 03:49:15,0
4,114.10631599999999,22.536934,2016-11-03 03:49:19,1
3,114.09983100000001,22.552067,2016-11-03 03:49:21,1
0,114.058517,22.521017,2016-11-03 03:49:21,0
1,113.88483400000001,22.587549,2016-11-03 03:49:27,0
2,113.91046899999999,22.531183,2016-11-03 03:49:30,0
0,114.05873100000001,22.521017,2016-11-03 03:49:37,0
4,114.109268,22.53755,2016-11-03 03:49:34,1
2,113.91096499999999,22.531233,2016-11-03 03:49:38,0
3,114.09983100000001,22.552067,2016-11-03 03:49:41,1
4,114.11245,22.538,2016-11-03 03:49:49,1
0,114.058784,22.521017,2016-11-03 03:49:52,0
2,113.91196399999998,22.531218,2016-11-03 03:49:53,0
3,114.09983100000001,22.552067,2016-11-03 03:50:01,1
0,114.058784,22.521017,2016-11-03 03:50:07,0
2,113.9132,22.531082,2016-11-03 03:50:08,0
4,114.11513500000001,22.538651,2016-11-03 03:50:04,1
3,114.099419,22.551617,2016-11-03 03:50:21,1
4,114.11698200000001,22.539382999999997,2016-11-03 03:50:19,1
0,114.058784,22.521017,2016-11-03 03:50:22,0
2,113.913963,22.530333,2016-11-03 03:50:25,0
2,113.914185,22.529833,2016-11-03 03:50:31,0
4,114.118553,22.540001,2016-11-03 03:50:34,1
0,114.058784,22.521017,2016-11-03 03:50:37,0
3,114.09956399999999,22.548782,2016-11-03 03:50:41,1
2,113.914383,22.528851,2016-11-03 03:50:45,0
4,114.119583,22.540716,2016-11-03 03:50:49,1
0,114.058784,22.521017,2016-11-03 03:50:52,0
3,114.099548,22.547567,2016-11-03 03:51:01,1
2,113.91431399999999,22.527866,2016-11-03 03:51:01,0
4,114.12043,22.5415,2016-11-03 03:51:04,1
0,114.058784,22.521017,2016-11-03 03:51:07,0
2,113.914482,22.527732999999998,2016-11-03 03:51:16,0
4,114.12173500000002,22.540899,2016-11-03 03:51:19,1
3,114.099869,22.547333,2016-11-03 03:51:21,1
0,114.058784,22.521017,2016-11-03 03:51:22,0
4,114.121719,22.540882,2016-11-03 03:51:24,0
2,113.91446699999999,22.528067,2016-11-03 03:51:30,0
0,114.058784,22.521017,2016-11-03 03:51:37,0
4,114.121719,22.540882,2016-11-03 03:51:39,0
3,114.09981499999999,22.544617000000002,2016-11-03 03:51:41,1
2,113.91441299999998,22.528667000000002,2016-11-03 03:51:46,0
0,114.058853,22.520967000000002,2016-11-03 03:51:52,0
4,114.121719,22.540882,2016-11-03 03:51:54,0
3,114.09971599999999,22.543751,2016-11-03 03:52:01,1
2,113.914383,22.529118,2016-11-03 03:52:01,0
0,114.058853,22.520967000000002,2016-11-03 03:52:07,0
4,114.121719,22.540882,2016-11-03 03:52:09,0
2,113.914146,22.529833,2016-11-03 03:52:16,0
3,114.09971599999999,22.543751,2016-11-03 03:52:21,1
0,114.058899,22.520933,2016-11-03 03:52:22,0
4,114.121452,22.540382,2016-11-03 03:52:24,0
2,113.91376499999998,22.530783,2016-11-03 03:52:31,0
0,114.058899,22.520933,2016-11-03 03:52:37,0
4,114.121452,22.540382,2016-11-03 03:52:39,0
3,114.09971599999999,22.543751,2016-11-03 03:52:41,1
2,113.91398600000001,22.531133999999998,2016-11-03 03:52:46,0
0,114.058899,22.520933,2016-11-03 03:52:52,0
4,114.121452,22.540382,2016-11-03 03:52:54,0
1,113.88508600000002,22.5872,2016-11-03 03:52:58,0
3,114.099602,22.542417999999998,2016-11-03 03:53:01,1
2,113.91452,22.531133999999998,2016-11-03 03:53:01,0
4,114.121452,22.540382,2016-11-03 03:53:09,0
1,113.885002,22.5872,2016-11-03 03:53:12,0
2,113.91568000000001,22.531116,2016-11-03 03:53:16,0
0,114.05886799999999,22.520884,2016-11-03 03:53:07,0
3,114.09971599999999,22.541332,2016-11-03 03:53:21,1
0,114.05886799999999,22.520884,2016-11-03 03:53:22,0
4,114.121452,22.540382,2016-11-03 03:53:24,0
2,113.91597,22.531401000000002,2016-11-03 03:53:31,0
0,114.05886799999999,22.520884,2016-11-03 03:53:37,0
4,114.121452,22.540382,2016-11-03 03:53:39,0
3,114.09971599999999,22.541332,2016-11-03 03:53:41,1
2,113.915718,22.532367999999998,2016-11-03 03:53:46,0
0,114.05886799999999,22.520884,2016-11-03 03:53:52,0
4,114.121452,22.540382,2016-11-03 03:53:54,0
3,114.099731,22.538732999999997,2016-11-03 03:54:01,1
2,113.91568000000001,22.533082999999998,2016-11-03 03:54:01,0
4,114.121452,22.540382,2016-11-03 03:54:04,1
0,114.05886799999999,22.520884,2016-11-03 03:54:07,0
2,113.915833,22.533751000000002,2016-11-03 03:54:16,0
4,114.122017,22.540968,2016-11-03 03:54:19,1
3,114.096832,22.538218,2016-11-03 03:54:21,1
0,114.05886799999999,22.520884,2016-11-03 03:54:22,0
2,113.91581699999999,22.534384,2016-11-03 03:54:31,0
4,114.123253,22.540582999999998,2016-11-03 03:54:34,1
0,114.05886799999999,22.520884,2016-11-03 03:54:37,0
3,114.092529,22.5382,2016-11-03 03:54:41,1
2,113.915733,22.5352,2016-11-03 03:54:46,0
4,114.124664,22.541384,2016-11-03 03:54:49,1
0,114.05886799999999,22.520884,2016-11-03 03:54:52,0
2,113.915848,22.535217000000003,2016-11-03 03:54:54,0
3,114.088181,22.537617,2016-11-03 03:55:01,1
4,114.12618300000001,22.54225,2016-11-03 03:55:04,1
0,114.05886799999999,22.520884,2016-11-03 03:55:07,0
2,113.91626699999999,22.535583,2016-11-03 03:55:09,0
0,114.05886799999999,22.520884,2016-11-03 03:55:22,0
2,113.91638200000001,22.53635,2016-11-03 03:55:24,0
4,114.12613700000001,22.543417,2016-11-03 03:55:19,1
0,114.05886799999999,22.520884,2016-11-03 03:55:37,0
2,113.91660300000001,22.537167,2016-11-03 03:55:39,0
0,114.05886799999999,22.520884,2016-11-03 03:55:52,0
2,113.916183,22.53735,2016-11-03 03:55:54,0
0,114.05886799999999,22.520884,2016-11-03 03:56:07,0
2,113.91566499999999,22.537416,2016-11-03 03:56:09,0
0,114.05886799999999,22.520884,2016-11-03 03:56:22,0
2,113.91516899999999,22.537617,2016-11-03 03:56:24,0
4,114.126053,22.552816,2016-11-03 03:56:49,1
0,114.05886799999999,22.520884,2016-11-03 03:56:37,0
2,113.914597,22.537832,2016-11-03 03:56:39,0
0,114.058815,22.5208,2016-11-03 03:56:52,0
2,113.91478000000001,22.538683,2016-11-03 03:57:02,0
4,114.126053,22.552816,2016-11-03 03:57:04,1
2,113.91478000000001,22.538683,2016-11-03 03:57:03,0
0,114.058815,22.520782,2016-11-03 03:57:07,0
2,113.914818,22.538667999999998,2016-11-03 03:57:10,0
4,114.126053,22.552816,2016-11-03 03:57:19,1
3,114.067596,22.53285,2016-11-03 03:57:21,1
0,114.058815,22.520782,2016-11-03 03:57:22,0
2,113.91484799999999,22.5387,2016-11-03 03:57:25,0
4,114.12723500000001,22.554783,2016-11-03 03:57:34,1
0,114.058853,22.520849,2016-11-03 03:57:37,0
2,113.91484799999999,22.538732999999997,2016-11-03 03:57:40,0
3,114.068184,22.53035,2016-11-03 03:57:41,1
4,114.12818100000001,22.55625,2016-11-03 03:57:49,1
0,114.058853,22.520849,2016-11-03 03:57:52,0
2,113.91484799999999,22.538834,2016-11-03 03:57:55,0
3,114.06728400000001,22.526684,2016-11-03 03:58:01,1
4,114.12822,22.556316,2016-11-03 03:58:04,1
1,113.88486499999999,22.587366,2016-11-03 03:58:05,0
0,114.058853,22.520849,2016-11-03 03:58:07,0
2,113.91498600000001,22.539482,2016-11-03 03:58:10,0
4,114.128853,22.557318,2016-11-03 03:58:19,1
0,114.058853,22.520849,2016-11-03 03:58:22,0
3,114.065132,22.523067,2016-11-03 03:58:21,1
2,113.915253,22.54035,2016-11-03 03:58:25,0
4,114.130234,22.559467,2016-11-03 03:58:34,1
2,113.915314,22.54085,2016-11-03 03:58:33,0
0,114.058853,22.520849,2016-11-03 03:58:37,0
3,114.062317,22.519716,2016-11-03 03:58:41,1
2,113.91533700000001,22.541317000000003,2016-11-03 03:58:48,0
4,114.131584,22.561532999999997,2016-11-03 03:58:49,1
0,114.058853,22.520849,2016-11-03 03:58:52,0
2,113.915268,22.541332,2016-11-03 03:58:55,0
3,114.058998,22.516951000000002,2016-11-03 03:59:01,1
4,114.13166799999999,22.561666,2016-11-03 03:59:04,1
0,114.058853,22.520849,2016-11-03 03:59:07,0
2,113.915283,22.541767,2016-11-03 03:59:11,0
4,114.13166799999999,22.561666,2016-11-03 03:59:19,1
3,114.05808300000001,22.516382,2016-11-03 03:59:21,1
0,114.058853,22.520849,2016-11-03 03:59:22,0
2,113.91581699999999,22.542683,2016-11-03 03:59:26,0
0,114.058853,22.520849,2016-11-03 03:59:37,0
4,114.13166799999999,22.561666,2016-11-03 03:59:34,1
2,113.916031,22.543118,2016-11-03 03:59:41,0
3,114.05581699999999,22.5151,2016-11-03 03:59:41,1
4,114.13166799999999,22.561666,2016-11-03 03:59:49,1
0,114.058853,22.520849,2016-11-03 03:59:52,0
4,114.13166799999999,22.561666,2016-11-03 04:00:04,1
0,114.058853,22.520849,2016-11-03 04:00:07,0
3,114.051498,22.513718,2016-11-03 04:00:01,1
4,114.13166799999999,22.561666,2016-11-03 04:00:19,1
3,114.04628000000001,22.513233,2016-11-03 04:00:21,1
0,114.058853,22.520849,2016-11-03 04:00:22,0
4,114.13295,22.5632,2016-11-03 04:00:34,1
0,114.058853,22.520849,2016-11-03 04:00:37,0
3,114.040848,22.514084,2016-11-03 04:00:41,1
4,114.13431499999999,22.564698999999997,2016-11-03 04:00:49,1
0,114.058853,22.520849,2016-11-03 04:00:50,0
3,114.035896,22.516233,2016-11-03 04:01:01,1
4,114.134354,22.564734,2016-11-03 04:01:04,1
0,114.058853,22.520849,2016-11-03 04:01:07,0
4,114.134354,22.564734,2016-11-03 04:01:19,1
3,114.031219,22.51885,2016-11-03 04:01:21,1
2,113.916435,22.543118,2016-11-03 04:00:04,0
2,113.916435,22.543118,2016-11-03 04:00:05,0
2,113.916321,22.543034,2016-11-03 04:00:13,0
0,114.058853,22.520849,2016-11-03 04:01:22,0
4,114.134354,22.564734,2016-11-03 04:01:29,0
0,114.058853,22.520849,2016-11-03 04:01:37,0
3,114.02651999999999,22.521467,2016-11-03 04:01:41,1
4,114.134354,22.564734,2016-11-03 04:01:44,0
0,114.058853,22.520849,2016-11-03 04:01:52,0
4,114.134918,22.565166,2016-11-03 04:01:59,0
3,114.02179699999999,22.524099,2016-11-03 04:02:01,1
0,114.058853,22.520849,2016-11-03 04:02:07,0
4,114.135498,22.564567999999998,2016-11-03 04:02:08,1
3,114.017532,22.527033,2016-11-03 04:02:21,1
4,114.13688700000002,22.563284,2016-11-03 04:02:23,1
0,114.058853,22.520849,2016-11-03 04:02:22,0
0,114.058853,22.520849,2016-11-03 04:02:37,0
4,114.13758100000001,22.562332,2016-11-03 04:02:38,1
3,114.014771,22.53105,2016-11-03 04:02:41,1
0,114.058853,22.520849,2016-11-03 04:02:52,0
4,114.137215,22.561832,2016-11-03 04:02:53,1
2,113.92206599999999,22.544451000000002,2016-11-03 04:02:58,0
3,114.01291699999999,22.535601,2016-11-03 04:03:01,1
1,113.885033,22.587267,2016-11-03 04:03:05,0
2,113.922569,22.54435,2016-11-03 04:03:05,0
0,114.058853,22.520849,2016-11-03 04:03:07,0
4,114.137215,22.561832,2016-11-03 04:03:08,1
3,114.010033,22.539618,2016-11-03 04:03:21,1
0,114.058853,22.520849,2016-11-03 04:03:22,0
2,113.922417,22.543982999999997,2016-11-03 04:03:21,1
4,114.1418,22.548182999999998,2016-11-03 04:10:18,1
2,113.927315,22.510532,2016-11-03 04:10:18,1
2,113.927299,22.510267000000002,2016-11-03 04:10:20,1
3,113.917084,22.57415,2016-11-03 04:10:21,1
0,114.058853,22.520849,2016-11-03 04:10:22,0
2,113.927254,22.509417000000003,2016-11-03 04:10:26,1
4,114.1409,22.546967000000002,2016-11-03 04:10:33,1
0,114.058853,22.520849,2016-11-03 04:10:37,0
3,113.91452,22.577,2016-11-03 04:10:41,1
2,113.927048,22.508083,2016-11-03 04:10:41,1
4,114.139969,22.546,2016-11-03 04:10:48,1
0,114.058853,22.520849,2016-11-03 04:10:52,0
2,113.92710100000001,22.508051000000002,2016-11-03 04:10:56,1
3,113.911049,22.580732,2016-11-03 04:11:01,1
4,114.13911399999999,22.545567000000002,2016-11-03 04:11:03,1
0,114.058853,22.520849,2016-11-03 04:11:07,0
2,113.92716999999999,22.508132999999997,2016-11-03 04:11:11,1
4,114.138802,22.545417999999998,2016-11-03 04:11:18,1
3,113.907448,22.584618,2016-11-03 04:11:21,1
0,114.058853,22.520849,2016-11-03 04:11:22,0
2,113.92714699999999,22.50815,2016-11-03 04:11:26,1
4,114.138802,22.545417999999998,2016-11-03 04:11:33,1
1,113.884949,22.587267,2016-11-03 04:11:35,0
0,114.059013,22.520849,2016-11-03 04:11:36,0
3,113.90401499999999,22.588318,2016-11-03 04:11:41,1
2,113.927315,22.507,2016-11-03 04:11:41,1
4,114.138802,22.545417999999998,2016-11-03 04:11:48,1
0,114.05905200000001,22.520866,2016-11-03 04:11:52,0
2,113.92759699999999,22.50515,2016-11-03 04:11:56,1
4,114.13836699999999,22.54495,2016-11-03 04:12:03,1
0,114.05905200000001,22.520866,2016-11-03 04:12:07,0
2,113.928032,22.503067,2016-11-03 04:12:11,1
4,114.13836699999999,22.54495,2016-11-03 04:12:18,1
3,113.90046699999999,22.592051,2016-11-03 04:12:01,1
0,114.05905200000001,22.520866,2016-11-03 04:12:22,0
3,113.89661399999999,22.595568,2016-11-03 04:12:21,1
2,113.928329,22.501382999999997,2016-11-03 04:12:26,1
4,114.13836699999999,22.54495,2016-11-03 04:12:33,1
4,114.13836699999999,22.54495,2016-11-03 04:12:33,0
2,113.92853500000001,22.50025,2016-11-03 04:12:34,1
0,114.05905200000001,22.520866,2016-11-03 04:12:37,0
3,113.892349,22.598801,2016-11-03 04:12:41,1
4,114.13836699999999,22.54495,2016-11-03 04:12:48,0
2,113.92878,22.498333,2016-11-03 04:12:49,1
0,114.05905200000001,22.520866,2016-11-03 04:12:52,0
2,113.92878,22.49815,2016-11-03 04:12:57,1
2,113.928802,22.4981,2016-11-03 04:12:59,1
3,113.888,22.601851,2016-11-03 04:13:01,1
4,114.13923600000001,22.545616,2016-11-03 04:13:03,0
2,113.92878,22.49795,2016-11-03 04:13:05,1
0,114.05905200000001,22.520866,2016-11-03 04:13:07,0
2,113.92896999999999,22.497683,2016-11-03 04:13:14,1
4,114.139771,22.545883,2016-11-03 04:13:18,0
2,113.92916899999999,22.497168,2016-11-03 04:13:20,1
3,113.88423200000001,22.605249,2016-11-03 04:13:21,1
0,114.05905200000001,22.520866,2016-11-03 04:13:22,0
4,114.140701,22.546682,2016-11-03 04:13:33,0
3,113.881203,22.609367000000002,2016-11-03 04:13:41,1
4,114.14133500000001,22.547583,2016-11-03 04:13:48,0
2,113.929604,22.495167000000002,2016-11-03 04:13:35,1
0,114.05905200000001,22.520866,2016-11-03 04:13:37,0
2,113.93,22.493717,2016-11-03 04:13:50,1
0,114.05905200000001,22.520866,2016-11-03 04:13:52,0
3,113.878418,22.613501,2016-11-03 04:14:01,1
4,114.142052,22.548651,2016-11-03 04:14:03,0
2,113.92997,22.493548999999998,2016-11-03 04:14:05,1
0,114.05905200000001,22.520866,2016-11-03 04:14:07,0
2,113.93011499999999,22.493317,2016-11-03 04:14:13,1
4,114.14281499999998,22.549816,2016-11-03 04:14:18,0
3,113.875114,22.617132,2016-11-03 04:14:21,1
0,114.05905200000001,22.520866,2016-11-03 04:14:22,0
4,114.142967,22.550016,2016-11-03 04:14:33,0
0,114.05905200000001,22.520866,2016-11-03 04:14:37,0
3,113.87096399999999,22.6201,2016-11-03 04:14:41,1
4,114.142967,22.550016,2016-11-03 04:14:48,0
0,114.05905200000001,22.520866,2016-11-03 04:14:52,0
2,113.93055,22.493282,2016-11-03 04:14:22,1
2,113.93087,22.493317,2016-11-03 04:14:28,1
3,113.865982,22.622298999999998,2016-11-03 04:15:01,1
4,114.142632,22.550266,2016-11-03 04:15:03,0
0,114.05905200000001,22.520866,2016-11-03 04:15:07,0
4,114.14138,22.5501,2016-11-03 04:15:18,0
2,113.93094599999999,22.493382999999998,2016-11-03 04:14:36,1
3,113.86097,22.624166,2016-11-03 04:15:21,1
0,114.05905200000001,22.520866,2016-11-03 04:15:22,0
0,114.05905200000001,22.520866,2016-11-03 04:15:37,0
4,114.140251,22.54995,2016-11-03 04:15:33,0
3,113.85666699999999,22.625851,2016-11-03 04:15:41,1
4,114.139297,22.549882999999998,2016-11-03 04:15:48,0
0,114.05905200000001,22.520866,2016-11-03 04:15:52,0
3,113.853668,22.628218,2016-11-03 04:16:01,1
2,113.93094599999999,22.493382999999998,2016-11-03 04:14:38,1
4,114.13780200000001,22.549749,2016-11-03 04:16:03,0
0,114.05905200000001,22.520866,2016-11-03 04:16:07,0
4,114.13586399999998,22.5495,2016-11-03 04:16:18,0
3,113.85073100000001,22.629601,2016-11-03 04:16:21,1
0,114.05905200000001,22.520866,2016-11-03 04:16:22,0
4,114.13372,22.549282,2016-11-03 04:16:33,0
1,113.884804,22.587317000000002,2016-11-03 04:16:35,0
0,114.05905200000001,22.520866,2016-11-03 04:16:37,0
3,113.849686,22.62755,2016-11-03 04:16:41,1
4,114.132271,22.549101,2016-11-03 04:16:48,0
0,114.05905200000001,22.520866,2016-11-03 04:16:52,0
3,113.849953,22.626949,2016-11-03 04:17:01,1
4,114.132271,22.549101,2016-11-03 04:17:03,0
0,114.05905200000001,22.520866,2016-11-03 04:17:07,0
4,114.13110400000001,22.548932999999998,2016-11-03 04:17:18,0
3,113.849953,22.626949,2016-11-03 04:17:21,1
0,114.05905200000001,22.520866,2016-11-03 04:17:22,0
4,114.13105,22.548918,2016-11-03 04:17:33,0
0,114.05905200000001,22.520866,2016-11-03 04:17:37,0
4,114.13105,22.548918,2016-11-03 04:17:48,0
0,114.05905200000001,22.520866,2016-11-03 04:17:52,0
4,114.13105,22.548918,2016-11-03 04:18:03,0
0,114.05905200000001,22.520866,2016-11-03 04:18:07,0
4,114.13105,22.548918,2016-11-03 04:18:18,0
0,114.05905200000001,22.520866,2016-11-03 04:18:22,0
4,114.13105,22.548918,2016-11-03 04:18:33,0
0,114.05905200000001,22.520866,2016-11-03 04:18:37,0
2,113.9291,22.497749,2016-11-03 04:18:43,0
2,113.9291,22.497749,2016-11-03 04:18:44,0
4,114.13105,22.548918,2016-11-03 04:18:48,0
2,113.9291,22.497749,2016-11-03 04:18:50,0
0,114.05905200000001,22.520866,2016-11-03 04:18:52,0
3,113.850197,22.625084,2016-11-03 04:17:40,1
3,113.846069,22.622467,2016-11-03 04:18:08,1
3,113.8424,22.621482999999998,2016-11-03 04:18:28,1
3,113.83841699999999,22.620434,2016-11-03 04:18:48,1
3,113.836037,22.619801000000002,2016-11-03 04:18:59,1
2,113.929115,22.497784,2016-11-03 04:19:03,0
4,114.13105,22.548918,2016-11-03 04:19:02,0
0,114.05905200000001,22.520866,2016-11-03 04:19:07,0
2,113.92898600000001,22.498234,2016-11-03 04:19:13,0
4,114.13105,22.548918,2016-11-03 04:19:18,0
0,114.05905200000001,22.520866,2016-11-03 04:19:22,0
3,113.831497,22.617983,2016-11-03 04:19:22,1
3,113.83033,22.617434,2016-11-03 04:19:28,1
2,113.928802,22.499416,2016-11-03 04:19:28,0
4,114.13105,22.548918,2016-11-03 04:19:33,0
2,113.928703,22.500267,2016-11-03 04:19:36,0
0,114.05905200000001,22.520866,2016-11-03 04:19:37,0
4,114.130936,22.549383,2016-11-03 04:19:48,0
0,114.05905200000001,22.520866,2016-11-03 04:19:52,0
2,113.928101,22.502466000000002,2016-11-03 04:20:00,0
4,114.130951,22.549882999999998,2016-11-03 04:20:03,0
0,114.05905200000001,22.520866,2016-11-03 04:20:07,0
2,113.928032,22.502983,2016-11-03 04:20:06,0
2,113.927834,22.504049,2016-11-03 04:20:15,0
4,114.131203,22.550467,2016-11-03 04:20:18,0
2,113.927567,22.504732,2016-11-03 04:20:21,0
0,114.05905200000001,22.520866,2016-11-03 04:20:22,0
2,113.927269,22.505667000000003,2016-11-03 04:20:29,0
4,114.130936,22.5508,2016-11-03 04:20:33,0
0,114.05905200000001,22.520866,2016-11-03 04:20:37,0
2,113.92708600000002,22.507351,2016-11-03 04:20:44,0
4,114.130051,22.55085,2016-11-03 04:20:48,0
0,114.05905200000001,22.520866,2016-11-03 04:20:52,0
2,113.92728400000001,22.507584,2016-11-03 04:20:59,0
4,114.12928000000001,22.550767999999998,2016-11-03 04:21:03,0
0,114.05905200000001,22.520866,2016-11-03 04:21:07,0
2,113.927269,22.507566,2016-11-03 04:21:14,0
4,114.128616,22.550484,2016-11-03 04:21:18,0
0,114.05905200000001,22.520866,2016-11-03 04:21:22,0
2,113.92721599999999,22.507532,2016-11-03 04:21:29,0
4,114.127953,22.55015,2016-11-03 04:21:33,0
1,113.885002,22.587566,2016-11-03 04:21:35,0
0,114.05905200000001,22.520866,2016-11-03 04:21:37,0
2,113.927231,22.508101,2016-11-03 04:21:44,0
4,114.12663300000001,22.549717,2016-11-03 04:21:48,0
0,114.05905200000001,22.520866,2016-11-03 04:21:52,0
2,113.92733,22.509567,2016-11-03 04:21:59,0
4,114.12561799999999,22.5494,2016-11-03 04:22:03,0
0,114.05905200000001,22.520866,2016-11-03 04:22:07,0
3,113.826866,22.615801,2016-11-03 04:19:47,1
3,113.82193000000001,22.613533,2016-11-03 04:20:15,1
3,113.81897,22.612182999999998,2016-11-03 04:20:35,1
3,113.816681,22.613198999999998,2016-11-03 04:20:54,1
3,113.814796,22.616568,2016-11-03 04:21:17,1
3,113.813217,22.619516,2016-11-03 04:21:37,1
3,113.811852,22.622367999999998,2016-11-03 04:21:57,1
3,113.812698,22.624083,2016-11-03 04:22:10,1
2,113.927467,22.511084,2016-11-03 04:22:14,0
4,114.12418400000001,22.548918,2016-11-03 04:22:18,0
0,114.05905200000001,22.520866,2016-11-03 04:22:22,0
3,113.812347,22.626699,2016-11-03 04:22:31,1
2,113.927452,22.5124,2016-11-03 04:22:29,0
4,114.122948,22.548616,2016-11-03 04:22:33,0
0,114.058746,22.520782,2016-11-03 04:22:37,0
2,113.927536,22.512583,2016-11-03 04:22:44,0
4,114.12271899999999,22.5495,2016-11-03 04:22:48,0
0,114.05873100000001,22.520767000000003,2016-11-03 04:22:52,0
3,113.81036399999999,22.627968,2016-11-03 04:22:51,1
2,113.927467,22.512583,2016-11-03 04:22:59,0
4,114.122551,22.550266,2016-11-03 04:23:03,0
0,114.05873100000001,22.520767000000003,2016-11-03 04:23:07,0
3,113.80916599999999,22.627399,2016-11-03 04:23:11,1
2,113.927521,22.512532999999998,2016-11-03 04:23:14,0
4,114.122437,22.550832999999997,2016-11-03 04:23:18,0
0,114.05873100000001,22.520767000000003,2016-11-03 04:23:22,0
2,113.927536,22.513332000000002,2016-11-03 04:23:29,0
3,113.808952,22.627317,2016-11-03 04:23:31,1
3,113.808952,22.627317,2016-11-03 04:23:34,0
4,114.122299,22.551482999999998,2016-11-03 04:23:33,0
2,113.92761999999999,22.51405,2016-11-03 04:23:37,0
0,114.05873100000001,22.520767000000003,2016-11-03 04:23:37,0
4,114.122253,22.551666,2016-11-03 04:23:48,0
0,114.05873100000001,22.520767000000003,2016-11-03 04:23:52,0
2,113.92763500000001,22.51545,2016-11-03 04:23:52,0
3,113.808952,22.627317,2016-11-03 04:23:54,0
4,114.122147,22.552017000000003,2016-11-03 04:24:03,0
0,114.058952,22.520933,2016-11-03 04:24:07,0
3,113.808952,22.627317,2016-11-03 04:24:14,0
2,113.92765,22.517817,2016-11-03 04:24:15,0
2,113.92765,22.517817,2016-11-03 04:24:16,0
4,114.12133,22.552183,2016-11-03 04:24:18,0
0,114.058952,22.520933,2016-11-03 04:24:22,0
2,113.92766599999999,22.517817,2016-11-03 04:24:23,0
3,113.808952,22.627317,2016-11-03 04:24:34,0
4,114.12085,22.552082000000002,2016-11-03 04:24:33,0
0,114.058952,22.520933,2016-11-03 04:24:37,0
2,113.92778,22.517882999999998,2016-11-03 04:24:38,0
4,114.12085,22.552082000000002,2016-11-03 04:24:47,0
0,114.058952,22.520933,2016-11-03 04:24:52,0
2,113.927803,22.517782,2016-11-03 04:24:53,0
3,113.80808300000001,22.626917000000002,2016-11-03 04:24:54,0
4,114.12085,22.552082000000002,2016-11-03 04:25:02,0
0,114.058952,22.520933,2016-11-03 04:25:07,0
2,113.92775,22.517817,2016-11-03 04:25:08,0
3,113.80703000000001,22.626417,2016-11-03 04:25:14,0
2,113.92781799999999,22.5179,2016-11-03 04:25:16,0
4,114.12085,22.552082000000002,2016-11-03 04:25:17,0
0,114.058952,22.520933,2016-11-03 04:25:22,0
2,113.926849,22.518117999999998,2016-11-03 04:25:31,0
3,113.80583200000001,22.625299,2016-11-03 04:25:34,0
4,114.12008700000001,22.552116,2016-11-03 04:25:33,0
0,114.058952,22.520933,2016-11-03 04:25:37,0
2,113.92541499999999,22.51815,2016-11-03 04:25:46,0
4,114.11916399999998,22.552,2016-11-03 04:25:48,0
0,114.058952,22.520933,2016-11-03 04:25:52,0
3,113.80581699999999,22.62495,2016-11-03 04:25:54,0
4,114.118347,22.551849,2016-11-03 04:26:03,0
0,114.058952,22.520933,2016-11-03 04:26:07,0
2,113.925102,22.518032,2016-11-03 04:26:01,0
2,113.925148,22.518101,2016-11-03 04:26:09,0
2,113.925148,22.518101,2016-11-03 04:26:10,0
3,113.80581699999999,22.62495,2016-11-03 04:26:14,0
2,113.925018,22.518083999999998,2016-11-03 04:26:17,0
4,114.118179,22.551434,2016-11-03 04:26:18,0
0,114.058952,22.520933,2016-11-03 04:26:22,0
2,113.92472099999999,22.518032,2016-11-03 04:26:32,0
3,113.807014,22.622683,2016-11-03 04:26:34,0
4,114.11756899999999,22.551268,2016-11-03 04:26:33,0
1,113.884781,22.5874,2016-11-03 04:26:35,0
0,114.058952,22.520933,2016-11-03 04:26:37,0
2,113.924149,22.518017,2016-11-03 04:26:40,0
4,114.11756899999999,22.551268,2016-11-03 04:26:47,0
0,114.058952,22.520933,2016-11-03 04:26:52,0
3,113.808403,22.620268,2016-11-03 04:26:54,0
2,113.922531,22.517967000000002,2016-11-03 04:26:55,0
2,113.92236299999999,22.518284,2016-11-03 04:27:03,0
4,114.116753,22.551832,2016-11-03 04:27:02,0
0,114.058952,22.520933,2016-11-03 04:27:07,0
3,113.809868,22.617617000000003,2016-11-03 04:27:14,0
2,113.922684,22.519683999999998,2016-11-03 04:27:18,0
4,114.1157,22.553133,2016-11-03 04:27:18,0
0,114.058952,22.520933,2016-11-03 04:27:22,0
3,113.811485,22.614683,2016-11-03 04:27:34,0
4,114.115402,22.553432,2016-11-03 04:27:33,0
2,113.92341599999999,22.521467,2016-11-03 04:27:33,0
0,114.058952,22.520933,2016-11-03 04:27:37,0
2,113.923782,22.52235,2016-11-03 04:27:41,0
4,114.115402,22.553432,2016-11-03 04:27:48,0
0,114.05866999999999,22.520832000000002,2016-11-03 04:27:52,0
2,113.924347,22.523782999999998,2016-11-03 04:27:56,0
4,114.115402,22.553432,2016-11-03 04:28:03,0
2,113.924568,22.52475,2016-11-03 04:28:04,0
0,114.05866999999999,22.520832000000002,2016-11-03 04:28:07,0
2,113.924484,22.526917,2016-11-03 04:28:19,0
4,114.114632,22.553832999999997,2016-11-03 04:28:17,0
0,114.058548,22.5207,2016-11-03 04:28:22,0
4,114.11266299999998,22.55415,2016-11-03 04:28:32,0
2,113.92431599999999,22.528868,2016-11-03 04:28:34,0
0,114.058548,22.5207,2016-11-03 04:28:37,0
4,114.11058,22.554382,2016-11-03 04:28:47,0
2,113.924683,22.531017000000002,2016-11-03 04:28:49,0
0,114.058548,22.5207,2016-11-03 04:28:52,0
2,113.92563600000001,22.5327,2016-11-03 04:29:04,0
0,114.058548,22.5207,2016-11-03 04:29:07,0
4,114.10936699999999,22.553066,2016-11-03 04:29:02,0
2,113.92673500000001,22.534733,2016-11-03 04:29:19,0
4,114.10753600000001,22.552799,2016-11-03 04:29:17,0
0,114.058548,22.5207,2016-11-03 04:29:22,0
3,113.813599,22.6108,2016-11-03 04:28:14,0
3,113.81291999999999,22.609318,2016-11-03 04:28:34,0
3,113.81006599999999,22.6078,2016-11-03 04:28:54,0
3,113.80905200000001,22.607218,2016-11-03 04:29:17,0
3,113.80905200000001,22.607218,2016-11-03 04:29:24,0
2,113.92703200000001,22.536716000000002,2016-11-03 04:29:34,0
4,114.10666699999999,22.553082999999997,2016-11-03 04:29:32,0
0,114.058548,22.5207,2016-11-03 04:29:37,0
4,114.10613300000001,22.553368,2016-11-03 04:29:46,0
2,113.927116,22.53895,2016-11-03 04:29:49,0
0,114.058548,22.5207,2016-11-03 04:29:52,0
3,113.808884,22.607117000000002,2016-11-03 04:29:47,0
3,113.808884,22.607117000000002,2016-11-03 04:29:55,0
2,113.927116,22.5401,2016-11-03 04:29:57,0
4,114.105331,22.553551000000002,2016-11-03 04:30:01,0
0,114.058548,22.5207,2016-11-03 04:30:07,0
2,113.92708600000002,22.542017,2016-11-03 04:30:12,0
4,114.104248,22.553283999999998,2016-11-03 04:30:16,0
0,114.058548,22.5207,2016-11-03 04:30:22,0
2,113.92698700000001,22.543882,2016-11-03 04:30:27,0
4,114.10311899999999,22.552917,2016-11-03 04:30:31,0
0,114.05886799999999,22.521048999999998,2016-11-03 04:30:37,0
2,113.926064,22.544082999999997,2016-11-03 04:30:42,0
4,114.102501,22.552816,2016-11-03 04:30:46,0
2,113.925598,22.543516,2016-11-03 04:30:50,0
3,113.808884,22.607117000000002,2016-11-03 04:30:18,0
3,113.808884,22.607117000000002,2016-11-03 04:30:38,0
3,113.808884,22.607117000000002,2016-11-03 04:30:51,0
0,114.05886799999999,22.521048999999998,2016-11-03 04:30:52,0
4,114.102501,22.552816,2016-11-03 04:31:01,0
0,114.05886799999999,22.521048999999998,2016-11-03 04:31:07,0
2,113.92408,22.543067999999998,2016-11-03 04:31:05,0
3,113.808884,22.607117000000002,2016-11-03 04:31:12,0
2,113.92303500000001,22.542999,2016-11-03 04:31:13,0
4,114.102501,22.552816,2016-11-03 04:31:16,0
0,114.05886799999999,22.521048999999998,2016-11-03 04:31:22,0
2,113.92136399999998,22.543051000000002,2016-11-03 04:31:28,0
3,113.808884,22.607117000000002,2016-11-03 04:31:32,0
4,114.102501,22.552816,2016-11-03 04:31:31,0
1,113.884933,22.587317000000002,2016-11-03 04:31:35,0
0,114.05886799999999,22.521048999999998,2016-11-03 04:31:37,0
2,113.919731,22.543217000000002,2016-11-03 04:31:43,0
4,114.102501,22.552816,2016-11-03 04:31:45,0
3,113.808884,22.607117000000002,2016-11-03 04:31:52,0
0,114.058632,22.520849,2016-11-03 04:31:52,0
2,113.91905200000001,22.543432,2016-11-03 04:31:58,0
4,114.102501,22.552816,2016-11-03 04:32:00,0
0,114.058632,22.520849,2016-11-03 04:32:07,0
3,113.808884,22.607117000000002,2016-11-03 04:32:12,0
2,113.91896799999999,22.544483,2016-11-03 04:32:13,0
4,114.102501,22.552816,2016-11-03 04:32:15,0
0,114.058632,22.520849,2016-11-03 04:32:22,0
2,113.91878500000001,22.545548999999998,2016-11-03 04:32:28,0
3,113.808884,22.607117000000002,2016-11-03 04:32:32,0
4,114.102501,22.552816,2016-11-03 04:32:30,0
0,114.058853,22.520666000000002,2016-11-03 04:32:41,1
2,113.91871599999999,22.546734,2016-11-03 04:32:43,0
4,114.102501,22.552816,2016-11-03 04:32:45,0
3,113.808884,22.607117000000002,2016-11-03 04:32:52,0
0,114.058815,22.520184,2016-11-03 04:32:55,1
2,113.918617,22.547649,2016-11-03 04:33:00,0
4,114.102501,22.552816,2016-11-03 04:33:00,0
2,113.918602,22.547898999999997,2016-11-03 04:33:06,0
0,114.058815,22.520184,2016-11-03 04:33:09,1
3,113.808884,22.607117000000002,2016-11-03 04:33:12,0
4,114.102501,22.552816,2016-11-03 04:33:14,0
2,113.91858700000002,22.548282999999998,2016-11-03 04:33:21,0
0,114.05946399999999,22.520166,2016-11-03 04:33:22,1
3,113.808884,22.607117000000002,2016-11-03 04:33:32,0
4,114.102501,22.552816,2016-11-03 04:33:29,0
2,113.918434,22.548532,2016-11-03 04:33:36,0
0,114.060768,22.520901000000002,2016-11-03 04:33:37,1
4,114.102501,22.552816,2016-11-03 04:33:44,0
3,113.808884,22.607117000000002,2016-11-03 04:33:52,0
2,113.91838100000001,22.54925,2016-11-03 04:33:51,0
0,114.062347,22.522217,2016-11-03 04:33:52,1
4,114.102501,22.552816,2016-11-03 04:33:59,0
2,113.918503,22.550051,2016-11-03 04:34:06,0
0,114.06323200000001,22.524166,2016-11-03 04:34:07,1
3,113.808884,22.607117000000002,2016-11-03 04:34:12,0
2,113.918449,22.550449,2016-11-03 04:34:14,0
4,114.102501,22.552816,2016-11-03 04:34:14,0
0,114.06338500000001,22.525734,2016-11-03 04:34:22,1
2,113.91851799999999,22.551482999999998,2016-11-03 04:34:29,0
3,113.808884,22.607117000000002,2016-11-03 04:34:32,0
4,114.102501,22.552816,2016-11-03 04:34:28,0
0,114.06336999999999,22.525783999999998,2016-11-03 04:34:37,1
2,113.91848,22.551666,2016-11-03 04:34:44,0
4,114.102501,22.552816,2016-11-03 04:34:43,0
0,114.06336999999999,22.525783999999998,2016-11-03 04:34:52,1
3,113.808884,22.607117000000002,2016-11-03 04:34:52,0
2,113.918465,22.551682999999997,2016-11-03 04:35:00,1
4,114.102501,22.552816,2016-11-03 04:34:58,0
0,114.0634,22.526434,2016-11-03 04:35:07,1
3,113.808884,22.607117000000002,2016-11-03 04:35:12,0
2,113.91840400000001,22.552217000000002,2016-11-03 04:35:15,1
4,114.102501,22.552816,2016-11-03 04:35:13,0
0,114.06341599999999,22.528418,2016-11-03 04:35:22,1
2,113.918282,22.553217,2016-11-03 04:35:30,1
3,113.808884,22.607117000000002,2016-11-03 04:35:32,0
4,114.102501,22.552816,2016-11-03 04:35:28,0
0,114.063248,22.53005,2016-11-03 04:35:37,1
2,113.918503,22.555067,2016-11-03 04:35:45,1
4,114.102501,22.552816,2016-11-03 04:35:43,0
3,113.808884,22.607117000000002,2016-11-03 04:35:52,0
0,114.063698,22.531433,2016-11-03 04:35:52,1
2,113.91993000000001,22.555134,2016-11-03 04:36:00,1
4,114.102501,22.552816,2016-11-03 04:35:58,0
0,114.06521599999999,22.53145,2016-11-03 04:36:07,1
3,113.808884,22.607117000000002,2016-11-03 04:36:12,0
2,113.92203500000001,22.554968,2016-11-03 04:36:15,1
4,114.102501,22.552816,2016-11-03 04:36:13,0
0,114.067619,22.531549,2016-11-03 04:36:22,1
2,113.92437,22.554832,2016-11-03 04:36:30,1
3,113.808884,22.607117000000002,2016-11-03 04:36:32,0
1,113.88463600000001,22.587432999999997,2016-11-03 04:36:35,0
4,114.102501,22.552816,2016-11-03 04:36:28,0
0,114.06948100000001,22.531317,2016-11-03 04:36:37,1
2,113.92703200000001,22.554617,2016-11-03 04:36:45,1
4,114.102501,22.552816,2016-11-03 04:36:43,0
3,113.808884,22.607117000000002,2016-11-03 04:36:52,0
0,114.068352,22.531133999999998,2016-11-03 04:36:52,1
2,113.927834,22.553734,2016-11-03 04:36:53,1
4,114.102501,22.552816,2016-11-03 04:36:58,0
2,113.92863500000001,22.551901,2016-11-03 04:37:08,1
3,113.808884,22.607117000000002,2016-11-03 04:37:12,0
2,113.928619,22.550532999999998,2016-11-03 04:37:16,1
4,114.102501,22.552816,2016-11-03 04:37:13,0
2,113.928436,22.549217000000002,2016-11-03 04:37:25,1
0,114.06828300000001,22.533282999999997,2016-11-03 04:37:07,1
0,114.06826799999999,22.535883,2016-11-03 04:37:22,1
3,113.808884,22.607117000000002,2016-11-03 04:37:32,0
2,113.928215,22.54845,2016-11-03 04:37:31,1
4,114.102501,22.552816,2016-11-03 04:37:28,0
0,114.06828300000001,22.537933,2016-11-03 04:37:37,1
2,113.92728400000001,22.546568,2016-11-03 04:37:46,1
4,114.102501,22.552816,2016-11-03 04:37:43,0
3,113.808884,22.607117000000002,2016-11-03 04:37:52,0
0,114.069771,22.538532,2016-11-03 04:37:52,1
2,113.926483,22.544718,2016-11-03 04:38:01,1
4,114.102501,22.552816,2016-11-03 04:37:58,0
0,114.071701,22.538532,2016-11-03 04:38:07,1
2,113.92585,22.544067000000002,2016-11-03 04:38:09,1
2,113.92585,22.544067000000002,2016-11-03 04:38:10,1
3,113.808884,22.607117000000002,2016-11-03 04:38:12,0
2,113.925919,22.544117,2016-11-03 04:38:17,1
4,114.102501,22.552816,2016-11-03 04:38:13,0
0,114.072052,22.537149,2016-11-03 04:38:22,1
3,113.808884,22.607117000000002,2016-11-03 04:38:32,0
4,114.102501,22.552816,2016-11-03 04:38:28,0
2,113.927048,22.543734,2016-11-03 04:38:32,1
0,114.072121,22.535868,2016-11-03 04:38:37,1
2,113.927231,22.544767,2016-11-03 04:38:47,1
4,114.102501,22.552816,2016-11-03 04:38:43,0
3,113.808884,22.607117000000002,2016-11-03 04:38:52,0
0,114.07263200000001,22.535816,2016-11-03 04:38:52,1
2,113.92759699999999,22.545732,2016-11-03 04:39:02,1
4,114.102501,22.552816,2016-11-03 04:38:58,0
0,114.073349,22.535851,2016-11-03 04:39:07,1
3,113.809097,22.607183,2016-11-03 04:39:12,0
2,113.92851999999999,22.545233,2016-11-03 04:39:17,1
4,114.102501,22.552816,2016-11-03 04:39:13,0
0,114.073586,22.535618,2016-11-03 04:39:22,0
2,113.928749,22.544017999999998,2016-11-03 04:39:32,1
4,114.102501,22.552816,2016-11-03 04:39:28,0
0,114.073586,22.535618,2016-11-03 04:39:37,0
3,113.810898,22.608168,2016-11-03 04:39:32,0
2,113.92883300000001,22.543449,2016-11-03 04:39:47,1
4,114.102501,22.552816,2016-11-03 04:39:43,0
3,113.813698,22.609234,2016-11-03 04:39:52,0
0,114.073586,22.535618,2016-11-03 04:39:52,0
2,113.928932,22.5438,2016-11-03 04:40:02,0
4,114.102501,22.552816,2016-11-03 04:39:58,0
0,114.073769,22.535366,2016-11-03 04:40:07,0
2,113.929001,22.544033,2016-11-03 04:40:10,0
4,114.102501,22.552816,2016-11-03 04:40:13,0
0,114.07451599999999,22.534866,2016-11-03 04:40:22,0
2,113.92896999999999,22.5441,2016-11-03 04:40:25,0
4,114.102501,22.552816,2016-11-03 04:40:28,0
0,114.07496599999999,22.534599,2016-11-03 04:40:37,0
2,113.92908500000001,22.544082999999997,2016-11-03 04:40:40,0
3,113.816566,22.61055,2016-11-03 04:40:12,0
3,113.81765,22.611168,2016-11-03 04:40:32,0
4,114.102501,22.552816,2016-11-03 04:40:43,0
3,113.81765,22.611168,2016-11-03 04:40:52,0
0,114.07527900000001,22.534384,2016-11-03 04:40:52,0
2,113.930168,22.543817999999998,2016-11-03 04:40:55,0
4,114.102501,22.552816,2016-11-03 04:40:58,0
0,114.075516,22.534184,2016-11-03 04:41:07,0
2,113.930618,22.5431,2016-11-03 04:41:10,0
3,113.81868,22.611616,2016-11-03 04:41:12,0
2,113.93053400000001,22.542816000000002,2016-11-03 04:41:18,0
4,114.102501,22.552816,2016-11-03 04:41:13,0
0,114.07588200000001,22.534349,2016-11-03 04:41:22,0
3,113.82173200000001,22.613083,2016-11-03 04:41:32,0
2,113.928253,22.543083,2016-11-03 04:41:33,0
4,114.102501,22.552816,2016-11-03 04:41:28,0
1,113.884819,22.587282000000002,2016-11-03 04:41:35,0
0,114.076202,22.534651,2016-11-03 04:41:37,0
2,113.925468,22.542883,2016-11-03 04:41:48,0
4,114.102501,22.552816,2016-11-03 04:41:43,0
0,114.07656899999999,22.535101,2016-11-03 04:41:52,0
2,113.92400400000001,22.542932999999998,2016-11-03 04:41:56,0
4,114.102501,22.552816,2016-11-03 04:41:58,0
0,114.076897,22.535467,2016-11-03 04:42:07,0
2,113.92128000000001,22.543051000000002,2016-11-03 04:42:11,0
2,113.920601,22.5432,2016-11-03 04:42:19,0
4,114.102501,22.552816,2016-11-03 04:42:13,0
0,114.077248,22.535883,2016-11-03 04:42:22,0
3,113.82503500000001,22.614798999999998,2016-11-03 04:41:52,0
3,113.828598,22.616501,2016-11-03 04:42:12,0
2,113.920601,22.5432,2016-11-03 04:42:20,0
3,113.832199,22.618183,2016-11-03 04:42:32,0
4,114.102501,22.552816,2016-11-03 04:42:28,0
0,114.0774,22.536417,2016-11-03 04:42:37,0
2,113.92078400000001,22.545932999999998,2016-11-03 04:42:43,0
2,113.92078400000001,22.546667000000003,2016-11-03 04:42:49,0
4,114.102501,22.552816,2016-11-03 04:42:43,0
0,114.077347,22.537018,2016-11-03 04:42:52,0
1,113.88488000000001,22.587217000000003,2016-11-03 04:42:56,0
3,113.83577,22.619617,2016-11-03 04:42:52,0
4,114.102501,22.552816,2016-11-03 04:42:58,0
0,114.077431,22.537782999999997,2016-11-03 04:43:07,0
3,113.839584,22.620617000000003,2016-11-03 04:43:12,0
4,114.102501,22.552816,2016-11-03 04:43:13,0
0,114.07768200000001,22.538667999999998,2016-11-03 04:43:22,0
2,113.920464,22.549132999999998,2016-11-03 04:43:13,0
2,113.920097,22.549267,2016-11-03 04:43:20,0
2,113.91925,22.549167999999998,2016-11-03 04:43:28,0
3,113.84306299999999,22.621517,2016-11-03 04:43:32,0
4,114.102501,22.552816,2016-11-03 04:43:28,0
0,114.07766699999999,22.539351,2016-11-03 04:43:37,0
2,113.918465,22.549633,2016-11-03 04:43:43,0
4,114.102501,22.552816,2016-11-03 04:43:43,0
3,113.84608500000002,22.622217000000003,2016-11-03 04:43:52,0
0,114.077751,22.540001,2016-11-03 04:43:52,0
2,113.91840400000001,22.550734,2016-11-03 04:43:58,0
4,114.102501,22.552816,2016-11-03 04:43:58,0
2,113.918434,22.551482999999998,2016-11-03 04:44:07,0
0,114.077751,22.540001,2016-11-03 04:44:07,0
3,113.84798400000001,22.622316,2016-11-03 04:44:12,0
2,113.918449,22.5518,2016-11-03 04:44:18,0
4,114.102501,22.552816,2016-11-03 04:44:14,0
0,114.077751,22.540001,2016-11-03 04:44:22,0
2,113.918465,22.55175,2016-11-03 04:44:28,0
3,113.849548,22.620483,2016-11-03 04:44:32,0
4,114.102501,22.552816,2016-11-03 04:44:29,0
0,114.07721699999999,22.540182,2016-11-03 04:44:37,0
2,113.918434,22.551701,2016-11-03 04:44:43,0
4,114.102501,22.552816,2016-11-03 04:44:44,0
3,113.850967,22.618799,2016-11-03 04:44:52,0
0,114.076431,22.540051000000002,2016-11-03 04:44:52,0
2,113.918449,22.551701,2016-11-03 04:44:58,0
4,114.102501,22.552816,2016-11-03 04:44:59,0
0,114.07618000000001,22.540198999999998,2016-11-03 04:45:07,0
3,113.85248600000001,22.616568,2016-11-03 04:45:12,0
2,113.91848,22.551718,2016-11-03 04:45:13,0
4,114.102501,22.552816,2016-11-03 04:45:14,0
0,114.07521799999999,22.540117000000002,2016-11-03 04:45:22,0
2,113.91851799999999,22.551832,2016-11-03 04:45:28,0
3,113.853783,22.614367,2016-11-03 04:45:32,0
4,114.102501,22.552816,2016-11-03 04:45:29,0
0,114.074547,22.539867,2016-11-03 04:45:37,0
2,113.918465,22.55175,2016-11-03 04:45:43,0
4,114.102501,22.552816,2016-11-03 04:45:44,0
3,113.855598,22.610617,2016-11-03 04:45:52,0
0,114.07381399999998,22.5394,2016-11-03 04:45:52,0
2,113.918419,22.551648999999998,2016-11-03 04:45:58,0
4,114.102501,22.552816,2016-11-03 04:45:59,0
0,114.073067,22.538982,2016-11-03 04:46:07,0
3,113.858299,22.607267,2016-11-03 04:46:13,0
2,113.918503,22.551666,2016-11-03 04:46:13,0
4,114.102501,22.552816,2016-11-03 04:46:14,0
0,114.072151,22.5387,2016-11-03 04:46:22,0
2,113.91858700000002,22.551648999999998,2016-11-03 04:46:28,0
0,114.07213600000001,22.5387,2016-11-03 04:46:37,0
2,113.918747,22.551783,2016-11-03 04:46:43,0
4,114.102501,22.552816,2016-11-03 04:46:30,0
4,114.102501,22.552816,2016-11-03 04:46:45,0
0,114.07083100000001,22.538683,2016-11-03 04:46:52,0
2,113.91878500000001,22.5518,2016-11-03 04:46:58,0
4,114.102501,22.552816,2016-11-03 04:46:59,0
2,113.91856399999999,22.551884,2016-11-03 04:47:13,0
4,114.10203600000001,22.552616,2016-11-03 04:47:14,0
0,114.06868,22.538667999999998,2016-11-03 04:47:07,0
2,113.918449,22.552317000000002,2016-11-03 04:47:28,0
4,114.10203600000001,22.552616,2016-11-03 04:47:29,0
3,113.861534,22.603416,2016-11-03 04:46:36,0
3,113.862366,22.601267,2016-11-03 04:46:56,0
3,113.86239599999999,22.601151,2016-11-03 04:47:16,0
3,113.86239599999999,22.601151,2016-11-03 04:47:36,0
3,113.86239599999999,22.601151,2016-11-03 04:47:37,0
2,113.91832,22.552151000000002,2016-11-03 04:47:43,0
4,114.10203600000001,22.552616,2016-11-03 04:47:45,0
1,113.88485,22.587282000000002,2016-11-03 04:47:50,0
2,113.91835,22.551268,2016-11-03 04:47:58,0
4,114.10203600000001,22.552616,2016-11-03 04:48:00,0
3,113.86243400000001,22.601101,2016-11-03 04:48:00,0
3,113.86243400000001,22.601101,2016-11-03 04:48:07,0
2,113.91835,22.550016,2016-11-03 04:48:13,0
4,114.10203600000001,22.552616,2016-11-03 04:48:15,0
2,113.91840400000001,22.548651,2016-11-03 04:48:28,0
4,114.10203600000001,22.552616,2016-11-03 04:48:25,1
3,113.86243400000001,22.601101,2016-11-03 04:48:31,0
3,113.86243400000001,22.601101,2016-11-03 04:48:37,0
4,114.101418,22.552334,2016-11-03 04:48:40,1
2,113.91858700000002,22.546801000000002,2016-11-03 04:48:43,0
0,114.06291999999999,22.537518,2016-11-03 04:48:51,0
2,113.918671,22.545834,2016-11-03 04:48:51,0
0,114.062881,22.537434,2016-11-03 04:48:52,0
4,114.099998,22.552067,2016-11-03 04:48:55,1
0,114.062752,22.536417,2016-11-03 04:49:05,0
2,113.918747,22.5459,2016-11-03 04:49:06,0
4,114.09953300000001,22.553082999999997,2016-11-03 04:49:10,1
0,114.06295,22.535232999999998,2016-11-03 04:49:20,0
2,113.91885400000001,22.546801000000002,2016-11-03 04:49:21,0
4,114.09948,22.5548,2016-11-03 04:49:26,1
0,114.06304899999999,22.534218,2016-11-03 04:49:35,0
2,113.918732,22.547268,2016-11-03 04:49:36,0
3,113.86243400000001,22.601101,2016-11-03 04:49:00,0
3,113.86243400000001,22.601101,2016-11-03 04:49:09,0
3,113.86243400000001,22.601101,2016-11-03 04:49:32,0
3,113.86243400000001,22.601101,2016-11-03 04:49:40,0
4,114.09948,22.554934,2016-11-03 04:49:41,1
0,114.063004,22.531782,2016-11-03 04:49:50,0
2,113.91868600000001,22.547832,2016-11-03 04:49:51,0
4,114.09948,22.554934,2016-11-03 04:49:56,1
0,114.062836,22.529467,2016-11-03 04:50:04,0
2,113.91881599999999,22.547933999999998,2016-11-03 04:50:05,0
3,113.86243400000001,22.601101,2016-11-03 04:50:03,0
3,113.86243400000001,22.601101,2016-11-03 04:50:09,0
4,114.09948,22.554934,2016-11-03 04:50:11,1
0,114.062836,22.527666,2016-11-03 04:50:20,0
2,113.9188,22.547933999999998,2016-11-03 04:50:21,0
4,114.099434,22.556583,2016-11-03 04:50:26,1
0,114.063034,22.526318,2016-11-03 04:50:35,0
2,113.918732,22.547898999999997,2016-11-03 04:50:36,0
3,113.86243400000001,22.601101,2016-11-03 04:50:32,0
3,113.86243400000001,22.601101,2016-11-03 04:50:39,0
4,114.09938000000001,22.5581,2016-11-03 04:50:41,1
0,114.063034,22.5261,2016-11-03 04:50:50,0
2,113.918671,22.547916,2016-11-03 04:50:51,0
4,114.09938000000001,22.559217,2016-11-03 04:50:56,1
0,114.063034,22.5261,2016-11-03 04:51:04,0
2,113.91863300000001,22.547898999999997,2016-11-03 04:51:06,0
3,113.86243400000001,22.601101,2016-11-03 04:51:02,0
3,113.86243400000001,22.601101,2016-11-03 04:51:10,0
4,114.099319,22.561632,2016-11-03 04:51:12,1
0,114.063034,22.5261,2016-11-03 04:51:20,0
2,113.918549,22.548149,2016-11-03 04:51:21,0
4,114.09926599999999,22.564217000000003,2016-11-03 04:51:27,1
0,114.06308,22.525748999999998,2016-11-03 04:51:35,0
2,113.918602,22.54825,2016-11-03 04:51:36,0
4,114.099236,22.566784,2016-11-03 04:51:42,1
3,113.863335,22.600567,2016-11-03 04:51:33,0
3,113.863853,22.599684,2016-11-03 04:51:41,0
0,114.062851,22.523684,2016-11-03 04:51:50,0
2,113.91868600000001,22.548332000000002,2016-11-03 04:51:51,0
4,114.09918200000001,22.569482999999998,2016-11-03 04:51:57,1
2,113.918701,22.548267000000003,2016-11-03 04:51:59,0
0,114.061699,22.521784,2016-11-03 04:52:05,0
3,113.86581399999999,22.59675,2016-11-03 04:52:04,0
3,113.86657,22.595734,2016-11-03 04:52:11,0
4,114.099052,22.57205,2016-11-03 04:52:12,1
2,113.918671,22.548348999999998,2016-11-03 04:52:14,0
0,114.060768,22.521932999999997,2016-11-03 04:52:20,0
2,113.918671,22.548332000000002,2016-11-03 04:52:29,0
4,114.09891499999999,22.57445,2016-11-03 04:52:27,1
0,114.060349,22.523251000000002,2016-11-03 04:52:35,0
2,113.918671,22.548332000000002,2016-11-03 04:52:37,0
3,113.868835,22.59185,2016-11-03 04:52:34,0
3,113.86953000000001,22.590616,2016-11-03 04:52:41,0
4,114.09918200000001,22.576817000000002,2016-11-03 04:52:42,1
1,113.88490300000001,22.587418,2016-11-03 04:52:50,0
0,114.06033300000001,22.523466,2016-11-03 04:52:50,0
2,113.918671,22.548348999999998,2016-11-03 04:52:52,0
4,114.099548,22.579148999999997,2016-11-03 04:52:57,1
0,114.06033300000001,22.523466,2016-11-03 04:53:05,0
2,113.918648,22.548348999999998,2016-11-03 04:53:07,0
4,114.099899,22.581617,2016-11-03 04:53:12,1
0,114.0597,22.523567,2016-11-03 04:53:20,0
2,113.918648,22.548348999999998,2016-11-03 04:53:22,0
4,114.09908300000001,22.584101,2016-11-03 04:53:26,1
0,114.05873100000001,22.523533,2016-11-03 04:53:35,0
2,113.918671,22.548332000000002,2016-11-03 04:53:37,0
0,114.05866999999999,22.523332999999997,2016-11-03 04:53:50,0
4,114.09783200000001,22.586832,2016-11-03 04:53:41,1
2,113.918648,22.548367000000002,2016-11-03 04:53:51,0
4,114.09798400000001,22.5898,2016-11-03 04:53:56,1
0,114.058853,22.522734,2016-11-03 04:54:05,0
2,113.918701,22.548317,2016-11-03 04:54:07,0
4,114.09828200000001,22.592768,2016-11-03 04:54:11,1
0,114.058952,22.522033999999998,2016-11-03 04:54:20,0
2,113.91868600000001,22.548332000000002,2016-11-03 04:54:22,0
4,114.098083,22.595516,2016-11-03 04:54:27,1
2,113.918671,22.548348999999998,2016-11-03 04:54:30,0
0,114.05898300000001,22.521299,2016-11-03 04:54:35,0
4,114.098869,22.599283,2016-11-03 04:54:42,1
2,113.91871599999999,22.548282999999998,2016-11-03 04:54:45,0
0,114.058998,22.520832000000002,2016-11-03 04:54:50,0
2,113.91871599999999,22.548282999999998,2016-11-03 04:54:53,0
4,114.097748,22.602283,2016-11-03 04:54:57,1
0,114.058952,22.520782,2016-11-03 04:55:05,0
2,113.918732,22.5483,2016-11-03 04:55:08,0
4,114.096001,22.605048999999998,2016-11-03 04:55:12,1
0,114.05891399999999,22.520468,2016-11-03 04:55:20,0
2,113.918671,22.548367000000002,2016-11-03 04:55:23,0
4,114.094254,22.607982999999997,2016-11-03 04:55:27,1
0,114.05891399999999,22.520468,2016-11-03 04:55:34,0
2,113.91868600000001,22.548384,2016-11-03 04:55:37,0
4,114.09311699999999,22.611349,2016-11-03 04:55:42,1
0,114.05891399999999,22.520468,2016-11-03 04:55:50,0
2,113.918671,22.548348999999998,2016-11-03 04:55:53,0
4,114.092201,22.614599,2016-11-03 04:55:57,1
2,113.918701,22.548367000000002,2016-11-03 04:56:01,0
0,114.05891399999999,22.520468,2016-11-03 04:56:04,0
4,114.091301,22.617767,2016-11-03 04:56:12,1
3,113.87265,22.586983,2016-11-03 04:53:04,0
3,113.87561799999999,22.583668,2016-11-03 04:53:25,0
3,113.878166,22.580851000000003,2016-11-03 04:53:45,0
3,113.879852,22.5791,2016-11-03 04:54:05,0
3,113.88216399999999,22.576933,2016-11-03 04:54:25,0
3,113.884949,22.574568,2016-11-03 04:54:45,0
3,113.888199,22.5716,2016-11-03 04:55:05,0
3,113.89178500000001,22.567949,2016-11-03 04:55:28,0
3,113.89468400000001,22.564617000000002,2016-11-03 04:55:48,0
3,113.89695,22.562599,2016-11-03 04:56:08,0
3,113.897797,22.561968,2016-11-03 04:56:15,0
2,113.918648,22.5483,2016-11-03 04:56:16,0
0,114.05891399999999,22.520468,2016-11-03 04:56:20,0
4,114.09088100000001,22.61945,2016-11-03 04:56:26,1
2,113.91868600000001,22.548332000000002,2016-11-03 04:56:31,0
0,114.05891399999999,22.520468,2016-11-03 04:56:34,0
4,114.09086599999999,22.619516,2016-11-03 04:56:41,1
3,113.90091699999999,22.55965,2016-11-03 04:56:38,0
3,113.90183300000001,22.558968,2016-11-03 04:56:45,0
2,113.91871599999999,22.548282999999998,2016-11-03 04:56:46,0
0,114.05891399999999,22.520468,2016-11-03 04:56:50,0
4,114.09023300000001,22.621349,2016-11-03 04:56:56,1
2,113.918732,22.548282999999998,2016-11-03 04:57:01,0
0,114.05891399999999,22.520468,2016-11-03 04:57:04,0
3,113.904449,22.556467,2016-11-03 04:57:06,0
4,114.089546,22.624317,2016-11-03 04:57:11,1
2,113.91868600000001,22.548348999999998,2016-11-03 04:57:16,0
0,114.05891399999999,22.520468,2016-11-03 04:57:20,0
4,114.08905,22.627951,2016-11-03 04:57:26,1
2,113.91871599999999,22.5483,2016-11-03 04:57:33,0
3,113.906281,22.553949,2016-11-03 04:57:26,0
0,114.05891399999999,22.520468,2016-11-03 04:57:34,0
2,113.918732,22.548282999999998,2016-11-03 04:57:39,0
4,114.088783,22.631432999999998,2016-11-03 04:57:41,1
1,113.884819,22.587467,2016-11-03 04:57:50,0
0,114.05891399999999,22.520468,2016-11-03 04:57:50,0
2,113.918747,22.548348999999998,2016-11-03 04:57:54,0
3,113.90823400000001,22.5509,2016-11-03 04:57:46,0
4,114.089867,22.633484,2016-11-03 04:57:56,1
3,113.909531,22.546882999999998,2016-11-03 04:58:06,0
0,114.05891399999999,22.520468,2016-11-03 04:58:04,0
4,114.088631,22.634632,2016-11-03 04:58:11,1
2,113.918701,22.548482999999997,2016-11-03 04:58:17,0
2,113.918701,22.548482999999997,2016-11-03 04:58:19,0
3,113.909653,22.544884,2016-11-03 04:58:26,0
0,114.05883,22.520032999999998,2016-11-03 04:58:24,1
4,114.086403,22.633249,2016-11-03 04:58:26,1
2,113.91868600000001,22.5485,2016-11-03 04:58:32,0
0,114.05883,22.520032999999998,2016-11-03 04:58:37,1
4,114.086349,22.632548999999997,2016-11-03 04:58:41,1
3,113.909653,22.544884,2016-11-03 04:58:46,0
2,113.91871599999999,22.548468,2016-11-03 04:58:47,0
0,114.05883,22.520032999999998,2016-11-03 04:58:52,1
4,114.086037,22.632566,2016-11-03 04:58:56,1
2,113.918732,22.548433,2016-11-03 04:59:01,0
3,113.909653,22.544884,2016-11-03 04:59:06,0
0,114.05883,22.520032999999998,2016-11-03 04:59:05,1
4,114.085953,22.632299,2016-11-03 04:59:11,1
2,113.918732,22.54845,2016-11-03 04:59:17,0
0,114.05883,22.520032999999998,2016-11-03 04:59:20,1
3,113.909653,22.544884,2016-11-03 04:59:26,0
2,113.918701,22.548468,2016-11-03 04:59:25,0
4,114.085953,22.632299,2016-11-03 04:59:26,1
0,114.05883,22.520032999999998,2016-11-03 04:59:35,1
2,113.918671,22.548433,2016-11-03 04:59:40,0
4,114.085953,22.632299,2016-11-03 04:59:41,1
3,113.90983600000001,22.54285,2016-11-03 04:59:46,0
0,114.059853,22.520367,2016-11-03 04:59:50,1
2,113.918701,22.548401000000002,2016-11-03 04:59:55,0
4,114.086281,22.631201,2016-11-03 04:59:56,1
2,113.918701,22.548384,2016-11-03 05:00:03,0
3,113.91006499999999,22.540051000000002,2016-11-03 05:00:06,0
0,114.061348,22.521334,2016-11-03 05:00:05,1
4,114.08593,22.630198999999998,2016-11-03 05:00:10,1
2,113.918701,22.548367000000002,2016-11-03 05:00:18,0
0,114.06298100000001,22.523283,2016-11-03 05:00:20,1
3,113.91008000000001,22.5399,2016-11-03 05:00:26,0
4,114.084084,22.629766,2016-11-03 05:00:25,1
2,113.91871599999999,22.548367000000002,2016-11-03 05:00:33,0
0,114.063332,22.525582999999997,2016-11-03 05:00:35,1
2,113.918732,22.548384,2016-11-03 05:00:41,0
4,114.082169,22.62925,2016-11-03 05:00:40,1
3,113.910164,22.5382,2016-11-03 05:00:46,0
0,114.063332,22.52585,2016-11-03 05:00:50,1
2,113.91871599999999,22.548401000000002,2016-11-03 05:00:56,0
4,114.08045200000001,22.628616,2016-11-03 05:00:55,1
0,114.0634,22.526899,2016-11-03 05:01:05,1
3,113.91021699999999,22.535601,2016-11-03 05:01:06,0
2,113.91868600000001,22.548384,2016-11-03 05:01:11,0
4,114.07843000000001,22.628767,2016-11-03 05:01:10,1
2,113.918671,22.548401000000002,2016-11-03 05:01:25,0
4,114.076683,22.629101000000002,2016-11-03 05:01:25,1
2,113.918701,22.548416,2016-11-03 05:01:33,0
0,114.06331599999999,22.530251,2016-11-03 05:01:35,1
2,113.91868600000001,22.548367000000002,2016-11-03 05:01:49,0
4,114.07579799999999,22.629217,2016-11-03 05:01:40,1
0,114.06381999999999,22.531482999999998,2016-11-03 05:01:50,1
3,113.90657,22.535217000000003,2016-11-03 05:01:46,0
4,114.076218,22.628967000000003,2016-11-03 05:01:55,1
0,114.06541399999999,22.531482999999998,2016-11-03 05:02:05,1
3,113.90691399999999,22.535101,2016-11-03 05:02:06,0
2,113.918747,22.548332000000002,2016-11-03 05:02:04,0
2,113.918747,22.548332000000002,2016-11-03 05:02:12,0
4,114.076218,22.628967000000003,2016-11-03 05:02:10,1
0,114.067268,22.5306,2016-11-03 05:02:20,1
2,113.91868600000001,22.548367000000002,2016-11-03 05:02:27,0
3,113.907082,22.5336,2016-11-03 05:02:26,0
4,114.076218,22.628967000000003,2016-11-03 05:02:25,1
2,113.91871599999999,22.548433,2016-11-03 05:02:36,1
4,114.076218,22.628967000000003,2016-11-03 05:02:40,1
0,114.067986,22.528933,2016-11-03 05:02:34,1
3,113.906998,22.532516,2016-11-03 05:02:46,0
1,113.884964,22.587482,2016-11-03 05:02:50,0
0,114.066902,22.526768,2016-11-03 05:02:50,1
2,113.918503,22.54875,2016-11-03 05:02:51,1
1,113.884964,22.587482,2016-11-03 05:02:58,0
4,114.076218,22.628967000000003,2016-11-03 05:02:55,1
0,114.06594799999999,22.524982,2016-11-03 05:03:05,1
3,113.90698200000001,22.531733,2016-11-03 05:03:06,0
2,113.918465,22.549084,2016-11-03 05:03:06,1
4,114.076218,22.628967000000003,2016-11-03 05:03:10,1
2,113.918419,22.54855,2016-11-03 05:03:21,1
3,113.907402,22.53125,2016-11-03 05:03:26,0
4,114.076218,22.628967000000003,2016-11-03 05:03:25,1
2,113.918648,22.5467,2016-11-03 05:03:36,1
2,113.918747,22.545583999999998,2016-11-03 05:03:44,1
4,114.076218,22.628967000000003,2016-11-03 05:03:40,1
3,113.90871399999999,22.531317,2016-11-03 05:03:46,0
0,114.066452,22.522432000000002,2016-11-03 05:03:35,1
0,114.06815300000001,22.521717000000002,2016-11-03 05:03:50,1
4,114.076218,22.628967000000003,2016-11-03 05:03:55,1
2,113.91885400000001,22.54355,2016-11-03 05:03:59,1
0,114.067848,22.520767000000003,2016-11-03 05:04:05,1
3,113.910049,22.531366000000002,2016-11-03 05:04:06,0
2,113.91871599999999,22.543233999999998,2016-11-03 05:04:07,1
4,114.076218,22.628967000000003,2016-11-03 05:04:10,1
0,114.068069,22.521334,2016-11-03 05:04:20,0
2,113.916801,22.543367,2016-11-03 05:04:22,1
4,114.076218,22.628967000000003,2016-11-03 05:04:25,1
3,113.91008000000001,22.529667,2016-11-03 05:04:26,0
0,114.068069,22.521334,2016-11-03 05:04:35,0
4,114.076218,22.628967000000003,2016-11-03 05:04:40,1
3,113.910004,22.528,2016-11-03 05:04:46,0
0,114.068031,22.521383,2016-11-03 05:04:50,0
4,114.076218,22.628967000000003,2016-11-03 05:04:55,1
0,114.068253,22.522017,2016-11-03 05:05:05,0
3,113.909668,22.526501,2016-11-03 05:05:06,0
4,114.076218,22.628967000000003,2016-11-03 05:05:03,0
0,114.066948,22.522417,2016-11-03 05:05:20,0
4,114.07682,22.628883,2016-11-03 05:05:18,0
3,113.90943100000001,22.526117000000003,2016-11-03 05:05:26,0
0,114.065468,22.522966,2016-11-03 05:05:35,0
4,114.07843000000001,22.628632999999997,2016-11-03 05:05:33,0
3,113.909416,22.524798999999998,2016-11-03 05:05:46,0
0,114.065453,22.524067000000002,2016-11-03 05:05:50,0
2,113.91407,22.543782999999998,2016-11-03 05:04:37,1
2,113.91288,22.54435,2016-11-03 05:04:45,1
2,113.91288,22.54435,2016-11-03 05:04:46,1
4,114.080482,22.628283,2016-11-03 05:05:48,0
2,113.90578500000001,22.55505,2016-11-03 05:05:55,1
3,113.908997,22.523149,2016-11-03 05:06:06,0
0,114.066353,22.524117,2016-11-03 05:06:05,0
4,114.08276399999998,22.62785,2016-11-03 05:06:03,0
2,113.904137,22.557083,2016-11-03 05:06:10,1
0,114.068001,22.523632,2016-11-03 05:06:20,0
4,114.08538100000001,22.627983,2016-11-03 05:06:18,0
3,113.908348,22.522333,2016-11-03 05:06:26,0
2,113.902115,22.55905,2016-11-03 05:06:25,1
2,113.90106999999999,22.559784,2016-11-03 05:06:33,1
0,114.06856499999999,22.524099,2016-11-03 05:06:35,0
4,114.08783000000001,22.629032000000002,2016-11-03 05:06:33,0
3,113.907402,22.522232000000002,2016-11-03 05:06:46,0
2,113.89863600000001,22.561583,2016-11-03 05:06:48,1
0,114.067734,22.524517000000003,2016-11-03 05:06:50,0
4,114.089996,22.630484,2016-11-03 05:06:48,0
2,113.896049,22.563517,2016-11-03 05:07:03,1
3,113.906052,22.522266000000002,2016-11-03 05:07:06,0
0,114.067001,22.525417,2016-11-03 05:07:05,0
4,114.09243000000001,22.631783,2016-11-03 05:07:03,0
2,113.89398200000001,22.5655,2016-11-03 05:07:18,1
0,114.06781799999999,22.527567,2016-11-03 05:07:20,0
4,114.09513100000001,22.631832,2016-11-03 05:07:18,0
3,113.90484599999999,22.522301000000002,2016-11-03 05:07:27,0
2,113.892967,22.566682999999998,2016-11-03 05:07:26,1
0,114.06833600000002,22.530132000000002,2016-11-03 05:07:35,0
4,114.097801,22.630501000000002,2016-11-03 05:07:34,0
2,113.89166999999999,22.5683,2016-11-03 05:07:41,1
3,113.905251,22.52215,2016-11-03 05:07:47,0
0,114.068352,22.532482,2016-11-03 05:07:50,0
4,114.099434,22.628817,2016-11-03 05:07:49,0
2,113.890381,22.569668,2016-11-03 05:07:56,1
1,113.884918,22.587317000000002,2016-11-03 05:07:58,0
2,113.88951899999999,22.570467,2016-11-03 05:08:04,1
3,113.90666999999999,22.522217,2016-11-03 05:08:07,0
0,114.06942,22.532482,2016-11-03 05:08:05,0
4,114.10041799999999,22.6276,2016-11-03 05:08:04,0
2,113.88728300000001,22.572617,2016-11-03 05:08:19,1
0,114.06788600000002,22.531866,2016-11-03 05:08:20,0
4,114.10116599999999,22.626484,2016-11-03 05:08:19,0
3,113.908134,22.522284,2016-11-03 05:08:27,0
2,113.88533000000001,22.574382999999997,2016-11-03 05:08:34,1
0,114.065918,22.531866,2016-11-03 05:08:35,0
4,114.101982,22.624901,2016-11-03 05:08:35,0
3,113.908363,22.522301000000002,2016-11-03 05:08:47,0
2,113.883118,22.576349,2016-11-03 05:08:49,1
0,114.063751,22.531882999999997,2016-11-03 05:08:50,0
4,114.103371,22.623266,2016-11-03 05:08:50,0
2,113.882034,22.577351,2016-11-03 05:08:57,1
3,113.908363,22.522301000000002,2016-11-03 05:09:07,0
0,114.06203500000001,22.532034,2016-11-03 05:09:05,0
4,114.104134,22.622417000000002,2016-11-03 05:09:06,0
2,113.88002,22.579317,2016-11-03 05:09:12,1
0,114.06291999999999,22.5324,2016-11-03 05:09:20,0
4,114.104134,22.622417000000002,2016-11-03 05:09:21,0
3,113.908653,22.52235,2016-11-03 05:09:27,0
2,113.87771599999999,22.581533,2016-11-03 05:09:27,1
0,114.063019,22.530617000000003,2016-11-03 05:09:35,0
4,114.104134,22.622417000000002,2016-11-03 05:09:37,0
2,113.87606799999999,22.5833,2016-11-03 05:09:42,1
3,113.90918,22.523132,2016-11-03 05:09:47,0
2,113.87508400000002,22.584367999999998,2016-11-03 05:09:50,1
0,114.062851,22.528482,2016-11-03 05:09:50,0
4,114.104134,22.622417000000002,2016-11-03 05:09:52,0
2,113.873154,22.5865,2016-11-03 05:10:05,1
0,114.06293500000001,22.527067000000002,2016-11-03 05:10:05,0
3,113.90947,22.524401,2016-11-03 05:10:07,0
4,114.104301,22.62215,2016-11-03 05:10:07,0
2,113.871696,22.588117999999998,2016-11-03 05:10:20,1
0,114.06308,22.5261,2016-11-03 05:10:20,0
4,114.104851,22.620501,2016-11-03 05:10:22,0
3,113.909668,22.52515,2016-11-03 05:10:27,0
0,114.063065,22.5261,2016-11-03 05:10:35,0
2,113.86966699999999,22.590567,2016-11-03 05:10:35,1
4,114.10531599999999,22.618418,2016-11-03 05:10:37,0
3,113.910164,22.525766,2016-11-03 05:10:47,0
2,113.868881,22.591917000000002,2016-11-03 05:10:43,1
0,114.06295,22.526199,2016-11-03 05:10:50,0
1,113.884933,22.587334,2016-11-03 05:10:51,0
4,114.105751,22.616667,2016-11-03 05:10:52,0
1,113.884933,22.587366,2016-11-03 05:10:58,0
2,113.867599,22.594316,2016-11-03 05:10:58,1
0,114.06304899999999,22.525217,2016-11-03 05:11:05,0
3,113.911484,22.525883,2016-11-03 05:11:07,0
4,114.106384,22.615417,2016-11-03 05:11:07,0
2,113.865982,22.596968,2016-11-03 05:11:13,1
1,113.885452,22.587717,2016-11-03 05:11:13,0
1,113.88563500000001,22.587784,2016-11-03 05:11:21,0
4,114.107597,22.615717,2016-11-03 05:11:22,0
3,113.911484,22.525883,2016-11-03 05:11:27,0
3,113.911484,22.525883,2016-11-03 05:11:27,1
0,114.06266799999999,22.523132,2016-11-03 05:11:20,0
2,113.86448700000001,22.599216000000002,2016-11-03 05:11:28,1
1,113.88551299999999,22.587833,2016-11-03 05:11:36,0
0,114.061485,22.521584,2016-11-03 05:11:35,0
4,114.108116,22.615833,2016-11-03 05:11:37,0
2,113.862801,22.601816,2016-11-03 05:11:43,1
3,113.913521,22.526449,2016-11-03 05:11:47,1
0,114.060768,22.521982,2016-11-03 05:11:50,0
1,113.88488000000001,22.587383,2016-11-03 05:11:51,0
4,114.1092,22.615582999999997,2016-11-03 05:11:52,0
2,113.86123700000002,22.604167999999998,2016-11-03 05:11:58,1
0,114.060402,22.523149,2016-11-03 05:12:05,0
3,113.91453600000001,22.5268,2016-11-03 05:12:07,1
1,113.884499,22.587067,2016-11-03 05:12:06,0
4,114.110031,22.614582000000002,2016-11-03 05:12:07,0
2,113.859352,22.6063,2016-11-03 05:12:13,1
1,113.88445300000001,22.587084,2016-11-03 05:12:14,0
0,114.060318,22.523533,2016-11-03 05:12:20,0
4,114.110802,22.6147,2016-11-03 05:12:22,0
3,113.914818,22.526899,2016-11-03 05:12:27,1
2,113.85741399999999,22.6082,2016-11-03 05:12:28,1
1,113.884148,22.586933,2016-11-03 05:12:29,0
0,114.060318,22.523533,2016-11-03 05:12:35,0
4,114.111298,22.614218,2016-11-03 05:12:37,0
2,113.85561399999999,22.610733,2016-11-03 05:12:43,1
1,113.88333100000001,22.586184,2016-11-03 05:12:44,0
3,113.917099,22.527468,2016-11-03 05:12:47,1
0,114.05946399999999,22.523617,2016-11-03 05:12:50,0
4,114.111298,22.614218,2016-11-03 05:12:52,0
2,113.854446,22.613198999999998,2016-11-03 05:12:58,1
1,113.882332,22.585283,2016-11-03 05:12:59,0
0,114.058701,22.523649,2016-11-03 05:13:05,0
4,114.111298,22.614218,2016-11-03 05:13:07,0
3,113.918365,22.52725,2016-11-03 05:13:07,1
2,113.852997,22.616182000000002,2016-11-03 05:13:13,1
1,113.881615,22.58465,2016-11-03 05:13:13,0
4,114.111298,22.614218,2016-11-03 05:13:22,0
3,113.918365,22.52725,2016-11-03 05:13:27,1
0,114.05866999999999,22.523433999999998,2016-11-03 05:13:20,0
1,113.8815,22.584049,2016-11-03 05:13:29,0
0,114.0588,22.522867,2016-11-03 05:13:35,0
4,114.111298,22.614218,2016-11-03 05:13:37,0
1,113.88193500000001,22.583417999999998,2016-11-03 05:13:44,0
2,113.850197,22.620184,2016-11-03 05:13:37,1
2,113.849319,22.621166,2016-11-03 05:13:44,1
3,113.918365,22.52725,2016-11-03 05:13:47,1
0,114.05891399999999,22.522516,2016-11-03 05:13:50,0
4,114.111298,22.614218,2016-11-03 05:13:52,0
1,113.88237,22.582884,2016-11-03 05:13:59,0
2,113.847,22.6238,2016-11-03 05:13:59,1
0,114.05898300000001,22.521982,2016-11-03 05:14:05,0
3,113.91909799999999,22.528682999999997,2016-11-03 05:14:07,1
4,114.111298,22.614218,2016-11-03 05:14:07,0
1,113.88276699999999,22.582451000000002,2016-11-03 05:14:14,0
0,114.05898300000001,22.521267,2016-11-03 05:14:20,0
4,114.11181599999999,22.61315,2016-11-03 05:14:22,0
3,113.91943400000001,22.530282999999997,2016-11-03 05:14:27,1
1,113.88327,22.58205,2016-11-03 05:14:29,0
2,113.843948,22.62915,2016-11-03 05:14:30,1
0,114.05891399999999,22.520832000000002,2016-11-03 05:14:35,0
4,114.11232,22.612118,2016-11-03 05:14:37,0
2,113.843002,22.63055,2016-11-03 05:14:38,1
1,113.883385,22.581948999999998,2016-11-03 05:14:44,0
3,113.919731,22.532084,2016-11-03 05:14:47,1
4,114.112633,22.6113,2016-11-03 05:14:52,0
2,113.84086599999999,22.63315,2016-11-03 05:14:53,1
1,113.883385,22.581948999999998,2016-11-03 05:14:59,0
0,114.058853,22.520451,2016-11-03 05:14:50,0
3,113.92008200000001,22.535049,2016-11-03 05:15:07,1
4,114.112503,22.610483,2016-11-03 05:15:07,0
0,114.058701,22.520166,2016-11-03 05:15:05,0
2,113.839867,22.634632,2016-11-03 05:15:08,1
1,113.883385,22.581966,2016-11-03 05:15:14,0
0,114.05801399999999,22.520132,2016-11-03 05:15:20,0
2,113.83843200000001,22.636101,2016-11-03 05:15:23,1
4,114.11243400000001,22.610032999999998,2016-11-03 05:15:22,0
3,113.922348,22.5354,2016-11-03 05:15:27,1
1,113.8834,22.581948999999998,2016-11-03 05:15:29,0
2,113.837952,22.635932999999998,2016-11-03 05:15:31,1
0,114.05781599999999,22.52035,2016-11-03 05:15:35,0
4,114.11248,22.609783,2016-11-03 05:15:37,0
1,113.88341499999999,22.581966,2016-11-03 05:15:44,0
3,113.922882,22.5354,2016-11-03 05:15:47,1
2,113.83896599999999,22.63455,2016-11-03 05:15:46,1
0,114.05783100000001,22.520767000000003,2016-11-03 05:15:50,0
4,114.11248,22.609783,2016-11-03 05:15:52,0
1,113.88343,22.581984,2016-11-03 05:15:59,0
2,113.840767,22.6329,2016-11-03 05:16:01,1
0,114.058067,22.520817,2016-11-03 05:16:05,0
4,114.11248,22.609783,2016-11-03 05:16:07,0
3,113.9244,22.535467,2016-11-03 05:16:07,1
1,113.88343,22.581984,2016-11-03 05:16:14,0
2,113.842529,22.630951,2016-11-03 05:16:16,1
0,114.05838,22.521032,2016-11-03 05:16:20,0
4,114.11248,22.609783,2016-11-03 05:16:22,0
3,113.92662,22.535482000000002,2016-11-03 05:16:27,1
1,113.88346899999999,22.581966,2016-11-03 05:16:29,0
2,113.844048,22.628584,2016-11-03 05:16:31,1
0,114.05838,22.5214,2016-11-03 05:16:34,0
4,114.11248,22.609783,2016-11-03 05:16:37,1
2,113.844597,22.627399,2016-11-03 05:16:39,1
1,113.883949,22.58165,2016-11-03 05:16:44,0
3,113.927315,22.536066,2016-11-03 05:16:47,1
0,114.05841799999999,22.521832999999997,2016-11-03 05:16:50,0
4,114.11253400000001,22.60885,2016-11-03 05:16:52,1
1,113.88476599999998,22.581034,2016-11-03 05:16:59,0
0,114.058403,22.522266000000002,2016-11-03 05:17:05,0
3,113.92716999999999,22.538834,2016-11-03 05:17:07,1
4,114.112579,22.60745,2016-11-03 05:17:07,1
1,113.885246,22.580667000000002,2016-11-03 05:17:14,0
2,113.846497,22.623898999999998,2016-11-03 05:17:18,1
2,113.846581,22.623783,2016-11-03 05:17:19,1
0,114.05821999999999,22.522667000000002,2016-11-03 05:17:20,0
4,114.112549,22.606251,2016-11-03 05:17:22,1
3,113.927071,22.542534,2016-11-03 05:17:27,1
1,113.885246,22.580667000000002,2016-11-03 05:17:29,0
2,113.847031,22.623182,2016-11-03 05:17:33,1
0,114.058167,22.5231,2016-11-03 05:17:35,0
4,114.11298400000001,22.604816,2016-11-03 05:17:37,1
1,113.885246,22.58065,2016-11-03 05:17:44,0
3,113.927429,22.546417,2016-11-03 05:17:47,1
0,114.058098,22.5235,2016-11-03 05:17:50,0
4,114.113335,22.603282999999998,2016-11-03 05:17:52,1
2,113.84558100000001,22.622633,2016-11-03 05:17:57,1
1,113.88580300000001,22.580767,2016-11-03 05:17:59,0
2,113.84478,22.622383,2016-11-03 05:18:03,1
0,114.057953,22.523617,2016-11-03 05:18:05,0
1,113.886299,22.581232,2016-11-03 05:18:07,0
4,114.11243400000001,22.60145,2016-11-03 05:18:07,1
3,113.92878,22.550318,2016-11-03 05:18:07,1
0,114.057671,22.5236,2016-11-03 05:18:20,0
1,113.887047,22.581932000000002,2016-11-03 05:18:22,0
4,114.112099,22.600599,2016-11-03 05:18:22,1
3,113.92865,22.554333,2016-11-03 05:18:27,1
2,113.840767,22.621082,2016-11-03 05:18:27,1
2,113.8396,22.6208,2016-11-03 05:18:33,1
0,114.05718200000001,22.523582,2016-11-03 05:18:35,0
1,113.88788600000001,22.582649,2016-11-03 05:18:37,0
4,114.112953,22.600082,2016-11-03 05:18:37,1
3,113.92903100000001,22.558451,2016-11-03 05:18:47,1
2,113.836868,22.620082999999997,2016-11-03 05:18:48,1
0,114.056564,22.523533,2016-11-03 05:18:50,0
1,113.88863400000001,22.582483,2016-11-03 05:18:52,0
4,114.11239599999999,22.599001,2016-11-03 05:18:52,1
2,113.833679,22.619066,2016-11-03 05:19:03,1
0,114.05666399999998,22.523617,2016-11-03 05:19:05,0
1,113.889816,22.581301,2016-11-03 05:19:07,0
4,114.11166399999999,22.597483,2016-11-03 05:19:07,1
1,113.89043400000001,22.580667000000002,2016-11-03 05:19:15,0
2,113.83101699999999,22.6178,2016-11-03 05:19:18,1
0,114.057236,22.523567,2016-11-03 05:19:20,0
4,114.11088600000001,22.595867000000002,2016-11-03 05:19:22,1
3,113.929115,22.562332,2016-11-03 05:19:07,1
3,113.92913100000001,22.565901,2016-11-03 05:19:27,1
1,113.891403,22.579683,2016-11-03 05:19:30,0
2,113.828079,22.6164,2016-11-03 05:19:33,1
0,114.057602,22.5236,2016-11-03 05:19:35,0
4,114.110069,22.594282,2016-11-03 05:19:37,1
1,113.89201399999999,22.579067000000002,2016-11-03 05:19:45,0
3,113.93051899999999,22.566732000000002,2016-11-03 05:19:47,1
0,114.057648,22.523617,2016-11-03 05:19:50,0
4,114.10918400000001,22.592266,2016-11-03 05:19:52,1
1,113.892448,22.578699,2016-11-03 05:20:00,0
0,114.057648,22.523617,2016-11-03 05:20:05,0
4,114.109352,22.590166,2016-11-03 05:20:07,1
1,113.89326499999999,22.577883,2016-11-03 05:20:15,0
3,113.92943600000001,22.565866,2016-11-03 05:20:07,1
0,114.05771599999999,22.523684,2016-11-03 05:20:20,0
4,114.110634,22.587882999999998,2016-11-03 05:20:22,1
3,113.92643000000001,22.566784,2016-11-03 05:20:27,1
2,113.82547,22.6152,2016-11-03 05:19:48,1
2,113.824036,22.614517000000003,2016-11-03 05:19:56,1
2,113.82368500000001,22.614349,2016-11-03 05:19:58,1
1,113.894135,22.577,2016-11-03 05:20:30,0
0,114.05771599999999,22.523684,2016-11-03 05:20:35,0
4,114.112,22.585867,2016-11-03 05:20:37,1
1,113.89513400000001,22.576017,2016-11-03 05:20:45,0
3,113.925919,22.567017,2016-11-03 05:20:47,1
0,114.05771599999999,22.523684,2016-11-03 05:20:50,0
4,114.11338,22.583883,2016-11-03 05:20:52,1
1,113.89561499999999,22.575267999999998,2016-11-03 05:21:00,0
2,113.815353,22.615717,2016-11-03 05:21:02,1
2,113.81518600000001,22.616034,2016-11-03 05:21:03,1
0,114.05771599999999,22.523684,2016-11-03 05:21:05,0
3,113.92343100000001,22.568251,2016-11-03 05:21:07,1
4,114.114433,22.581699,2016-11-03 05:21:07,1
1,113.895248,22.574917000000003,2016-11-03 05:21:08,0
1,113.895103,22.5748,2016-11-03 05:21:10,0
2,113.81448400000001,22.617283,2016-11-03 05:21:12,1
1,113.89468400000001,22.574368,2016-11-03 05:21:16,0
0,114.05771599999999,22.523684,2016-11-03 05:21:20,0
4,114.115082,22.579582000000002,2016-11-03 05:21:22,1
3,113.92199699999999,22.570999,2016-11-03 05:21:27,1
2,113.81316399999999,22.619667,2016-11-03 05:21:27,1
1,113.893417,22.573233,2016-11-03 05:21:31,0
0,114.05771599999999,22.523684,2016-11-03 05:21:35,0
4,114.11563100000001,22.577984,2016-11-03 05:21:37,1
1,113.893051,22.572817,2016-11-03 05:21:39,0
2,113.81210300000001,22.621651,2016-11-03 05:21:42,1
3,113.92134899999999,22.57375,2016-11-03 05:21:47,1
0,114.05771599999999,22.523684,2016-11-03 05:21:50,0
4,114.114899,22.576767,2016-11-03 05:21:52,1
1,113.89409599999999,22.571783,2016-11-03 05:21:54,0
0,114.05783100000001,22.52355,2016-11-03 05:22:05,0
4,114.113052,22.5767,2016-11-03 05:22:07,1
3,113.91905200000001,22.57435,2016-11-03 05:22:07,1
0,114.05783100000001,22.52355,2016-11-03 05:22:20,0
4,114.11041999999999,22.57645,2016-11-03 05:22:22,1
3,113.91756399999998,22.573632999999997,2016-11-03 05:22:27,1
2,113.812347,22.626783,2016-11-03 05:22:21,1
2,113.812233,22.627016,2016-11-03 05:22:23,1
0,114.05783100000001,22.52355,2016-11-03 05:22:35,0
2,113.81168400000001,22.627899,2016-11-03 05:22:36,1
4,114.107552,22.57515,2016-11-03 05:22:37,1
1,113.895302,22.570618,2016-11-03 05:22:09,0
3,113.91521499999999,22.576218,2016-11-03 05:22:47,1
1,113.89573700000001,22.570118,2016-11-03 05:22:17,0
1,113.89583600000002,22.57,2016-11-03 05:22:19,0
1,113.896149,22.5697,2016-11-03 05:22:25,0
1,113.896599,22.569317,2016-11-03 05:22:33,0
1,113.896736,22.569183,2016-11-03 05:22:35,0
1,113.89771999999999,22.568184,2016-11-03 05:22:48,0
0,114.05783100000001,22.52355,2016-11-03 05:22:50,0
2,113.810432,22.627899,2016-11-03 05:22:51,1
4,114.10481999999999,22.573517000000002,2016-11-03 05:22:52,1
0,114.05783100000001,22.52355,2016-11-03 05:23:05,0
1,113.89888,22.566967,2016-11-03 05:23:03,0
3,113.91158300000001,22.580151,2016-11-03 05:23:07,1
2,113.80963100000001,22.62755,2016-11-03 05:23:06,0
4,114.10211899999999,22.571899,2016-11-03 05:23:07,1
1,113.899147,22.566566,2016-11-03 05:23:18,0
0,114.05783100000001,22.52355,2016-11-03 05:23:20,0
2,113.809601,22.627617,2016-11-03 05:23:21,0
4,114.09953300000001,22.570368,2016-11-03 05:23:22,1
3,113.907936,22.584118,2016-11-03 05:23:27,1
1,113.89841499999999,22.565932999999998,2016-11-03 05:23:33,0
0,114.05783100000001,22.52355,2016-11-03 05:23:35,0
2,113.80961599999999,22.627632000000002,2016-11-03 05:23:36,0
4,114.096764,22.569098999999998,2016-11-03 05:23:37,1
1,113.89796399999999,22.565483,2016-11-03 05:23:41,0
3,113.904297,22.587982,2016-11-03 05:23:47,1
0,114.05783100000001,22.52355,2016-11-03 05:23:50,0
2,113.80961599999999,22.627632000000002,2016-11-03 05:23:51,0
4,114.093948,22.56815,2016-11-03 05:23:52,1
0,114.05783100000001,22.52355,2016-11-03 05:24:05,0
1,113.89711799999999,22.564934,2016-11-03 05:24:04,0
1,113.897049,22.565001000000002,2016-11-03 05:24:06,0
2,113.809532,22.627466000000002,2016-11-03 05:24:05,0
4,114.09103400000001,22.56745,2016-11-03 05:24:07,1
1,113.89683500000001,22.565216,2016-11-03 05:24:12,0
0,114.05783100000001,22.52355,2016-11-03 05:24:20,0
2,113.808815,22.627083,2016-11-03 05:24:21,0
4,114.08798200000001,22.566732000000002,2016-11-03 05:24:22,1
0,114.05783100000001,22.52355,2016-11-03 05:24:35,0
2,113.807869,22.626783,2016-11-03 05:24:36,0
4,114.085968,22.56535,2016-11-03 05:24:37,1
3,113.90059699999999,22.591932,2016-11-03 05:24:07,1
3,113.896553,22.595617,2016-11-03 05:24:27,1
3,113.892197,22.598917,2016-11-03 05:24:47,1
0,114.05783100000001,22.52355,2016-11-03 05:24:50,0
2,113.806602,22.626082999999998,2016-11-03 05:24:51,0
4,114.084282,22.562799,2016-11-03 05:24:52,1
0,114.05783100000001,22.52355,2016-11-03 05:25:05,0
3,113.88765,22.602083,2016-11-03 05:25:07,1
2,113.806183,22.624782999999997,2016-11-03 05:25:06,0
4,114.08253500000001,22.560167,2016-11-03 05:25:07,1
0,114.05783100000001,22.52355,2016-11-03 05:25:20,0
2,113.80729699999999,22.6227,2016-11-03 05:25:21,0
4,114.08078,22.55765,2016-11-03 05:25:22,1
3,113.88366699999999,22.605867,2016-11-03 05:25:27,1
0,114.05783100000001,22.52355,2016-11-03 05:25:35,0
2,113.80835,22.620783,2016-11-03 05:25:36,0
4,114.07916999999999,22.555651,2016-11-03 05:25:37,1
3,113.88058500000001,22.6103,2016-11-03 05:25:47,1
0,114.05783100000001,22.52355,2016-11-03 05:25:50,0
2,113.809517,22.618668,2016-11-03 05:25:51,0
4,114.07753000000001,22.553617000000003,2016-11-03 05:25:52,1
0,114.05783100000001,22.52355,2016-11-03 05:26:05,0
2,113.8106,22.616716,2016-11-03 05:26:06,0
3,113.87753300000001,22.614634,2016-11-03 05:26:07,1
4,114.07579799999999,22.551648999999998,2016-11-03 05:26:07,1
0,114.05783100000001,22.52355,2016-11-03 05:26:20,0
2,113.811852,22.61445,2016-11-03 05:26:21,0
4,114.073196,22.55125,2016-11-03 05:26:22,1
3,113.873718,22.618267000000003,2016-11-03 05:26:27,1
0,114.05783100000001,22.52355,2016-11-03 05:26:35,0
2,113.81289699999999,22.612516,2016-11-03 05:26:36,0
3,113.872047,22.619417000000002,2016-11-03 05:26:34,1
4,114.07,22.551067,2016-11-03 05:26:37,1
2,113.813484,22.611483,2016-11-03 05:26:44,0
3,113.868752,22.621183,2016-11-03 05:26:47,1
0,114.05783100000001,22.52355,2016-11-03 05:26:50,0
4,114.0681,22.551001,2016-11-03 05:26:52,1
2,113.815331,22.610149,2016-11-03 05:26:59,0
0,114.05783100000001,22.52355,2016-11-03 05:27:05,0
3,113.863464,22.623199,2016-11-03 05:27:07,1
4,114.0681,22.551001,2016-11-03 05:27:07,1
1,113.896698,22.565317,2016-11-03 05:27:14,0
2,113.81778,22.609983,2016-11-03 05:27:15,0
0,114.05783100000001,22.52355,2016-11-03 05:27:20,0
4,114.0681,22.551001,2016-11-03 05:27:22,1
3,113.858299,22.625168,2016-11-03 05:27:27,1
1,113.89641599999999,22.565533,2016-11-03 05:27:27,0
2,113.81913,22.611233,2016-11-03 05:27:30,0
0,114.05783100000001,22.52355,2016-11-03 05:27:35,0
1,113.89611799999999,22.565718,2016-11-03 05:27:35,0
4,114.0681,22.551001,2016-11-03 05:27:37,1
2,113.820801,22.612801,2016-11-03 05:27:45,0
3,113.85448500000001,22.627283,2016-11-03 05:27:47,1
0,114.05783100000001,22.52355,2016-11-03 05:27:50,0
1,113.89648400000002,22.5653,2016-11-03 05:27:50,0
2,113.821968,22.613367,2016-11-03 05:27:53,0
4,114.06778,22.549017000000003,2016-11-03 05:27:52,1
0,114.05783100000001,22.52355,2016-11-03 05:28:05,0
1,113.896584,22.565201000000002,2016-11-03 05:28:06,1
3,113.851349,22.629551,2016-11-03 05:28:07,1
4,114.06774899999999,22.54785,2016-11-03 05:28:07,1
4,114.06774899999999,22.54785,2016-11-03 05:28:22,1
3,113.849602,22.627768,2016-11-03 05:28:27,1
0,114.05783100000001,22.52355,2016-11-03 05:28:20,0
1,113.89641599999999,22.564698999999997,2016-11-03 05:28:21,1
4,114.06774899999999,22.54785,2016-11-03 05:28:37,1
0,114.05783100000001,22.52355,2016-11-03 05:28:35,0
1,113.895668,22.564182000000002,2016-11-03 05:28:36,1
1,113.89493600000002,22.564751,2016-11-03 05:28:44,1
3,113.84993,22.626917000000002,2016-11-03 05:28:47,1
0,114.05783100000001,22.52355,2016-11-03 05:28:50,0
4,114.06774899999999,22.54785,2016-11-03 05:28:52,1
2,113.824165,22.614433,2016-11-03 05:28:08,0
2,113.825401,22.615,2016-11-03 05:28:15,0
2,113.827721,22.616083,2016-11-03 05:28:32,0
2,113.828018,22.616234,2016-11-03 05:28:33,0
2,113.828934,22.616682,2016-11-03 05:28:40,0
2,113.83011599999999,22.617233,2016-11-03 05:28:47,0
2,113.83128400000001,22.61775,2016-11-03 05:28:55,0
2,113.83128400000001,22.61775,2016-11-03 05:28:56,0
2,113.832466,22.618317,2016-11-03 05:29:03,0
0,114.05783100000001,22.52355,2016-11-03 05:29:05,0
3,113.84993,22.626917000000002,2016-11-03 05:29:07,1
4,114.06788600000002,22.54565,2016-11-03 05:29:07,1
1,113.89326499999999,22.567417000000003,2016-11-03 05:29:08,1
2,113.834648,22.619249,2016-11-03 05:29:18,0
1,113.892349,22.567249,2016-11-03 05:29:15,1
0,114.05783100000001,22.52355,2016-11-03 05:29:20,0
1,113.89218100000001,22.566433,2016-11-03 05:29:23,1
4,114.067451,22.542868,2016-11-03 05:29:22,1
2,113.83601399999999,22.619682,2016-11-03 05:29:25,0
0,114.05783100000001,22.52355,2016-11-03 05:29:35,0
1,113.89378400000001,22.565468,2016-11-03 05:29:38,1
4,114.068001,22.5399,2016-11-03 05:29:37,1
2,113.83836399999998,22.620317,2016-11-03 05:29:40,0
0,114.058403,22.523684,2016-11-03 05:29:50,0
2,113.83996599999999,22.620732999999998,2016-11-03 05:29:49,0
1,113.89585100000001,22.563617999999998,2016-11-03 05:29:53,1
2,113.842201,22.621317,2016-11-03 05:30:04,0
0,114.05866999999999,22.523132,2016-11-03 05:30:05,0
1,113.89817,22.561884,2016-11-03 05:30:08,1
4,114.06804699999999,22.537132,2016-11-03 05:29:52,1
4,114.06811499999999,22.534416,2016-11-03 05:30:07,1
0,114.05871599999999,22.522734,2016-11-03 05:30:20,0
4,114.06815300000001,22.5313,2016-11-03 05:30:22,1
1,113.900719,22.559982,2016-11-03 05:30:23,1
1,113.90194699999999,22.559032000000002,2016-11-03 05:30:31,1
0,114.05883,22.522266000000002,2016-11-03 05:30:35,0
4,114.067902,22.528732,2016-11-03 05:30:37,1
1,113.90353400000001,22.557501000000002,2016-11-03 05:30:46,1
0,114.058929,22.521566,2016-11-03 05:30:50,0
4,114.067101,22.528299,2016-11-03 05:30:52,1
2,113.848129,22.622066,2016-11-03 05:30:58,0
2,113.84826699999999,22.621918,2016-11-03 05:30:59,0
1,113.904381,22.556467,2016-11-03 05:31:01,1
0,114.058968,22.521151,2016-11-03 05:31:05,0
4,114.066498,22.526917,2016-11-03 05:31:07,1
2,113.849167,22.620867,2016-11-03 05:31:13,0
0,114.05886799999999,22.52075,2016-11-03 05:31:20,0
4,114.065987,22.525748999999998,2016-11-03 05:31:22,1
1,113.90535,22.554899,2016-11-03 05:31:25,1
2,113.850151,22.619749,2016-11-03 05:31:28,0
1,113.90570100000001,22.554367000000003,2016-11-03 05:31:31,1
0,114.058853,22.52025,2016-11-03 05:31:34,0
4,114.065063,22.524033,2016-11-03 05:31:37,1
2,113.85128,22.618334,2016-11-03 05:31:43,0
1,113.906548,22.553232,2016-11-03 05:31:46,1
0,114.05758700000001,22.5194,2016-11-03 05:31:50,0
4,114.06395,22.522333,2016-11-03 05:31:52,1
2,113.852135,22.617033,2016-11-03 05:31:58,0
1,113.907036,22.552116,2016-11-03 05:32:01,1
0,114.055298,22.51865,2016-11-03 05:32:05,0
2,113.85257,22.616367,2016-11-03 05:32:05,0
4,114.06278200000001,22.520982999999998,2016-11-03 05:32:07,1
1,113.90711999999999,22.551367000000003,2016-11-03 05:32:09,1
2,113.85328700000001,22.615267000000003,2016-11-03 05:32:20,0
0,114.052269,22.518232,2016-11-03 05:32:20,0
4,114.06218,22.52035,2016-11-03 05:32:22,1
1,113.907951,22.550167000000002,2016-11-03 05:32:24,1
4,114.06218,22.52035,2016-11-03 05:32:31,0
2,113.85436999999999,22.612949,2016-11-03 05:32:35,0
4,114.06218,22.52035,2016-11-03 05:32:46,0
2,113.855515,22.610682999999998,2016-11-03 05:32:50,0
4,114.06218,22.52035,2016-11-03 05:33:01,0
0,114.051064,22.518618,2016-11-03 05:32:35,0
0,114.05118600000002,22.52075,2016-11-03 05:32:50,0
0,114.051331,22.523001,2016-11-03 05:33:05,0
2,113.85706299999998,22.608334,2016-11-03 05:33:05,0
4,114.06218,22.52035,2016-11-03 05:33:16,0
0,114.051552,22.525499,2016-11-03 05:33:20,0
2,113.859001,22.606448999999998,2016-11-03 05:33:20,0
3,113.845665,22.622367999999998,2016-11-03 05:29:50,1
3,113.841797,22.621349,2016-11-03 05:30:10,1
3,113.83783000000001,22.620333,2016-11-03 05:30:30,1
3,113.833702,22.619066,2016-11-03 05:30:50,1
3,113.82986499999998,22.617233,2016-11-03 05:31:10,1
3,113.82606499999999,22.615433,2016-11-03 05:31:30,1
3,113.82233400000001,22.613667,2016-11-03 05:31:50,1
3,113.818947,22.612118,2016-11-03 05:32:10,1
3,113.816483,22.613483,2016-11-03 05:32:30,1
3,113.814697,22.616734,2016-11-03 05:32:50,1
3,113.81278200000001,22.620282999999997,2016-11-03 05:33:13,1
3,113.81205,22.621634,2016-11-03 05:33:22,1
4,114.06176799999999,22.520634,2016-11-03 05:33:31,0
1,113.90947,22.550583,2016-11-03 05:32:39,1
1,113.91001899999999,22.551666,2016-11-03 05:32:47,1
1,113.91001899999999,22.551666,2016-11-03 05:32:48,1
1,113.911148,22.552483,2016-11-03 05:32:55,1
1,113.91246799999999,22.5532,2016-11-03 05:33:03,1
1,113.91246799999999,22.5532,2016-11-03 05:33:04,1
1,113.91471899999999,22.554632,2016-11-03 05:33:18,1
1,113.91626699999999,22.555232999999998,2016-11-03 05:33:26,1
1,113.916679,22.555349,2016-11-03 05:33:27,1
1,113.917953,22.55555,2016-11-03 05:33:34,1
2,113.861,22.604267,2016-11-03 05:33:35,0
4,114.061485,22.521317,2016-11-03 05:33:46,0
1,113.921097,22.555483,2016-11-03 05:33:49,1
2,113.862366,22.602182,2016-11-03 05:33:50,0
3,113.81291999999999,22.624848999999998,2016-11-03 05:33:45,1
3,113.812683,22.626082999999998,2016-11-03 05:33:53,1
4,114.062698,22.522766,2016-11-03 05:34:01,0
1,113.924034,22.555332,2016-11-03 05:34:04,1
0,114.05151399999998,22.531532000000002,2016-11-03 05:34:05,0
2,113.86401399999998,22.599716,2016-11-03 05:34:05,0
1,113.92585,22.555218,2016-11-03 05:34:12,1
4,114.063332,22.525118,2016-11-03 05:34:16,0
2,113.865486,22.5975,2016-11-03 05:34:20,0
3,113.81186699999999,22.627632000000002,2016-11-03 05:34:16,1
3,113.81186699999999,22.627632000000002,2016-11-03 05:34:24,1
1,113.929253,22.555082000000002,2016-11-03 05:34:27,1
4,114.063286,22.525783999999998,2016-11-03 05:34:31,0
2,113.86711899999999,22.594967,2016-11-03 05:34:35,0
1,113.93213700000001,22.555134,2016-11-03 05:34:42,1
4,114.063286,22.525783999999998,2016-11-03 05:34:46,0
1,113.93373100000001,22.555201,2016-11-03 05:34:50,1
0,114.05117,22.536734,2016-11-03 05:34:50,0
2,113.868401,22.592667000000002,2016-11-03 05:34:50,0
0,114.051064,22.536867,2016-11-03 05:34:52,0
4,114.06338500000001,22.527732999999998,2016-11-03 05:35:01,0
0,114.051048,22.537018,2016-11-03 05:35:04,0
1,113.93676799999999,22.555082000000002,2016-11-03 05:35:05,1
2,113.869919,22.589983,2016-11-03 05:35:05,0
2,113.870819,22.58885,2016-11-03 05:35:14,0
4,114.063286,22.5298,2016-11-03 05:35:16,0
0,114.050835,22.53705,2016-11-03 05:35:19,0
1,113.939232,22.554983,2016-11-03 05:35:22,1
1,113.939865,22.554899,2016-11-03 05:35:28,1
4,114.06356799999999,22.53145,2016-11-03 05:35:31,0
0,114.050133,22.537232999999997,2016-11-03 05:35:34,0
2,113.873802,22.585632,2016-11-03 05:35:37,0
1,113.94036899999999,22.553698999999998,2016-11-03 05:35:43,1
2,113.873802,22.585632,2016-11-03 05:35:38,0
2,113.874733,22.584566,2016-11-03 05:35:45,0
4,114.065735,22.5315,2016-11-03 05:35:46,0
0,114.048698,22.537083,2016-11-03 05:35:49,0
1,113.94038400000001,22.552633,2016-11-03 05:35:51,1
4,114.06860400000001,22.531549,2016-11-03 05:36:01,0
2,113.876534,22.582632,2016-11-03 05:35:59,0
0,114.047867,22.537251,2016-11-03 05:36:04,0
2,113.878601,22.580532,2016-11-03 05:36:15,0
0,114.047867,22.537251,2016-11-03 05:36:19,0
4,114.07116699999999,22.531584,2016-11-03 05:36:16,0
2,113.880486,22.578684,2016-11-03 05:36:30,0
4,114.073402,22.531549,2016-11-03 05:36:31,0
0,114.047867,22.537251,2016-11-03 05:36:34,0
0,114.047867,22.537251,2016-11-03 05:36:49,0
4,114.075668,22.531616,2016-11-03 05:36:46,0
4,114.07783500000001,22.532417000000002,2016-11-03 05:37:01,0
0,114.047867,22.537251,2016-11-03 05:37:04,0
0,114.047867,22.537251,2016-11-03 05:37:19,0
4,114.078796,22.534117000000002,2016-11-03 05:37:16,0
4,114.079353,22.535183,2016-11-03 05:37:31,0
0,114.047867,22.537251,2016-11-03 05:37:34,0
3,113.809937,22.627716,2016-11-03 05:34:47,1
3,113.809669,22.627582999999998,2016-11-03 05:35:07,1
3,113.80891399999999,22.627167,2016-11-03 05:35:27,1
3,113.80778500000001,22.626583,2016-11-03 05:35:47,1
3,113.80778500000001,22.626583,2016-11-03 05:35:53,0
3,113.80778500000001,22.626583,2016-11-03 05:36:13,0
3,113.80778500000001,22.626583,2016-11-03 05:36:33,0
3,113.80778500000001,22.626583,2016-11-03 05:36:53,0
3,113.80713700000001,22.626382999999997,2016-11-03 05:37:16,0
3,113.805931,22.624682999999997,2016-11-03 05:37:36,0
3,113.806366,22.623832999999998,2016-11-03 05:37:46,0
0,114.04789699999999,22.537367,2016-11-03 05:37:49,0
4,114.080299,22.536282999999997,2016-11-03 05:37:46,0
4,114.081703,22.535982,2016-11-03 05:38:01,0
0,114.04643200000001,22.537416,2016-11-03 05:38:04,1
3,113.807404,22.622116000000002,2016-11-03 05:38:07,0
1,113.943703,22.548201000000002,2016-11-03 05:38:08,0
2,113.88256799999999,22.5767,2016-11-03 05:36:45,0
2,113.883698,22.575666000000002,2016-11-03 05:36:53,0
2,113.883698,22.575666000000002,2016-11-03 05:36:54,0
4,114.081985,22.535067,2016-11-03 05:38:16,0
0,114.04463200000001,22.538099,2016-11-03 05:38:19,1
1,113.94331399999999,22.54775,2016-11-03 05:38:25,0
1,113.94328300000001,22.547684,2016-11-03 05:38:31,0
3,113.80866999999999,22.619818,2016-11-03 05:38:27,0
2,113.896446,22.563116,2016-11-03 05:38:32,0
4,114.0821,22.533966,2016-11-03 05:38:31,0
2,113.896446,22.563116,2016-11-03 05:38:33,0
2,113.89738500000001,22.562433,2016-11-03 05:38:39,0
1,113.943298,22.547716,2016-11-03 05:38:46,0
4,114.082169,22.533617,2016-11-03 05:38:46,0
0,114.04447900000001,22.539717,2016-11-03 05:38:34,1
3,113.809868,22.617599,2016-11-03 05:38:47,0
0,114.04447900000001,22.541149,2016-11-03 05:38:49,1
2,113.899918,22.560568,2016-11-03 05:38:54,0
1,113.94371799999999,22.548282999999998,2016-11-03 05:39:01,0
4,114.082199,22.533916,2016-11-03 05:39:01,0
0,114.04446399999999,22.542932999999998,2016-11-03 05:39:04,1
2,113.901253,22.559566,2016-11-03 05:39:02,0
3,113.811333,22.614932999999997,2016-11-03 05:39:07,0
1,113.944267,22.54855,2016-11-03 05:39:15,0
2,113.903168,22.557934,2016-11-03 05:39:17,0
0,114.044449,22.545017,2016-11-03 05:39:19,1
4,114.082199,22.533916,2016-11-03 05:39:16,0
3,113.81248500000001,22.61285,2016-11-03 05:39:27,0
1,113.94533500000001,22.548668,2016-11-03 05:39:31,0
2,113.904587,22.55615,2016-11-03 05:39:32,0
4,114.082199,22.533916,2016-11-03 05:39:31,0
1,113.94583100000001,22.549084,2016-11-03 05:39:39,0
4,114.082199,22.533916,2016-11-03 05:39:46,0
3,113.81248500000001,22.61285,2016-11-03 05:39:47,0
2,113.905052,22.555483,2016-11-03 05:39:47,0
1,113.94598400000001,22.550248999999997,2016-11-03 05:39:54,0
2,113.90567,22.554482999999998,2016-11-03 05:40:02,0
4,114.082199,22.533916,2016-11-03 05:40:01,0
3,113.81323200000001,22.61145,2016-11-03 05:40:07,0
1,113.94663200000001,22.55065,2016-11-03 05:40:09,0
0,114.044403,22.547318,2016-11-03 05:39:34,1
0,114.04438,22.549767000000003,2016-11-03 05:39:49,1
0,114.04438,22.550182,2016-11-03 05:40:04,1
4,114.082199,22.533916,2016-11-03 05:40:16,0
2,113.906631,22.553182999999997,2016-11-03 05:40:17,0
0,114.044334,22.551634,2016-11-03 05:40:19,1
1,113.94778400000001,22.550682000000002,2016-11-03 05:40:24,0
2,113.907021,22.552532,2016-11-03 05:40:25,0
3,113.81338500000001,22.609568,2016-11-03 05:40:27,0
4,114.082199,22.533916,2016-11-03 05:40:31,0
0,114.04425,22.554033,2016-11-03 05:40:34,1
1,113.94873,22.550568,2016-11-03 05:40:39,0
2,113.907303,22.550917000000002,2016-11-03 05:40:40,0
4,114.082199,22.533916,2016-11-03 05:40:46,0
2,113.907936,22.550167000000002,2016-11-03 05:40:48,0
3,113.81131699999999,22.60845,2016-11-03 05:40:47,0
0,114.044067,22.556267000000002,2016-11-03 05:40:49,1
1,113.94886799999999,22.550734,2016-11-03 05:40:54,0
4,114.082199,22.533916,2016-11-03 05:41:01,0
2,113.90947,22.550516000000002,2016-11-03 05:41:03,0
0,114.04393,22.556583,2016-11-03 05:41:04,1
3,113.80905200000001,22.60725,2016-11-03 05:41:07,0
1,113.94881399999998,22.552134,2016-11-03 05:41:09,0
4,114.082199,22.533916,2016-11-03 05:41:16,0
2,113.91051499999999,22.552082000000002,2016-11-03 05:41:18,0
0,114.043747,22.55695,2016-11-03 05:41:19,1
1,113.9487,22.553368,2016-11-03 05:41:24,0
3,113.808884,22.607166,2016-11-03 05:41:27,0
4,114.08218400000001,22.534983,2016-11-03 05:41:31,0
1,113.948601,22.554117,2016-11-03 05:41:32,0
2,113.91216999999999,22.553017,2016-11-03 05:41:33,0
0,114.042786,22.558718,2016-11-03 05:41:34,1
4,114.082031,22.5366,2016-11-03 05:41:46,0
3,113.808884,22.607166,2016-11-03 05:41:47,0
1,113.94856999999999,22.555567,2016-11-03 05:41:47,0
0,114.04142,22.561251000000002,2016-11-03 05:41:49,1
4,114.08328200000001,22.537149,2016-11-03 05:42:01,0
1,113.95048500000001,22.555982999999998,2016-11-03 05:42:04,0
0,114.04142,22.562883,2016-11-03 05:42:04,1
3,113.808884,22.607166,2016-11-03 05:42:07,0
1,113.951553,22.556032000000002,2016-11-03 05:42:10,0
2,113.913963,22.554182,2016-11-03 05:41:48,0
2,113.914749,22.554882,2016-11-03 05:41:56,0
2,113.91493200000001,22.555032999999998,2016-11-03 05:41:58,0
2,113.91556499999999,22.555183,2016-11-03 05:42:04,0
2,113.91658000000001,22.555432999999997,2016-11-03 05:42:12,0
4,114.085434,22.537149,2016-11-03 05:42:16,0
0,114.042953,22.563816,2016-11-03 05:42:19,1
1,113.954453,22.556101,2016-11-03 05:42:25,0
3,113.808884,22.607166,2016-11-03 05:42:27,0
2,113.91877,22.555349,2016-11-03 05:42:28,0
4,114.08706699999999,22.537167,2016-11-03 05:42:31,0
0,114.045433,22.564501,2016-11-03 05:42:34,1
2,113.92031899999999,22.555218,2016-11-03 05:42:42,0
4,114.089401,22.537434,2016-11-03 05:42:46,0
3,113.808884,22.607166,2016-11-03 05:42:47,0
0,114.048103,22.565018,2016-11-03 05:42:49,1
2,113.921799,22.555082000000002,2016-11-03 05:42:57,0
4,114.09182,22.537867000000002,2016-11-03 05:43:01,0
2,113.92205,22.554968,2016-11-03 05:43:04,0
3,113.808884,22.607166,2016-11-03 05:43:07,0
0,114.05117,22.56485,2016-11-03 05:43:04,1
4,114.09443700000001,22.537832,2016-11-03 05:43:16,0
0,114.05461899999999,22.564934,2016-11-03 05:43:19,1
2,113.92201999999999,22.554916,2016-11-03 05:43:20,0
3,113.808884,22.607166,2016-11-03 05:43:27,0
1,113.956833,22.556116,2016-11-03 05:42:40,0
1,113.958168,22.556133,2016-11-03 05:42:48,0
1,113.958519,22.55615,2016-11-03 05:42:50,0
1,113.959579,22.556182999999997,2016-11-03 05:42:56,0
1,113.96098300000001,22.556368,2016-11-03 05:43:04,0
1,113.96133400000001,22.5564,2016-11-03 05:43:06,0
1,113.963516,22.556618,2016-11-03 05:43:19,0
1,113.96428700000001,22.556667,2016-11-03 05:43:27,0
1,113.9645,22.556683,2016-11-03 05:43:29,0
4,114.096802,22.537901,2016-11-03 05:43:31,0
0,114.057549,22.565916,2016-11-03 05:43:34,1
1,113.964996,22.556767,2016-11-03 05:43:35,0
2,113.92203500000001,22.554951000000003,2016-11-03 05:43:35,0
2,113.92205,22.554916,2016-11-03 05:43:44,0
4,114.09913600000002,22.537916,2016-11-03 05:43:46,0
3,113.808884,22.607166,2016-11-03 05:43:47,0
0,114.060097,22.567133,2016-11-03 05:43:49,1
1,113.96583600000001,22.556984,2016-11-03 05:43:50,0
4,114.100998,22.537782999999997,2016-11-03 05:44:01,0
0,114.06188200000001,22.566784,2016-11-03 05:44:04,1
1,113.96651499999999,22.556832999999997,2016-11-03 05:44:05,0
3,113.808884,22.607166,2016-11-03 05:44:07,0
2,113.92206599999999,22.554882,2016-11-03 05:44:08,0
2,113.922096,22.554899,2016-11-03 05:44:14,0
4,114.102333,22.537867000000002,2016-11-03 05:44:16,0
1,113.96653,22.556168,2016-11-03 05:44:20,0
3,113.808884,22.607166,2016-11-03 05:44:27,0
0,114.062317,22.568518,2016-11-03 05:44:19,1
4,114.104134,22.537582,2016-11-03 05:44:31,0
1,113.967064,22.555834,2016-11-03 05:44:35,0
0,114.06183600000001,22.570766,2016-11-03 05:44:34,1
4,114.105698,22.53825,2016-11-03 05:44:46,0
3,113.80957,22.607483,2016-11-03 05:44:47,0
0,114.061264,22.573366,2016-11-03 05:44:49,1
1,113.96851299999999,22.555882999999998,2016-11-03 05:44:50,0
1,113.968864,22.556067000000002,2016-11-03 05:44:58,0
4,114.10693400000001,22.540117000000002,2016-11-03 05:45:01,0
0,114.060768,22.5758,2016-11-03 05:45:04,1
1,113.96963500000001,22.555799,2016-11-03 05:45:07,0
3,113.81163000000001,22.608467,2016-11-03 05:45:07,0
1,113.96966599999999,22.55575,2016-11-03 05:45:13,0
4,114.10681899999999,22.541134,2016-11-03 05:45:16,0
0,114.059952,22.57855,2016-11-03 05:45:19,1
3,113.814049,22.609367000000002,2016-11-03 05:45:27,0
1,113.96966599999999,22.55475,2016-11-03 05:45:28,0
4,114.10681899999999,22.541134,2016-11-03 05:45:31,0
1,113.96970400000001,22.553316,2016-11-03 05:45:43,0
0,114.058784,22.580682999999997,2016-11-03 05:45:34,1
4,114.10681899999999,22.541134,2016-11-03 05:45:46,0
3,113.814651,22.609617,2016-11-03 05:45:47,0
2,113.92201999999999,22.554934,2016-11-03 05:45:49,0
1,113.96966599999999,22.552999,2016-11-03 05:45:51,0
0,114.058434,22.5814,2016-11-03 05:45:49,1
2,113.92205,22.554934,2016-11-03 05:45:57,0
4,114.10681899999999,22.541134,2016-11-03 05:46:01,0
1,113.970299,22.552732000000002,2016-11-03 05:46:06,0
2,113.92199699999999,22.554882,2016-11-03 05:46:05,0
3,113.816566,22.61055,2016-11-03 05:46:07,0
2,113.92201999999999,22.554867,2016-11-03 05:46:12,0
4,114.10681899999999,22.541134,2016-11-03 05:46:16,0
1,113.9711,22.552383,2016-11-03 05:46:21,0
2,113.92205,22.554899,2016-11-03 05:46:27,0
3,113.81901599999999,22.61175,2016-11-03 05:46:27,0
4,114.10681899999999,22.541134,2016-11-03 05:46:31,0
1,113.971832,22.552151000000002,2016-11-03 05:46:36,0
2,113.92206599999999,22.554882,2016-11-03 05:46:42,0
2,113.92203500000001,22.554882,2016-11-03 05:46:50,0
4,114.10662099999999,22.542433,2016-11-03 05:46:46,0
3,113.821854,22.613068,2016-11-03 05:46:47,0
1,113.972153,22.551367000000003,2016-11-03 05:46:51,0
1,113.972099,22.550583,2016-11-03 05:46:59,0
4,114.10643,22.544382000000002,2016-11-03 05:47:01,0
2,113.921982,22.554899,2016-11-03 05:47:05,0
4,114.10641499999998,22.544483,2016-11-03 05:47:16,0
2,113.921951,22.554934,2016-11-03 05:47:20,0
3,113.824234,22.613882,2016-11-03 05:47:07,0
3,113.825249,22.611432999999998,2016-11-03 05:47:27,0
2,113.921951,22.554934,2016-11-03 05:47:28,0
4,114.10641499999998,22.544483,2016-11-03 05:47:31,0
1,113.973969,22.548532,2016-11-03 05:47:23,0
1,113.97426599999999,22.548182999999998,2016-11-03 05:47:29,0
1,113.97395300000001,22.547466,2016-11-03 05:47:37,0
0,114.043465,22.596216000000002,2016-11-03 05:47:39,1
0,114.043465,22.596216000000002,2016-11-03 05:47:40,1
2,113.921898,22.554916,2016-11-03 05:47:43,0
0,114.042549,22.596701,2016-11-03 05:47:45,1
4,114.10641499999998,22.544483,2016-11-03 05:47:46,0
3,113.82618000000001,22.610067,2016-11-03 05:47:48,0
1,113.973335,22.54575,2016-11-03 05:47:52,0
2,113.921898,22.554899,2016-11-03 05:47:58,0
4,114.10641499999998,22.544483,2016-11-03 05:48:01,0
0,114.03984799999999,22.597151,2016-11-03 05:48:03,1
2,113.92193600000002,22.554867,2016-11-03 05:48:04,0
1,113.973381,22.543867000000002,2016-11-03 05:48:07,0
3,113.82676699999999,22.608566,2016-11-03 05:48:08,0
0,114.038467,22.598301,2016-11-03 05:48:15,1
4,114.10641499999998,22.544483,2016-11-03 05:48:16,0
2,113.92203500000001,22.554951000000003,2016-11-03 05:48:20,0
1,113.973396,22.542116,2016-11-03 05:48:22,0
3,113.82676699999999,22.608482000000002,2016-11-03 05:48:28,0
1,113.97343400000001,22.541517000000002,2016-11-03 05:48:30,0
0,114.037697,22.5991,2016-11-03 05:48:30,1
4,114.10621599999999,22.545583999999998,2016-11-03 05:48:31,0
2,113.922615,22.555117000000003,2016-11-03 05:48:35,0
1,113.973366,22.541082,2016-11-03 05:48:45,0
0,114.036064,22.600817000000003,2016-11-03 05:48:45,1
4,114.105682,22.547382,2016-11-03 05:48:46,0
3,113.82692,22.607317000000002,2016-11-03 05:48:48,0
2,113.922951,22.554582999999997,2016-11-03 05:48:50,0
1,113.973579,22.540768,2016-11-03 05:49:00,0
0,114.03431699999999,22.602551000000002,2016-11-03 05:49:00,1
4,114.105003,22.549432999999997,2016-11-03 05:49:01,0
2,113.923119,22.55435,2016-11-03 05:49:05,0
3,113.82753000000001,22.60585,2016-11-03 05:49:08,0
1,113.974884,22.541201,2016-11-03 05:49:15,0
0,114.032303,22.604549,2016-11-03 05:49:15,1
4,114.105232,22.551184,2016-11-03 05:49:16,0
3,113.828529,22.603482999999997,2016-11-03 05:49:28,0
0,114.03058600000001,22.606282999999998,2016-11-03 05:49:30,1
1,113.97613500000001,22.541067,2016-11-03 05:49:30,0
4,114.104446,22.552633,2016-11-03 05:49:31,0
1,113.976799,22.541,2016-11-03 05:49:38,0
0,114.029701,22.60725,2016-11-03 05:49:45,1
4,114.10426299999999,22.552982,2016-11-03 05:49:46,0
3,113.829536,22.600967,2016-11-03 05:49:48,0
1,113.97761499999999,22.540733,2016-11-03 05:49:53,0
0,114.028702,22.608632999999998,2016-11-03 05:50:00,1
4,114.10406499999999,22.554167,2016-11-03 05:50:01,0
3,113.82986499999998,22.599117,2016-11-03 05:50:08,0
1,113.978104,22.540333,2016-11-03 05:50:08,0
0,114.02748100000001,22.610483,2016-11-03 05:50:15,1
4,114.104118,22.555967000000003,2016-11-03 05:50:16,0
3,113.82996399999999,22.598417,2016-11-03 05:50:28,0
4,114.104134,22.557817,2016-11-03 05:50:31,0
1,113.979248,22.5396,2016-11-03 05:50:23,0
0,114.028282,22.611549,2016-11-03 05:50:30,1
1,113.981003,22.539534,2016-11-03 05:50:38,0
0,114.02887,22.612232000000002,2016-11-03 05:50:45,1
4,114.104134,22.558398999999998,2016-11-03 05:50:46,0
3,113.83017,22.596633999999998,2016-11-03 05:50:48,0
1,113.98238400000001,22.5394,2016-11-03 05:50:53,0
0,114.028084,22.612284,2016-11-03 05:51:00,1
4,114.104134,22.558398999999998,2016-11-03 05:51:01,0
3,113.83076499999999,22.594182999999997,2016-11-03 05:51:08,0
0,114.02701599999999,22.613132,2016-11-03 05:51:15,1
1,113.98238400000001,22.538151,2016-11-03 05:51:16,0
4,114.104134,22.558398999999998,2016-11-03 05:51:16,0
1,113.982368,22.537848999999998,2016-11-03 05:51:18,0
1,113.98224599999999,22.537251,2016-11-03 05:51:24,0
3,113.83243600000002,22.591818,2016-11-03 05:51:28,0
0,114.027046,22.613167,2016-11-03 05:51:30,0
4,114.104118,22.560284,2016-11-03 05:51:31,0
0,114.027046,22.613167,2016-11-03 05:51:45,0
4,114.104134,22.561632,2016-11-03 05:51:46,0
3,113.835197,22.589782999999997,2016-11-03 05:51:48,0
1,113.981171,22.5369,2016-11-03 05:51:47,0
1,113.981117,22.5369,2016-11-03 05:51:49,0
1,113.981102,22.536882000000002,2016-11-03 05:51:55,0
0,114.027046,22.613167,2016-11-03 05:52:00,0
4,114.102631,22.5616,2016-11-03 05:52:01,0
3,113.83805100000001,22.587816,2016-11-03 05:52:08,0
1,113.98173500000001,22.536867,2016-11-03 05:52:10,0
0,114.027046,22.613167,2016-11-03 05:52:15,0
4,114.10208100000001,22.561884,2016-11-03 05:52:16,0
1,113.98233,22.537717999999998,2016-11-03 05:52:25,0
3,113.840752,22.586,2016-11-03 05:52:28,0
0,114.027046,22.613167,2016-11-03 05:52:30,0
4,114.10208100000001,22.561884,2016-11-03 05:52:31,0
0,114.027046,22.613167,2016-11-03 05:52:45,0
4,114.10208100000001,22.561884,2016-11-03 05:52:46,0
3,113.84137,22.585567,2016-11-03 05:52:48,0
1,113.98288000000001,22.539467000000002,2016-11-03 05:52:49,0
1,113.98288000000001,22.539467000000002,2016-11-03 05:52:50,0
1,113.98373400000001,22.53945,2016-11-03 05:52:57,0
0,114.027046,22.613167,2016-11-03 05:53:00,0
4,114.10208100000001,22.561884,2016-11-03 05:53:01,0
3,113.84137,22.585567,2016-11-03 05:53:08,0
1,113.98453500000001,22.538601,2016-11-03 05:53:11,0
0,114.028282,22.611917000000002,2016-11-03 05:53:15,0
4,114.10208100000001,22.561884,2016-11-03 05:53:16,0
3,113.84306299999999,22.584383,2016-11-03 05:53:28,0
0,114.027153,22.611383,2016-11-03 05:53:29,0
4,114.10208100000001,22.561884,2016-11-03 05:53:31,0
1,113.986069,22.538851,2016-11-03 05:53:36,0
1,113.98631999999999,22.53875,2016-11-03 05:53:42,0
0,114.026131,22.611798999999998,2016-11-03 05:53:45,0
4,114.10208100000001,22.561884,2016-11-03 05:53:47,0
3,113.845634,22.582483,2016-11-03 05:53:48,0
1,113.98677099999999,22.538918,2016-11-03 05:53:57,0
0,114.02656599999999,22.611168,2016-11-03 05:54:00,0
4,114.10208100000001,22.561884,2016-11-03 05:54:02,0
2,113.923119,22.554317,2016-11-03 05:54:02,0
3,113.847916,22.580617999999998,2016-11-03 05:54:08,0
1,113.986916,22.5394,2016-11-03 05:54:11,0
0,114.026749,22.610848999999998,2016-11-03 05:54:15,0
4,114.10208100000001,22.561884,2016-11-03 05:54:17,0
2,113.923103,22.55435,2016-11-03 05:54:17,0
2,113.923103,22.554333,2016-11-03 05:54:25,0
1,113.98696899999999,22.539949,2016-11-03 05:54:27,0
3,113.84908300000001,22.579666,2016-11-03 05:54:28,0
0,114.027,22.610398999999997,2016-11-03 05:54:30,0
4,114.10208100000001,22.561884,2016-11-03 05:54:32,0
2,113.922951,22.554382,2016-11-03 05:54:40,0
1,113.98761699999999,22.539949,2016-11-03 05:54:42,0
0,114.028351,22.608667,2016-11-03 05:54:45,0
4,114.10208100000001,22.561884,2016-11-03 05:54:47,0
3,113.85073100000001,22.578332999999997,2016-11-03 05:54:48,0
1,113.987747,22.539167000000003,2016-11-03 05:54:57,0
0,114.02935,22.607367,2016-11-03 05:55:00,0
4,114.10208100000001,22.561884,2016-11-03 05:55:02,0
3,113.852768,22.576683,2016-11-03 05:55:08,0
1,113.988419,22.539368,2016-11-03 05:55:12,0
0,114.029564,22.607134,2016-11-03 05:55:15,0
4,114.10208100000001,22.561884,2016-11-03 05:55:17,0
1,113.98881499999999,22.54035,2016-11-03 05:55:27,0
3,113.85403400000001,22.575632000000002,2016-11-03 05:55:28,0
0,114.030914,22.605749,2016-11-03 05:55:30,0
4,114.10208100000001,22.561884,2016-11-03 05:55:31,0
1,113.98908200000001,22.541367,2016-11-03 05:55:42,0
0,114.032753,22.603901,2016-11-03 05:55:45,0
4,114.10208100000001,22.561884,2016-11-03 05:55:46,0
3,113.85403400000001,22.575632000000002,2016-11-03 05:55:48,0
1,113.98991399999998,22.541598999999998,2016-11-03 05:55:57,0
0,114.034233,22.6024,2016-11-03 05:56:00,0
4,114.10208100000001,22.561884,2016-11-03 05:56:01,0
3,113.85396599999999,22.575382,2016-11-03 05:56:08,0
1,113.991234,22.541718,2016-11-03 05:56:12,0
0,114.03437,22.602266,2016-11-03 05:56:15,0
4,114.10208100000001,22.561884,2016-11-03 05:56:16,0
1,113.99185200000001,22.540216,2016-11-03 05:56:27,0
3,113.855148,22.574717,2016-11-03 05:56:28,0
0,114.03437,22.602266,2016-11-03 05:56:30,0
4,114.10208100000001,22.561884,2016-11-03 05:56:31,0
1,113.992203,22.538883,2016-11-03 05:56:42,0
0,114.034683,22.601982,2016-11-03 05:56:45,0
4,114.10208100000001,22.561884,2016-11-03 05:56:46,0
3,113.85641499999998,22.5737,2016-11-03 05:56:48,0
1,113.99205,22.540251,2016-11-03 05:56:57,0
0,114.03573600000001,22.600901,2016-11-03 05:57:00,0
4,114.10208100000001,22.561884,2016-11-03 05:57:01,0
1,113.99192,22.541183,2016-11-03 05:57:05,0
3,113.85641499999998,22.5737,2016-11-03 05:57:08,0
0,114.03708600000002,22.599532999999997,2016-11-03 05:57:15,0
4,114.10208100000001,22.561884,2016-11-03 05:57:16,0
1,113.991768,22.542917000000003,2016-11-03 05:57:20,0
3,113.85641499999998,22.5737,2016-11-03 05:57:28,0
0,114.0383,22.598333,2016-11-03 05:57:30,0
4,114.10208100000001,22.561884,2016-11-03 05:57:31,0
1,113.99268300000001,22.543966,2016-11-03 05:57:35,0
4,114.10208100000001,22.561884,2016-11-03 05:57:46,0
3,113.85641499999998,22.5737,2016-11-03 05:57:48,0
1,113.994553,22.544634,2016-11-03 05:57:50,0
4,114.10208100000001,22.561884,2016-11-03 05:58:01,0
1,113.996696,22.545482999999997,2016-11-03 05:58:05,0
0,114.040268,22.596916,2016-11-03 05:57:45,0
0,114.04256399999998,22.596532999999997,2016-11-03 05:58:00,0
3,113.857697,22.572651,2016-11-03 05:58:08,0
4,114.10208100000001,22.561884,2016-11-03 05:58:16,0
0,114.04443400000001,22.594749,2016-11-03 05:58:15,0
1,113.998497,22.546,2016-11-03 05:58:20,0
3,113.85781899999999,22.572517,2016-11-03 05:58:28,0
1,113.99958000000001,22.54615,2016-11-03 05:58:28,0
0,114.04578400000001,22.5928,2016-11-03 05:58:30,0
4,114.10208100000001,22.561884,2016-11-03 05:58:31,0
1,114.00054899999999,22.546249,2016-11-03 05:58:43,0
0,114.04715,22.59075,2016-11-03 05:58:45,0
4,114.10208100000001,22.561884,2016-11-03 05:58:46,0
3,113.85781899999999,22.572517,2016-11-03 05:58:48,0
1,114.00061799999999,22.546167,2016-11-03 05:58:58,0
0,114.047417,22.59025,2016-11-03 05:59:00,0
4,114.10208100000001,22.561884,2016-11-03 05:59:01,0
3,113.85781899999999,22.572517,2016-11-03 05:59:08,0
1,114.00068700000001,22.546183,2016-11-03 05:59:13,0
4,114.10208100000001,22.561884,2016-11-03 05:59:16,0
1,114.00068700000001,22.546183,2016-11-03 05:59:28,0
3,113.85781899999999,22.572517,2016-11-03 05:59:28,0
2,113.92303500000001,22.554367000000003,2016-11-03 05:59:33,0
4,114.10208100000001,22.561884,2016-11-03 05:59:31,0
4,114.10208100000001,22.561884,2016-11-03 05:59:46,0
3,113.85781899999999,22.572517,2016-11-03 05:59:48,0
0,114.047417,22.59025,2016-11-03 05:59:15,0
0,114.047417,22.59025,2016-11-03 05:59:30,0
0,114.047417,22.59025,2016-11-03 05:59:45,0
0,114.047417,22.59025,2016-11-03 06:00:00,0
4,114.10208100000001,22.561884,2016-11-03 06:00:01,0
3,113.85781899999999,22.572517,2016-11-03 06:00:08,0
0,114.047417,22.59025,2016-11-03 06:00:15,0
4,114.10208100000001,22.561884,2016-11-03 06:00:16,0
3,113.85781899999999,22.572517,2016-11-03 06:00:28,0
1,114.00603500000001,22.548567000000002,2016-11-03 06:00:30,0
1,114.006248,22.548767,2016-11-03 06:00:31,0
0,114.05981399999999,22.57835,2016-11-03 06:00:30,0
4,114.10208100000001,22.561884,2016-11-03 06:00:31,0
1,114.007202,22.54995,2016-11-03 06:00:45,0
0,114.060654,22.575733,2016-11-03 06:00:45,0
4,114.10208100000001,22.561884,2016-11-03 06:00:47,0
3,113.85781899999999,22.572517,2016-11-03 06:00:48,0
1,114.00821699999999,22.551317,2016-11-03 06:01:00,0
0,114.06111899999999,22.573217,2016-11-03 06:01:00,0
4,114.10208100000001,22.561884,2016-11-03 06:01:02,0
3,113.8582,22.572232999999997,2016-11-03 06:01:08,0
1,114.009148,22.552584,2016-11-03 06:01:15,0
0,114.061501,22.571382999999997,2016-11-03 06:01:15,0
4,114.10208100000001,22.561884,2016-11-03 06:01:17,0
3,113.858833,22.571667,2016-11-03 06:01:28,0
1,114.00923200000001,22.5527,2016-11-03 06:01:30,0
0,114.061752,22.569817,2016-11-03 06:01:30,0
4,114.10208100000001,22.561884,2016-11-03 06:01:32,0
1,114.00923200000001,22.552683,2016-11-03 06:01:45,0
0,114.061333,22.568317,2016-11-03 06:01:45,0
4,114.10208100000001,22.561884,2016-11-03 06:01:47,0
3,113.858833,22.571667,2016-11-03 06:01:48,0
1,114.00972,22.553883,2016-11-03 06:02:00,0
0,114.059334,22.567417000000003,2016-11-03 06:02:00,0
4,114.10208100000001,22.561884,2016-11-03 06:02:02,0
2,113.92303500000001,22.55435,2016-11-03 06:02:07,0
3,113.858833,22.571667,2016-11-03 06:02:08,0
1,114.011147,22.555283,2016-11-03 06:02:15,0
0,114.05711399999998,22.566334,2016-11-03 06:02:15,0
4,114.10208100000001,22.561884,2016-11-03 06:02:17,0
2,113.923065,22.554434,2016-11-03 06:02:18,0
3,113.858833,22.571667,2016-11-03 06:02:28,0
1,114.013481,22.5553,2016-11-03 06:02:30,0
0,114.05506899999999,22.56555,2016-11-03 06:02:30,0
4,114.10208100000001,22.561884,2016-11-03 06:02:32,0
2,113.92326399999999,22.555017000000003,2016-11-03 06:02:33,0
2,113.92375200000001,22.555032999999998,2016-11-03 06:02:40,0
1,114.01531999999999,22.5553,2016-11-03 06:02:45,0
0,114.052315,22.565282999999997,2016-11-03 06:02:45,0
4,114.10208100000001,22.561884,2016-11-03 06:02:46,0
3,113.858833,22.571667,2016-11-03 06:02:48,0
2,113.92503400000001,22.554882,2016-11-03 06:02:55,0
1,114.01533500000001,22.555283,2016-11-03 06:03:00,0
4,114.10208100000001,22.561884,2016-11-03 06:03:01,0
0,114.049751,22.565067000000003,2016-11-03 06:03:00,0
3,113.858833,22.571667,2016-11-03 06:03:08,0
2,113.92600300000001,22.554832,2016-11-03 06:03:11,0
1,114.01550300000001,22.555283,2016-11-03 06:03:15,0
0,114.04630300000001,22.565117,2016-11-03 06:03:15,0
4,114.10208100000001,22.561884,2016-11-03 06:03:16,0
2,113.92598000000001,22.555849,2016-11-03 06:03:25,0
3,113.858833,22.571667,2016-11-03 06:03:28,0
1,114.017265,22.555332,2016-11-03 06:03:30,0
0,114.04358700000002,22.564516,2016-11-03 06:03:30,0
4,114.10208100000001,22.561884,2016-11-03 06:03:31,0
2,113.925529,22.555849,2016-11-03 06:03:34,0
1,114.01853200000001,22.555401,2016-11-03 06:03:38,0
0,114.04018400000001,22.563617999999998,2016-11-03 06:03:45,0
4,114.10208100000001,22.561884,2016-11-03 06:03:46,0
3,113.858833,22.571667,2016-11-03 06:03:48,0
2,113.92413300000001,22.555866,2016-11-03 06:03:49,0
0,114.0373,22.563116,2016-11-03 06:04:00,0
4,114.10208100000001,22.561884,2016-11-03 06:04:02,0
2,113.921967,22.555933,2016-11-03 06:04:04,0
3,113.858833,22.571667,2016-11-03 06:04:08,0
2,113.92078400000001,22.555967000000003,2016-11-03 06:04:12,0
0,114.03447,22.562651000000002,2016-11-03 06:04:15,0
4,114.10208100000001,22.561884,2016-11-03 06:04:16,0
1,114.02276599999999,22.555483,2016-11-03 06:04:01,0
1,114.02276599999999,22.555483,2016-11-03 06:04:02,0
1,114.02408600000001,22.555517000000002,2016-11-03 06:04:09,0
1,114.025383,22.5557,2016-11-03 06:04:17,0
3,113.858833,22.571667,2016-11-03 06:04:28,0
4,114.10208100000001,22.561884,2016-11-03 06:04:31,0
0,114.03056299999999,22.5623,2016-11-03 06:04:45,0
1,114.029503,22.556267000000002,2016-11-03 06:04:47,0
3,113.858833,22.571667,2016-11-03 06:04:48,0
0,114.028099,22.561899,2016-11-03 06:05:00,0
2,113.91947900000001,22.560883,2016-11-03 06:05:12,0
3,113.858833,22.571667,2016-11-03 06:05:08,0
0,114.02581799999999,22.561483,2016-11-03 06:05:15,0
2,113.91961699999999,22.561567,2016-11-03 06:05:20,0
4,114.10208100000001,22.561884,2016-11-03 06:05:17,0
0,114.02528400000001,22.561617000000002,2016-11-03 06:05:30,0
3,113.858833,22.571667,2016-11-03 06:05:28,0
2,113.918549,22.562182999999997,2016-11-03 06:05:35,0
4,114.10208100000001,22.561884,2016-11-03 06:05:32,0
4,114.10208100000001,22.561884,2016-11-03 06:05:47,0
3,113.858833,22.571667,2016-11-03 06:05:48,0
4,114.10208100000001,22.561884,2016-11-03 06:06:02,0
0,114.02514599999999,22.561632,2016-11-03 06:06:00,0
1,114.032829,22.553932,2016-11-03 06:05:25,0
3,113.858833,22.571667,2016-11-03 06:06:28,0
4,114.10208100000001,22.561884,2016-11-03 06:06:32,0
2,113.916298,22.567301,2016-11-03 06:06:28,0
0,114.025085,22.56155,2016-11-03 06:06:30,0
2,113.91721299999999,22.568482999999997,2016-11-03 06:06:43,0
0,114.02516899999999,22.5616,2016-11-03 06:06:45,0
4,114.10208100000001,22.561884,2016-11-03 06:06:47,0
3,113.858833,22.571667,2016-11-03 06:06:48,0
2,113.91823600000001,22.569032999999997,2016-11-03 06:06:58,0
0,114.02516899999999,22.5616,2016-11-03 06:07:00,0
4,114.10208100000001,22.561884,2016-11-03 06:07:02,0
3,113.858833,22.571667,2016-11-03 06:07:08,0
0,114.02516899999999,22.5616,2016-11-03 06:07:15,0
4,114.10208100000001,22.561884,2016-11-03 06:07:17,0
3,113.858833,22.571667,2016-11-03 06:07:28,0
0,114.02516899999999,22.5616,2016-11-03 06:07:30,0
4,114.10208100000001,22.561884,2016-11-03 06:07:32,0
0,114.02516899999999,22.5616,2016-11-03 06:07:45,0
1,114.03521699999999,22.554701,2016-11-03 06:07:47,0
4,114.10208100000001,22.561884,2016-11-03 06:07:47,0
3,113.858833,22.571667,2016-11-03 06:07:48,0
1,114.035233,22.554716,2016-11-03 06:07:50,0
1,114.035233,22.554716,2016-11-03 06:07:58,0
0,114.02516899999999,22.5616,2016-11-03 06:08:00,0
4,114.10208100000001,22.561884,2016-11-03 06:08:02,0
3,113.858833,22.571667,2016-11-03 06:08:08,0
1,114.035233,22.554716,2016-11-03 06:08:13,0
0,114.02516899999999,22.5616,2016-11-03 06:08:15,0
4,114.10208100000001,22.561884,2016-11-03 06:08:17,0
1,114.035202,22.554667000000002,2016-11-03 06:08:28,0
3,113.858833,22.571667,2016-11-03 06:08:28,0
0,114.02516899999999,22.5616,2016-11-03 06:08:30,0
4,114.10208100000001,22.561884,2016-11-03 06:08:32,0
1,114.035271,22.554466,2016-11-03 06:08:43,0
0,114.02516899999999,22.5616,2016-11-03 06:08:45,0
4,114.10208100000001,22.561884,2016-11-03 06:08:47,0
3,113.858833,22.571667,2016-11-03 06:08:48,0
1,114.035248,22.554448999999998,2016-11-03 06:08:51,0
0,114.02516899999999,22.5616,2016-11-03 06:09:00,0
4,114.10208100000001,22.561884,2016-11-03 06:09:02,0
1,114.035233,22.554448999999998,2016-11-03 06:09:06,0
3,113.858833,22.571667,2016-11-03 06:09:08,0
0,114.02516899999999,22.5616,2016-11-03 06:09:15,0
4,114.10208100000001,22.561884,2016-11-03 06:09:17,0
1,114.035248,22.554434,2016-11-03 06:09:21,0
3,113.858833,22.571667,2016-11-03 06:09:28,0
0,114.02516899999999,22.5616,2016-11-03 06:09:30,0
4,114.10208100000001,22.561884,2016-11-03 06:09:32,0
0,114.02516899999999,22.5616,2016-11-03 06:09:45,0
4,114.10208100000001,22.561884,2016-11-03 06:09:47,0
3,113.858833,22.571667,2016-11-03 06:09:48,0
0,114.025002,22.561617000000002,2016-11-03 06:10:00,0
4,114.10208100000001,22.561884,2016-11-03 06:10:02,0
3,113.858833,22.571667,2016-11-03 06:10:08,0
0,114.025002,22.561617000000002,2016-11-03 06:10:15,0
4,114.10208100000001,22.561884,2016-11-03 06:10:17,0
1,114.035202,22.554382,2016-11-03 06:10:24,0
3,113.858833,22.571667,2016-11-03 06:10:28,0
0,114.025002,22.561617000000002,2016-11-03 06:10:30,0
4,114.10208100000001,22.561884,2016-11-03 06:10:32,0
1,114.035271,22.554417,2016-11-03 06:10:36,0
0,114.025002,22.561617000000002,2016-11-03 06:10:45,0
4,114.10208100000001,22.561884,2016-11-03 06:10:47,0
3,113.858833,22.571667,2016-11-03 06:10:48,0
1,114.035233,22.554417,2016-11-03 06:10:51,0
0,114.025002,22.561617000000002,2016-11-03 06:11:00,0
4,114.10208100000001,22.561884,2016-11-03 06:11:02,0
1,114.035233,22.554448999999998,2016-11-03 06:11:06,0
3,113.858833,22.571667,2016-11-03 06:11:08,0
0,114.025002,22.561617000000002,2016-11-03 06:11:15,0
4,114.10208100000001,22.561884,2016-11-03 06:11:17,0
3,113.858833,22.571667,2016-11-03 06:11:28,0
0,114.025002,22.561617000000002,2016-11-03 06:11:30,0
4,114.10208100000001,22.561884,2016-11-03 06:11:32,0
0,114.025002,22.561617000000002,2016-11-03 06:11:45,0
4,114.10208100000001,22.561884,2016-11-03 06:11:47,0
3,113.858833,22.571667,2016-11-03 06:11:48,0
2,113.91833500000001,22.569017000000002,2016-11-03 06:11:51,0
0,114.025002,22.561617000000002,2016-11-03 06:12:00,0
4,114.10208100000001,22.561884,2016-11-03 06:12:02,0
3,113.858833,22.571667,2016-11-03 06:12:08,0
0,114.025002,22.561617000000002,2016-11-03 06:12:15,0
4,114.10208100000001,22.561884,2016-11-03 06:12:17,0
3,113.858833,22.571667,2016-11-03 06:12:28,0
0,114.025002,22.561617000000002,2016-11-03 06:12:30,0
4,114.10208100000001,22.561884,2016-11-03 06:12:32,0
0,114.025002,22.561617000000002,2016-11-03 06:12:45,0
4,114.10208100000001,22.561884,2016-11-03 06:12:47,0
3,113.858833,22.571667,2016-11-03 06:12:48,0
0,114.025002,22.561617000000002,2016-11-03 06:13:00,0
4,114.10208100000001,22.561884,2016-11-03 06:13:02,0
3,113.858833,22.571667,2016-11-03 06:13:08,0
0,114.025002,22.561617000000002,2016-11-03 06:13:15,0
4,114.10208100000001,22.561884,2016-11-03 06:13:17,0
3,113.858833,22.571667,2016-11-03 06:13:28,0
0,114.025002,22.561617000000002,2016-11-03 06:13:30,0
4,114.10208100000001,22.561884,2016-11-03 06:13:32,0
0,114.025002,22.561617000000002,2016-11-03 06:13:45,0
4,114.10208100000001,22.561884,2016-11-03 06:13:47,0
3,113.858833,22.571667,2016-11-03 06:13:48,0
0,114.025002,22.561617000000002,2016-11-03 06:14:00,0
4,114.10208100000001,22.561884,2016-11-03 06:14:02,0
3,113.858833,22.571667,2016-11-03 06:14:08,0
0,114.025002,22.561617000000002,2016-11-03 06:14:15,0
4,114.10208100000001,22.561884,2016-11-03 06:14:17,0
3,113.858833,22.571667,2016-11-03 06:14:28,0
0,114.025002,22.561617000000002,2016-11-03 06:14:30,0
4,114.10208100000001,22.561884,2016-11-03 06:14:32,0
0,114.025002,22.561617000000002,2016-11-03 06:14:45,0
4,114.10191299999998,22.5618,2016-11-03 06:14:47,0
3,113.858833,22.571667,2016-11-03 06:14:48,0
0,114.025002,22.561617000000002,2016-11-03 06:15:00,0
4,114.10257,22.561583,2016-11-03 06:15:02,0
3,113.858833,22.571667,2016-11-03 06:15:08,0
0,114.025002,22.561617000000002,2016-11-03 06:15:15,0
4,114.103668,22.561501,2016-11-03 06:15:17,0
3,113.858833,22.571667,2016-11-03 06:15:28,0
0,114.025002,22.561617000000002,2016-11-03 06:15:30,0
4,114.103981,22.560467000000003,2016-11-03 06:15:32,0
0,114.025002,22.561617000000002,2016-11-03 06:15:45,0
4,114.104019,22.558867000000003,2016-11-03 06:15:47,0
3,113.858833,22.571667,2016-11-03 06:15:48,0
0,114.025002,22.561617000000002,2016-11-03 06:16:00,0
4,114.104019,22.558867000000003,2016-11-03 06:16:02,0
1,114.03501899999999,22.5546,2016-11-03 06:16:06,0
3,113.858833,22.571667,2016-11-03 06:16:08,0
1,114.03503400000001,22.554617,2016-11-03 06:16:14,0
0,114.025002,22.561617000000002,2016-11-03 06:16:15,0
4,114.105499,22.558567,2016-11-03 06:16:17,0
3,113.858833,22.571667,2016-11-03 06:16:28,0
0,114.025002,22.561617000000002,2016-11-03 06:16:30,0
4,114.107353,22.558582,2016-11-03 06:16:32,0
0,114.025002,22.561617000000002,2016-11-03 06:16:45,0
4,114.10990100000001,22.558617,2016-11-03 06:16:47,0
3,113.858833,22.571667,2016-11-03 06:16:48,0
1,114.034966,22.554582999999997,2016-11-03 06:16:48,0
2,113.918365,22.56905,2016-11-03 06:16:51,0
1,114.034966,22.5546,2016-11-03 06:16:59,0
0,114.025002,22.561617000000002,2016-11-03 06:17:00,0
4,114.112701,22.558666,2016-11-03 06:17:02,0
3,113.858833,22.571667,2016-11-03 06:17:08,0
1,114.035133,22.55475,2016-11-03 06:17:14,0
0,114.025002,22.561617000000002,2016-11-03 06:17:15,0
4,114.115501,22.558718,2016-11-03 06:17:17,0
3,113.858833,22.571667,2016-11-03 06:17:28,0
0,114.025002,22.561617000000002,2016-11-03 06:17:30,0
4,114.11813400000001,22.558701,2016-11-03 06:17:32,0
0,114.025002,22.561617000000002,2016-11-03 06:17:45,0
3,113.858833,22.571667,2016-11-03 06:17:48,0
4,114.12001799999999,22.558416,2016-11-03 06:17:47,0
0,114.025002,22.561617000000002,2016-11-03 06:18:00,0
4,114.12186399999999,22.557234,2016-11-03 06:18:02,0
3,113.858833,22.571667,2016-11-03 06:18:08,0
0,114.025047,22.561449,2016-11-03 06:18:15,0
4,114.12355,22.558201,2016-11-03 06:18:17,0
3,113.858833,22.571667,2016-11-03 06:18:28,0
0,114.02498600000001,22.56135,2016-11-03 06:18:30,0
4,114.12505300000001,22.55895,2016-11-03 06:18:32,0
0,114.02498600000001,22.56135,2016-11-03 06:18:45,0
4,114.126167,22.558317000000002,2016-11-03 06:18:47,0
3,113.858833,22.571667,2016-11-03 06:18:48,0
0,114.02498600000001,22.56135,2016-11-03 06:19:00,0
4,114.127319,22.557333,2016-11-03 06:19:02,0
3,113.858833,22.571667,2016-11-03 06:19:08,0
0,114.02498600000001,22.56135,2016-11-03 06:19:15,0
4,114.12803600000001,22.556683,2016-11-03 06:19:17,0
3,113.858833,22.571667,2016-11-03 06:19:28,0
4,114.128052,22.556667,2016-11-03 06:19:32,0
0,114.02498600000001,22.56135,2016-11-03 06:19:30,0
0,114.02498600000001,22.56135,2016-11-03 06:19:45,0
4,114.128487,22.556316,2016-11-03 06:19:47,0
3,113.858833,22.571667,2016-11-03 06:19:49,0
0,114.02498600000001,22.56135,2016-11-03 06:20:00,0
4,114.129967,22.555082000000002,2016-11-03 06:20:02,0
3,113.858833,22.571667,2016-11-03 06:20:09,0
0,114.02498600000001,22.56135,2016-11-03 06:20:15,0
1,114.035118,22.554832,2016-11-03 06:20:16,0
4,114.13178300000001,22.554417,2016-11-03 06:20:17,0
3,113.858833,22.571667,2016-11-03 06:20:29,0
1,114.035202,22.55485,2016-11-03 06:20:29,0
0,114.02498600000001,22.56135,2016-11-03 06:20:30,0
4,114.133118,22.555767000000003,2016-11-03 06:20:32,0
0,114.02498600000001,22.56135,2016-11-03 06:20:45,0
3,113.858833,22.571667,2016-11-03 06:20:49,0
4,114.13418600000001,22.557333,2016-11-03 06:20:47,0
0,114.02498600000001,22.56135,2016-11-03 06:21:00,0
4,114.13521599999999,22.55835,2016-11-03 06:21:02,0
3,113.858833,22.571667,2016-11-03 06:21:09,0
0,114.02498600000001,22.56135,2016-11-03 06:21:15,0
4,114.13586399999998,22.557582999999997,2016-11-03 06:21:17,0
3,113.858833,22.571667,2016-11-03 06:21:29,0
0,114.02462,22.561167,2016-11-03 06:21:30,0
4,114.13586399999998,22.557582999999997,2016-11-03 06:21:31,1
0,114.02368200000001,22.561583,2016-11-03 06:21:45,0
4,114.137421,22.556017,2016-11-03 06:21:47,1
3,113.859169,22.571417,2016-11-03 06:21:49,0
2,113.91838100000001,22.569032999999997,2016-11-03 06:21:51,0
0,114.023979,22.562401,2016-11-03 06:22:00,0
4,114.13888500000002,22.554234,2016-11-03 06:22:02,1
3,113.85986299999999,22.570917,2016-11-03 06:22:09,0
4,114.137932,22.552298999999998,2016-11-03 06:22:16,1
0,114.02476499999999,22.5616,2016-11-03 06:22:15,0
3,113.85986299999999,22.570917,2016-11-03 06:22:29,0
0,114.025497,22.559632999999998,2016-11-03 06:22:30,0
4,114.136353,22.550133,2016-11-03 06:22:32,1
0,114.027534,22.557867,2016-11-03 06:22:45,0
4,114.134102,22.549333999999998,2016-11-03 06:22:47,1
0,114.0289,22.556883,2016-11-03 06:23:00,0
4,114.13186599999999,22.548918,2016-11-03 06:23:02,1
0,114.02911399999999,22.556717000000003,2016-11-03 06:23:15,0
4,114.129829,22.548634,2016-11-03 06:23:16,1
0,114.02911399999999,22.556717000000003,2016-11-03 06:23:30,0
4,114.12975300000001,22.548616,2016-11-03 06:23:32,1
0,114.02941899999999,22.556566,2016-11-03 06:23:45,0
4,114.12975300000001,22.548616,2016-11-03 06:23:47,1
4,114.12975300000001,22.548616,2016-11-03 06:24:02,1
0,114.031151,22.555149,2016-11-03 06:24:00,0
0,114.033348,22.553368,2016-11-03 06:24:15,0
4,114.12753300000001,22.548282999999998,2016-11-03 06:24:17,1
0,114.03378300000001,22.551434,2016-11-03 06:24:30,0
4,114.12618300000001,22.548082,2016-11-03 06:24:32,1
0,114.03413400000001,22.549517,2016-11-03 06:24:45,0
4,114.124733,22.547767999999998,2016-11-03 06:24:47,1
0,114.03437,22.5485,2016-11-03 06:25:00,0
4,114.124229,22.548733,2016-11-03 06:25:02,1
0,114.034401,22.548401000000002,2016-11-03 06:25:15,0
4,114.123352,22.548616,2016-11-03 06:25:17,1
1,114.035431,22.5548,2016-11-03 06:25:29,0
0,114.034401,22.548401000000002,2016-11-03 06:25:30,0
4,114.12181899999999,22.548,2016-11-03 06:25:32,1
0,114.034401,22.548401000000002,2016-11-03 06:25:45,0
4,114.12033100000001,22.547632,2016-11-03 06:25:47,1
0,114.03495,22.548182999999998,2016-11-03 06:26:00,0
4,114.119431,22.547684,2016-11-03 06:26:02,1
0,114.03735400000001,22.548849,2016-11-03 06:26:15,0
4,114.119431,22.547684,2016-11-03 06:26:17,1
0,114.03943600000001,22.549351,2016-11-03 06:26:30,0
4,114.119431,22.547684,2016-11-03 06:26:32,1
4,114.119431,22.547684,2016-11-03 06:26:36,0
0,114.03966499999999,22.5494,2016-11-03 06:26:45,0
2,113.91835,22.569,2016-11-03 06:26:51,0
4,114.120598,22.547567,2016-11-03 06:26:51,0
0,114.03966499999999,22.5494,2016-11-03 06:27:00,0
4,114.12207,22.548117,2016-11-03 06:27:06,0
0,114.03993200000001,22.549467,2016-11-03 06:27:15,0
4,114.12336699999999,22.548634,2016-11-03 06:27:21,0
0,114.04198500000001,22.550068,2016-11-03 06:27:30,0
4,114.124702,22.549032,2016-11-03 06:27:36,0
0,114.04413600000001,22.550383,2016-11-03 06:27:45,0
4,114.12543500000001,22.549316,2016-11-03 06:27:51,0
0,114.04422,22.548651,2016-11-03 06:28:00,0
4,114.12543500000001,22.549316,2016-11-03 06:28:06,0
0,114.044197,22.54565,2016-11-03 06:28:15,0
4,114.12543500000001,22.549316,2016-11-03 06:28:21,0
3,113.86039699999999,22.570583,2016-11-03 06:22:51,0
3,113.86039699999999,22.570583,2016-11-03 06:23:12,0
3,113.86039699999999,22.570583,2016-11-03 06:23:32,0
3,113.86039699999999,22.570583,2016-11-03 06:23:42,1
3,113.861397,22.56995,2016-11-03 06:24:02,1
3,113.86301399999999,22.568884,2016-11-03 06:24:22,1
3,113.863052,22.568832,2016-11-03 06:24:42,1
3,113.863403,22.568701,2016-11-03 06:25:02,1
3,113.864769,22.570517000000002,2016-11-03 06:25:22,1
3,113.86568500000001,22.571699,2016-11-03 06:25:42,1
3,113.86568500000001,22.571699,2016-11-03 06:26:02,1
3,113.86568500000001,22.571699,2016-11-03 06:26:22,1
3,113.866165,22.572433,2016-11-03 06:26:42,1
3,113.868118,22.575067999999998,2016-11-03 06:27:06,1
3,113.86972,22.575666000000002,2016-11-03 06:27:26,1
3,113.872231,22.57395,2016-11-03 06:27:46,1
3,113.874901,22.572083,2016-11-03 06:28:06,1
3,113.87726599999999,22.570048999999997,2016-11-03 06:28:26,1
0,114.044266,22.543383,2016-11-03 06:28:30,0
4,114.12543500000001,22.549316,2016-11-03 06:28:36,0
0,114.04431899999999,22.540318,2016-11-03 06:28:45,0
4,114.12543500000001,22.549316,2016-11-03 06:28:51,0
3,113.88036299999999,22.5674,2016-11-03 06:28:49,1
3,113.88147,22.566334,2016-11-03 06:28:58,1
0,114.04435,22.5376,2016-11-03 06:29:00,0
4,114.12543500000001,22.549316,2016-11-03 06:29:06,0
0,114.044403,22.53475,2016-11-03 06:29:15,0
4,114.12543500000001,22.549316,2016-11-03 06:29:21,0
3,113.883347,22.564516,2016-11-03 06:29:21,1
3,113.88398000000001,22.563984,2016-11-03 06:29:29,1
0,114.04443400000001,22.532351000000002,2016-11-03 06:29:30,0
4,114.12543500000001,22.549316,2016-11-03 06:29:36,0
0,114.044701,22.5294,2016-11-03 06:29:45,0
4,114.12635,22.549682999999998,2016-11-03 06:29:51,0
3,113.886269,22.561684,2016-11-03 06:29:52,1
3,113.886436,22.561518,2016-11-03 06:29:59,1
0,114.044868,22.526982999999998,2016-11-03 06:30:00,0
4,114.127548,22.5501,2016-11-03 06:30:06,0
4,114.12893700000001,22.55055,2016-11-03 06:30:21,0
1,114.035385,22.554968,2016-11-03 06:30:29,0
3,113.886749,22.561216,2016-11-03 06:30:22,1
3,113.887497,22.560582999999998,2016-11-03 06:30:31,1
4,114.129402,22.551001,2016-11-03 06:30:36,0
4,114.129898,22.552151000000002,2016-11-03 06:30:52,0
0,114.04461699999999,22.526117000000003,2016-11-03 06:30:15,0
0,114.04461699999999,22.5256,2016-11-03 06:30:30,0
0,114.04512,22.52565,2016-11-03 06:30:45,0
0,114.045448,22.525667000000002,2016-11-03 06:31:00,0
3,113.89043400000001,22.557751,2016-11-03 06:30:54,1
3,113.89151799999999,22.5567,2016-11-03 06:31:02,1
4,114.13031799999999,22.553301,2016-11-03 06:31:06,0
0,114.04643200000001,22.525667000000002,2016-11-03 06:31:15,0
4,114.130531,22.554382,2016-11-03 06:31:21,0
0,114.046471,22.525667000000002,2016-11-03 06:31:30,0
4,114.13205,22.55455,2016-11-03 06:31:36,0
0,114.047951,22.525633,2016-11-03 06:31:45,0
2,113.918365,22.569032999999997,2016-11-03 06:31:51,0
4,114.13303400000001,22.555733,2016-11-03 06:31:51,0
3,113.894501,22.553883,2016-11-03 06:31:25,1
3,113.89711799999999,22.551416,2016-11-03 06:31:45,1
3,113.89946699999999,22.549167999999998,2016-11-03 06:32:03,1
4,114.133797,22.556883,2016-11-03 06:32:06,0
4,114.134399,22.557699,2016-11-03 06:32:21,0
3,113.902046,22.54635,2016-11-03 06:32:24,1
4,114.13533000000001,22.558216,2016-11-03 06:32:36,0
3,113.904953,22.544416000000002,2016-11-03 06:32:44,1
4,114.13668100000001,22.556832999999997,2016-11-03 06:32:51,0
3,113.90484599999999,22.543699,2016-11-03 06:33:04,1
4,114.13866399999999,22.555982999999998,2016-11-03 06:33:06,0
4,114.141296,22.555717,2016-11-03 06:33:21,0
3,113.904671,22.546818,2016-11-03 06:33:24,1
4,114.144302,22.555401,2016-11-03 06:33:36,0
3,113.90608200000001,22.549816,2016-11-03 06:33:44,1
0,114.049484,22.523083,2016-11-03 06:33:31,0
0,114.0495,22.523032999999998,2016-11-03 06:33:32,0
4,114.14753,22.555567,2016-11-03 06:33:51,0
0,114.04953,22.522582999999997,2016-11-03 06:33:45,0
0,114.04900400000001,22.521917000000002,2016-11-03 06:34:00,0
3,113.90905,22.551634,2016-11-03 06:34:04,1
4,114.15059699999999,22.556182999999997,2016-11-03 06:34:06,0
0,114.04861499999998,22.521683,2016-11-03 06:34:15,0
4,114.153053,22.557467000000003,2016-11-03 06:34:21,0
3,113.91235400000001,22.553267,2016-11-03 06:34:24,1
1,114.03533200000001,22.555067,2016-11-03 06:34:35,0
4,114.155418,22.559401,2016-11-03 06:34:36,0
0,114.04843100000001,22.5212,2016-11-03 06:34:30,0
3,113.915421,22.555,2016-11-03 06:34:44,1
1,114.03533200000001,22.555017000000003,2016-11-03 06:34:44,0
0,114.04778300000001,22.5212,2016-11-03 06:34:45,0
4,114.157951,22.561234,2016-11-03 06:34:51,0
1,114.03528600000001,22.554934,2016-11-03 06:34:59,0
0,114.04701999999999,22.521217,2016-11-03 06:35:00,0
3,113.91912099999999,22.555651,2016-11-03 06:35:04,1
4,114.16093400000001,22.562433,2016-11-03 06:35:06,0
1,114.035149,22.5548,2016-11-03 06:35:14,0
0,114.04673000000001,22.520982999999998,2016-11-03 06:35:15,0
4,114.16398600000001,22.562683,2016-11-03 06:35:21,0
3,113.922798,22.555416,2016-11-03 06:35:24,1
1,114.035851,22.555517000000002,2016-11-03 06:35:29,0
4,114.166832,22.562767,2016-11-03 06:35:36,0
0,114.04668400000001,22.520884,2016-11-03 06:35:30,0
3,113.92662,22.555218,2016-11-03 06:35:44,1
0,114.04668400000001,22.520884,2016-11-03 06:35:45,0
1,114.03690300000001,22.555882999999998,2016-11-03 06:35:44,0
1,114.037651,22.555933,2016-11-03 06:35:52,0
4,114.17013500000002,22.562799,2016-11-03 06:35:52,0
0,114.04668400000001,22.520884,2016-11-03 06:36:00,0
3,113.93056499999999,22.555117000000003,2016-11-03 06:36:04,1
4,114.17308,22.562683,2016-11-03 06:36:06,0
1,114.03841399999999,22.555933,2016-11-03 06:36:07,0
1,114.038696,22.555467999999998,2016-11-03 06:36:15,0
0,114.04668400000001,22.520884,2016-11-03 06:36:15,0
3,113.934418,22.555267,2016-11-03 06:36:24,1
4,114.17585,22.561283,2016-11-03 06:36:22,0
1,114.03913100000001,22.554783,2016-11-03 06:36:30,0
0,114.04668400000001,22.520884,2016-11-03 06:36:30,0
1,114.039703,22.553583,2016-11-03 06:36:45,0
4,114.177849,22.559834,2016-11-03 06:36:36,0
3,113.9384,22.555367,2016-11-03 06:36:44,1
0,114.04668400000001,22.520884,2016-11-03 06:36:45,0
2,113.91833500000001,22.569067,2016-11-03 06:36:51,0
4,114.179184,22.558817,2016-11-03 06:36:52,0
0,114.04668400000001,22.520884,2016-11-03 06:37:00,0
1,114.03976399999999,22.552267,2016-11-03 06:37:00,0
3,113.9422,22.555099,2016-11-03 06:37:04,1
4,114.180099,22.558216,2016-11-03 06:37:06,0
1,114.039803,22.551582,2016-11-03 06:37:08,0
0,114.04668400000001,22.520884,2016-11-03 06:37:15,0
4,114.18108400000001,22.557501000000002,2016-11-03 06:37:22,0
3,113.94601399999999,22.555349,2016-11-03 06:37:24,1
0,114.04668400000001,22.520884,2016-11-03 06:37:30,0
1,114.040001,22.550449,2016-11-03 06:37:23,0
1,114.03991699999999,22.549717,2016-11-03 06:37:32,0
1,114.04007,22.549549,2016-11-03 06:37:38,0
4,114.18195300000001,22.556867999999998,2016-11-03 06:37:37,0
3,113.949982,22.556032000000002,2016-11-03 06:37:44,1
4,114.182098,22.556749,2016-11-03 06:37:52,0
1,114.041435,22.549882999999998,2016-11-03 06:37:53,0
0,114.04668400000001,22.520884,2016-11-03 06:37:45,0
3,113.953934,22.556283999999998,2016-11-03 06:38:04,1
4,114.182098,22.556749,2016-11-03 06:38:06,0
1,114.04261799999999,22.550117,2016-11-03 06:38:08,0
0,114.04673000000001,22.52075,2016-11-03 06:38:00,0
0,114.04673000000001,22.52075,2016-11-03 06:38:15,0
4,114.182098,22.556749,2016-11-03 06:38:22,0
1,114.043671,22.550383,2016-11-03 06:38:23,0
3,113.957916,22.556417,2016-11-03 06:38:24,1
0,114.04673000000001,22.52075,2016-11-03 06:38:30,0
4,114.182098,22.556749,2016-11-03 06:38:37,0
1,114.04378500000001,22.550432,2016-11-03 06:38:38,0
3,113.96196699999999,22.556683,2016-11-03 06:38:44,1
0,114.04673000000001,22.52075,2016-11-03 06:38:45,0
4,114.182098,22.556749,2016-11-03 06:38:52,0
1,114.04413600000001,22.5504,2016-11-03 06:38:54,1
3,113.965767,22.557382999999998,2016-11-03 06:39:04,1
0,114.04673000000001,22.52075,2016-11-03 06:39:00,0
4,114.182098,22.556749,2016-11-03 06:39:07,0
1,114.04423500000001,22.547951,2016-11-03 06:39:09,1
0,114.046669,22.520866,2016-11-03 06:39:15,0
1,114.04425,22.546217000000002,2016-11-03 06:39:17,1
4,114.182098,22.556749,2016-11-03 06:39:22,0
3,113.969803,22.55735,2016-11-03 06:39:24,1
0,114.04671499999999,22.520982999999998,2016-11-03 06:39:30,0
1,114.044296,22.543118,2016-11-03 06:39:32,1
4,114.182098,22.556749,2016-11-03 06:39:37,0
3,113.973717,22.556499,2016-11-03 06:39:44,1
0,114.04671499999999,22.520982999999998,2016-11-03 06:39:45,0
1,114.04371599999999,22.540982999999997,2016-11-03 06:39:49,1
4,114.182098,22.556749,2016-11-03 06:39:52,0
1,114.043617,22.541598999999998,2016-11-03 06:39:55,1
0,114.046951,22.521099,2016-11-03 06:40:00,0
3,113.977364,22.556998999999998,2016-11-03 06:40:04,1
4,114.182098,22.556749,2016-11-03 06:40:07,0
1,114.045151,22.542168,2016-11-03 06:40:10,1
0,114.04733300000001,22.521151,2016-11-03 06:40:15,0
3,113.98101799999999,22.5578,2016-11-03 06:40:24,1
1,114.047615,22.542282,2016-11-03 06:40:25,1
0,114.04838600000001,22.52125,2016-11-03 06:40:30,0
4,114.182098,22.556749,2016-11-03 06:40:37,0
1,114.050079,22.542299,2016-11-03 06:40:40,1
3,113.984848,22.558634,2016-11-03 06:40:44,1
0,114.04841599999999,22.521233,2016-11-03 06:40:45,0
4,114.182098,22.556749,2016-11-03 06:40:52,0
1,114.053802,22.542067000000003,2016-11-03 06:40:55,1
0,114.04841599999999,22.521233,2016-11-03 06:41:00,0
1,114.055603,22.542116,2016-11-03 06:41:03,1
3,113.988853,22.558884,2016-11-03 06:41:04,1
4,114.182098,22.556749,2016-11-03 06:41:07,0
1,114.058434,22.542548999999998,2016-11-03 06:41:18,1
0,114.04853100000001,22.5214,2016-11-03 06:41:15,0
4,114.182098,22.556749,2016-11-03 06:41:22,0
3,113.99258400000001,22.557467000000003,2016-11-03 06:41:24,1
0,114.04843100000001,22.521816,2016-11-03 06:41:30,0
4,114.182098,22.556749,2016-11-03 06:41:37,0
3,113.996284,22.555901000000002,2016-11-03 06:41:44,1
2,113.91835,22.569017000000002,2016-11-03 06:41:51,0
4,114.182098,22.556749,2016-11-03 06:41:52,0
0,114.0485,22.522467000000002,2016-11-03 06:41:45,0
1,114.060387,22.542548999999998,2016-11-03 06:41:35,1
1,114.060501,22.542548999999998,2016-11-03 06:41:41,1
1,114.060799,22.542583,2016-11-03 06:41:49,1
1,114.060799,22.542583,2016-11-03 06:41:50,1
1,114.061729,22.54245,2016-11-03 06:41:57,1
0,114.048447,22.523167,2016-11-03 06:42:00,0
1,114.06308,22.542417999999998,2016-11-03 06:42:05,1
3,114.000099,22.555683,2016-11-03 06:42:04,1
4,114.182098,22.556749,2016-11-03 06:42:07,0
1,114.065514,22.542299,2016-11-03 06:42:20,1
4,114.182098,22.556749,2016-11-03 06:42:22,0
3,114.00376899999999,22.555849,2016-11-03 06:42:24,1
0,114.04848500000001,22.523617,2016-11-03 06:42:15,0
0,114.048447,22.524683,2016-11-03 06:42:30,0
1,114.06783300000001,22.542032,2016-11-03 06:42:35,1
4,114.182098,22.556749,2016-11-03 06:42:37,0
3,114.00711799999999,22.557182,2016-11-03 06:42:44,1
1,114.068619,22.541817,2016-11-03 06:42:43,1
4,114.182098,22.556749,2016-11-03 06:42:52,0
0,114.048653,22.525932,2016-11-03 06:42:45,0
1,114.068832,22.543817999999998,2016-11-03 06:42:58,1
3,114.010429,22.558532999999997,2016-11-03 06:43:04,1
4,114.182098,22.556749,2016-11-03 06:43:07,0
0,114.049751,22.525783999999998,2016-11-03 06:43:00,0
1,114.06811499999999,22.545868,2016-11-03 06:43:13,1
4,114.182098,22.556749,2016-11-03 06:43:22,0
3,114.01318400000001,22.5602,2016-11-03 06:43:24,1
1,114.068619,22.545918,2016-11-03 06:43:28,1
1,114.069298,22.5459,2016-11-03 06:43:36,1
4,114.182098,22.556749,2016-11-03 06:43:37,0
3,114.014618,22.562866,2016-11-03 06:43:44,1
4,114.182098,22.556749,2016-11-03 06:43:52,0
1,114.07083100000001,22.545601,2016-11-03 06:44:00,1
3,114.01374799999999,22.566084,2016-11-03 06:44:04,1
1,114.07098400000001,22.5453,2016-11-03 06:44:06,1
4,114.182098,22.556749,2016-11-03 06:44:07,0
4,114.182098,22.556749,2016-11-03 06:44:22,0
3,114.012169,22.5688,2016-11-03 06:44:24,1
1,114.071335,22.544582000000002,2016-11-03 06:44:21,0
4,114.182098,22.556749,2016-11-03 06:44:37,0
1,114.07136499999999,22.544332999999998,2016-11-03 06:44:36,0
3,114.01168100000001,22.5695,2016-11-03 06:44:45,1
1,114.07161699999999,22.543966,2016-11-03 06:44:51,0
4,114.182098,22.556749,2016-11-03 06:44:52,0
3,114.01168100000001,22.5695,2016-11-03 06:45:05,1
4,114.182098,22.556749,2016-11-03 06:45:07,0
1,114.071701,22.543083,2016-11-03 06:45:14,0
1,114.071518,22.5431,2016-11-03 06:45:15,0
1,114.07077,22.5431,2016-11-03 06:45:22,0
4,114.182098,22.556749,2016-11-03 06:45:22,0
3,114.01168100000001,22.5695,2016-11-03 06:45:25,1
4,114.182098,22.556749,2016-11-03 06:45:37,0
3,114.01168100000001,22.5695,2016-11-03 06:45:45,1
1,114.06786299999999,22.5438,2016-11-03 06:45:45,0
1,114.06786299999999,22.5438,2016-11-03 06:45:46,0
4,114.182098,22.556749,2016-11-03 06:45:52,0
1,114.067451,22.543118,2016-11-03 06:45:53,0
0,114.05838,22.531349,2016-11-03 06:46:01,0
0,114.05866999999999,22.531349,2016-11-03 06:46:02,0
3,114.01168100000001,22.5695,2016-11-03 06:46:05,1
4,114.182098,22.556749,2016-11-03 06:46:07,0
1,114.067902,22.540916,2016-11-03 06:46:08,0
0,114.059937,22.531317,2016-11-03 06:46:11,0
1,114.068001,22.539351,2016-11-03 06:46:16,0
4,114.182098,22.556749,2016-11-03 06:46:22,0
3,114.01168100000001,22.5695,2016-11-03 06:46:25,1
0,114.06291999999999,22.531418,2016-11-03 06:46:26,0
1,114.06808500000001,22.536501,2016-11-03 06:46:31,0
4,114.182098,22.556749,2016-11-03 06:46:37,0
0,114.064651,22.531418,2016-11-03 06:46:41,0
3,114.01168100000001,22.5695,2016-11-03 06:46:45,1
1,114.068069,22.534317,2016-11-03 06:46:46,0
2,113.91832,22.569067,2016-11-03 06:46:51,0
4,114.182098,22.556749,2016-11-03 06:46:52,0
0,114.066216,22.531401000000002,2016-11-03 06:46:56,0
2,113.91832,22.569067,2016-11-03 06:46:59,0
3,114.01471699999999,22.59075,2016-11-03 06:47:04,1
4,114.182098,22.556749,2016-11-03 06:47:07,0
1,114.066071,22.531933,2016-11-03 06:47:10,0
1,114.06531499999998,22.5319,2016-11-03 06:47:16,0
4,114.182098,22.556749,2016-11-03 06:47:22,0
3,114.01783,22.59185,2016-11-03 06:47:24,1
1,114.06241599999998,22.531851,2016-11-03 06:47:31,0
4,114.182098,22.556749,2016-11-03 06:47:37,0
3,114.021179,22.59255,2016-11-03 06:47:44,1
1,114.05958600000001,22.531851,2016-11-03 06:47:46,0
0,114.067535,22.5303,2016-11-03 06:47:11,0
0,114.06786299999999,22.5285,2016-11-03 06:47:26,0
0,114.066833,22.5266,2016-11-03 06:47:41,0
0,114.066116,22.525183,2016-11-03 06:47:50,0
4,114.182098,22.556749,2016-11-03 06:47:52,0
0,114.06583400000001,22.524599,2016-11-03 06:47:56,0
1,114.056648,22.531767000000002,2016-11-03 06:48:01,0
3,114.0233,22.593517000000002,2016-11-03 06:48:04,1
4,114.182098,22.556749,2016-11-03 06:48:07,0
0,114.06673400000001,22.524017,2016-11-03 06:48:11,0
1,114.05407,22.531717,2016-11-03 06:48:16,0
4,114.182098,22.556749,2016-11-03 06:48:22,0
3,114.024918,22.596933,2016-11-03 06:48:25,1
1,114.05266599999999,22.531733,2016-11-03 06:48:24,0
0,114.066864,22.523982999999998,2016-11-03 06:48:26,0
4,114.182098,22.556749,2016-11-03 06:48:37,0
1,114.05018600000001,22.531733,2016-11-03 06:48:39,0
0,114.066864,22.523982999999998,2016-11-03 06:48:41,0
3,114.026665,22.599667,2016-11-03 06:48:45,1
4,114.182098,22.556749,2016-11-03 06:48:52,0
0,114.066864,22.523982999999998,2016-11-03 06:48:56,0
3,114.025314,22.602767999999998,2016-11-03 06:49:05,1
4,114.182098,22.556749,2016-11-03 06:49:07,0
0,114.066864,22.523982999999998,2016-11-03 06:49:11,0
1,114.050316,22.533367000000002,2016-11-03 06:49:02,0
1,114.050385,22.53335,2016-11-03 06:49:03,0
1,114.05066699999999,22.533382,2016-11-03 06:49:10,0
1,114.051147,22.533216,2016-11-03 06:49:18,0
4,114.182098,22.556749,2016-11-03 06:49:22,0
3,114.02426899999999,22.604167999999998,2016-11-03 06:49:25,1
0,114.066864,22.523982999999998,2016-11-03 06:49:26,0
1,114.05131499999999,22.530983,2016-11-03 06:49:33,0
4,114.182098,22.556749,2016-11-03 06:49:37,0
0,114.066864,22.523982999999998,2016-11-03 06:49:41,0
3,114.02282,22.605832999999997,2016-11-03 06:49:45,1
1,114.05138400000001,22.528667000000002,2016-11-03 06:49:48,0
4,114.182098,22.556749,2016-11-03 06:49:52,0
1,114.051414,22.526466,2016-11-03 06:50:03,0
3,114.022484,22.607866,2016-11-03 06:50:05,1
4,114.182098,22.556749,2016-11-03 06:50:07,0
0,114.066864,22.523982999999998,2016-11-03 06:49:56,0
0,114.066864,22.523982999999998,2016-11-03 06:50:11,0
1,114.051468,22.526051000000002,2016-11-03 06:50:18,0
4,114.182098,22.556749,2016-11-03 06:50:22,0
3,114.02216299999999,22.609249,2016-11-03 06:50:25,1
1,114.051468,22.526068,2016-11-03 06:50:26,0
0,114.066864,22.523982999999998,2016-11-03 06:50:26,0
4,114.182098,22.556749,2016-11-03 06:50:37,0
1,114.051483,22.525949,2016-11-03 06:50:41,0
0,114.066849,22.523968,2016-11-03 06:50:41,0
3,114.021896,22.61005,2016-11-03 06:50:45,1
4,114.182098,22.556749,2016-11-03 06:50:52,0
0,114.066902,22.523951,2016-11-03 06:50:56,0
3,114.022903,22.610232999999997,2016-11-03 06:51:05,1
4,114.182098,22.556749,2016-11-03 06:51:07,0
0,114.066902,22.523951,2016-11-03 06:51:11,0
4,114.182098,22.556749,2016-11-03 06:51:22,0
3,114.023331,22.610649,2016-11-03 06:51:25,1
0,114.066902,22.523951,2016-11-03 06:51:26,0
1,114.05143000000001,22.5245,2016-11-03 06:50:56,0
1,114.05131499999999,22.523267999999998,2016-11-03 06:51:04,0
1,114.05128500000001,22.522932,2016-11-03 06:51:05,0
1,114.051201,22.521883,2016-11-03 06:51:12,0
1,114.051064,22.520416,2016-11-03 06:51:19,0
1,114.051033,22.52005,2016-11-03 06:51:21,0
3,114.023331,22.610649,2016-11-03 06:51:33,0
1,114.050751,22.518299,2016-11-03 06:51:35,0
4,114.182098,22.556749,2016-11-03 06:51:37,0
0,114.066902,22.523951,2016-11-03 06:51:41,0
3,114.023331,22.610649,2016-11-03 06:51:53,0
4,114.182098,22.556749,2016-11-03 06:51:52,0
0,114.066902,22.523951,2016-11-03 06:51:56,0
1,114.04918700000002,22.518368,2016-11-03 06:51:50,0
1,114.04803500000001,22.518566,2016-11-03 06:51:58,0
1,114.047699,22.518632999999998,2016-11-03 06:51:59,0
2,113.91835,22.569032999999997,2016-11-03 06:51:59,0
1,114.046799,22.518883,2016-11-03 06:52:06,0
4,114.182098,22.556749,2016-11-03 06:52:07,0
0,114.066902,22.523951,2016-11-03 06:52:11,0
3,114.023331,22.610649,2016-11-03 06:52:13,0
1,114.04481499999999,22.519632,2016-11-03 06:52:21,0
4,114.182098,22.556749,2016-11-03 06:52:22,0
0,114.066902,22.523951,2016-11-03 06:52:26,0
3,114.023331,22.610649,2016-11-03 06:52:33,0
4,114.182098,22.556749,2016-11-03 06:52:37,0
0,114.066902,22.523951,2016-11-03 06:52:41,0
1,114.04378500000001,22.520117000000003,2016-11-03 06:52:44,0
1,114.04377,22.520117000000003,2016-11-03 06:52:45,0
3,114.02181999999999,22.610982999999997,2016-11-03 06:52:53,0
4,114.182098,22.556749,2016-11-03 06:52:52,0
1,114.04377,22.520082000000002,2016-11-03 06:52:59,0
0,114.066902,22.523951,2016-11-03 06:52:56,0
4,114.182098,22.556749,2016-11-03 06:53:07,0
0,114.066902,22.523951,2016-11-03 06:53:11,0
3,114.02168300000001,22.610283,2016-11-03 06:53:13,0
4,114.182098,22.556749,2016-11-03 06:53:22,0
0,114.066902,22.523951,2016-11-03 06:53:26,0
3,114.02108,22.610767000000003,2016-11-03 06:53:33,0
1,114.043747,22.520332,2016-11-03 06:53:34,0
1,114.043747,22.520332,2016-11-03 06:53:36,0
4,114.182098,22.556749,2016-11-03 06:53:37,0
0,114.066902,22.523951,2016-11-03 06:53:41,0
3,114.01911899999999,22.6122,2016-11-03 06:53:53,0
4,114.182098,22.556749,2016-11-03 06:53:52,0
0,114.066902,22.523951,2016-11-03 06:53:56,0
4,114.182098,22.556749,2016-11-03 06:54:07,0
0,114.066902,22.523951,2016-11-03 06:54:11,0
3,114.01915,22.612083,2016-11-03 06:54:13,0
4,114.182098,22.556749,2016-11-03 06:54:22,0
0,114.067299,22.523849,2016-11-03 06:54:26,0
3,114.021065,22.610634,2016-11-03 06:54:33,0
4,114.182098,22.556749,2016-11-03 06:54:37,0
0,114.067383,22.523832000000002,2016-11-03 06:54:41,0
3,114.02233100000001,22.608717000000002,2016-11-03 06:54:53,0
4,114.182098,22.556749,2016-11-03 06:54:52,0
0,114.067383,22.523832000000002,2016-11-03 06:54:56,0
4,114.182098,22.556749,2016-11-03 06:55:07,0
0,114.067383,22.523832000000002,2016-11-03 06:55:11,0
3,114.022453,22.608566,2016-11-03 06:55:13,0
4,114.182098,22.556749,2016-11-03 06:55:22,0
0,114.067383,22.523832000000002,2016-11-03 06:55:26,0
3,114.022453,22.608566,2016-11-03 06:55:33,0
4,114.182098,22.556749,2016-11-03 06:55:37,0
0,114.067383,22.523832000000002,2016-11-03 06:55:41,0
3,114.022865,22.60815,2016-11-03 06:55:53,0
4,114.182098,22.556749,2016-11-03 06:55:52,0
0,114.067383,22.523832000000002,2016-11-03 06:55:56,0
4,114.182098,22.556749,2016-11-03 06:56:07,0
0,114.067383,22.523832000000002,2016-11-03 06:56:11,0
3,114.023766,22.607267,2016-11-03 06:56:13,0
4,114.182098,22.556749,2016-11-03 06:56:22,0
0,114.067383,22.523832000000002,2016-11-03 06:56:26,0
3,114.024551,22.606482999999997,2016-11-03 06:56:33,0
4,114.182098,22.556749,2016-11-03 06:56:37,0
0,114.067383,22.523832000000002,2016-11-03 06:56:41,0
3,114.025452,22.6056,2016-11-03 06:56:53,0
4,114.182098,22.556749,2016-11-03 06:56:52,0
0,114.067383,22.523832000000002,2016-11-03 06:56:56,0
2,113.918365,22.56905,2016-11-03 06:56:59,0
4,114.182098,22.556749,2016-11-03 06:57:07,0
0,114.067383,22.523832000000002,2016-11-03 06:57:11,0
3,114.025986,22.605217,2016-11-03 06:57:13,0
4,114.182098,22.556749,2016-11-03 06:57:22,0
0,114.067383,22.523832000000002,2016-11-03 06:57:26,0
3,114.025986,22.605217,2016-11-03 06:57:33,0
4,114.182098,22.556749,2016-11-03 06:57:37,0
0,114.067383,22.523832000000002,2016-11-03 06:57:41,0
3,114.02514599999999,22.604366,2016-11-03 06:57:53,0
4,114.182098,22.556749,2016-11-03 06:57:52,0
0,114.067383,22.523832000000002,2016-11-03 06:57:56,0
4,114.182098,22.556749,2016-11-03 06:58:07,0
1,114.04348,22.5198,2016-11-03 06:58:07,0
0,114.067383,22.523832000000002,2016-11-03 06:58:11,0
3,114.025085,22.604267,2016-11-03 06:58:13,0
4,114.182098,22.556749,2016-11-03 06:58:22,0
0,114.067383,22.523832000000002,2016-11-03 06:58:26,0
3,114.025085,22.604267,2016-11-03 06:58:33,0
4,114.182098,22.556749,2016-11-03 06:58:37,0
0,114.067383,22.523832000000002,2016-11-03 06:58:41,0
3,114.025085,22.604267,2016-11-03 06:58:53,0
4,114.182098,22.556749,2016-11-03 06:58:52,0
0,114.067383,22.523832000000002,2016-11-03 06:58:56,0
4,114.182098,22.556749,2016-11-03 06:59:07,0
0,114.067383,22.523832000000002,2016-11-03 06:59:11,0
3,114.025085,22.604267,2016-11-03 06:59:13,0
4,114.182098,22.556749,2016-11-03 06:59:22,0
0,114.067383,22.523832000000002,2016-11-03 06:59:26,0
3,114.025085,22.604267,2016-11-03 06:59:33,0
4,114.182098,22.556749,2016-11-03 06:59:37,0
0,114.067383,22.523832000000002,2016-11-03 06:59:41,0
3,114.025085,22.604267,2016-11-03 06:59:53,0
4,114.182098,22.556749,2016-11-03 06:59:52,0
0,114.067383,22.523832000000002,2016-11-03 06:59:56,0
4,114.182098,22.556749,2016-11-03 07:00:07,0
3,114.025085,22.604267,2016-11-03 07:00:13,0
4,114.182098,22.556749,2016-11-03 07:00:22,0
0,114.067383,22.523832000000002,2016-11-03 07:00:11,0
0,114.067383,22.523832000000002,2016-11-03 07:00:26,0
3,114.025085,22.604267,2016-11-03 07:00:28,1
4,114.182098,22.556749,2016-11-03 07:00:37,0
0,114.067383,22.523832000000002,2016-11-03 07:00:41,0
3,114.025368,22.604433,2016-11-03 07:00:48,1
4,114.182098,22.556749,2016-11-03 07:00:52,0
0,114.067383,22.523832000000002,2016-11-03 07:00:56,0
3,114.02438400000001,22.603767,2016-11-03 07:01:08,1
4,114.182098,22.556749,2016-11-03 07:01:07,0
0,114.067383,22.523832000000002,2016-11-03 07:01:11,0
4,114.182098,22.556749,2016-11-03 07:01:22,0
0,114.067383,22.523832000000002,2016-11-03 07:01:26,0
3,114.025299,22.602449,2016-11-03 07:01:28,1
4,114.182098,22.556749,2016-11-03 07:01:37,0
0,114.067383,22.523832000000002,2016-11-03 07:01:41,0
3,114.026482,22.599867,2016-11-03 07:01:48,1
4,114.182098,22.556749,2016-11-03 07:01:52,0
0,114.067383,22.523832000000002,2016-11-03 07:01:56,0
2,113.91835,22.569082,2016-11-03 07:01:59,0
3,114.024879,22.597033,2016-11-03 07:02:08,1
4,114.182098,22.556749,2016-11-03 07:02:07,0
0,114.067383,22.523832000000002,2016-11-03 07:02:11,0
4,114.182098,22.556749,2016-11-03 07:02:22,0
0,114.067383,22.523832000000002,2016-11-03 07:02:26,0
3,114.02317,22.594767,2016-11-03 07:02:28,1
4,114.182098,22.556749,2016-11-03 07:02:37,0
0,114.067383,22.523832000000002,2016-11-03 07:02:41,0
3,114.02093500000001,22.593232999999998,2016-11-03 07:02:48,1
4,114.182098,22.556749,2016-11-03 07:02:52,0
0,114.067383,22.523832000000002,2016-11-03 07:02:56,0
1,114.04378500000001,22.520201,2016-11-03 07:03:07,0
4,114.182098,22.556749,2016-11-03 07:03:07,0
3,114.018318,22.59235,2016-11-03 07:03:08,1
0,114.067383,22.523832000000002,2016-11-03 07:03:11,0
4,114.182098,22.556749,2016-11-03 07:03:22,0
0,114.067383,22.523832000000002,2016-11-03 07:03:26,0
3,114.01516699999999,22.591333,2016-11-03 07:03:28,1
4,114.182098,22.556749,2016-11-03 07:03:37,0
0,114.067383,22.523832000000002,2016-11-03 07:03:41,0
3,114.012299,22.591566,2016-11-03 07:03:48,1
4,114.182098,22.556749,2016-11-03 07:03:52,0
0,114.067383,22.523832000000002,2016-11-03 07:03:56,0
3,114.01088,22.593398999999998,2016-11-03 07:04:08,1
4,114.182098,22.556749,2016-11-03 07:04:07,0
0,114.067383,22.523832000000002,2016-11-03 07:04:11,0
4,114.182098,22.556749,2016-11-03 07:04:22,0
0,114.067383,22.523832000000002,2016-11-03 07:04:26,0
3,114.009918,22.591766,2016-11-03 07:04:28,1
4,114.182098,22.556749,2016-11-03 07:04:37,0
0,114.067383,22.523832000000002,2016-11-03 07:04:41,0
3,114.00975,22.589149,2016-11-03 07:04:48,1
4,114.182098,22.556749,2016-11-03 07:04:52,0
0,114.067383,22.523832000000002,2016-11-03 07:04:56,0
3,114.009735,22.588867,2016-11-03 07:05:08,1
0,114.067383,22.523832000000002,2016-11-03 07:05:11,0
0,114.067719,22.52375,2016-11-03 07:05:26,0
3,114.009735,22.588867,2016-11-03 07:05:28,1
0,114.067802,22.523718,2016-11-03 07:05:41,0
3,114.009735,22.588867,2016-11-03 07:05:48,1
0,114.067802,22.523718,2016-11-03 07:05:56,0
4,114.182098,22.556749,2016-11-03 07:06:07,0
3,114.009735,22.588867,2016-11-03 07:06:08,1
0,114.067802,22.523718,2016-11-03 07:06:11,0
4,114.182098,22.556749,2016-11-03 07:06:22,0
0,114.067802,22.523718,2016-11-03 07:06:26,0
3,114.009735,22.588867,2016-11-03 07:06:29,1
1,114.04378500000001,22.520283,2016-11-03 07:06:34,0
1,114.04378500000001,22.520267,2016-11-03 07:06:37,0
4,114.182098,22.556749,2016-11-03 07:06:37,0
0,114.067802,22.523718,2016-11-03 07:06:41,0
3,114.009735,22.588867,2016-11-03 07:06:49,1
1,114.043869,22.52035,2016-11-03 07:06:52,0
4,114.182098,22.556749,2016-11-03 07:06:52,0
0,114.0681,22.523666,2016-11-03 07:06:56,0
2,113.918365,22.569067,2016-11-03 07:06:59,0
1,114.0439,22.5203,2016-11-03 07:07:00,0
4,114.182098,22.556749,2016-11-03 07:07:07,0
0,114.06813000000001,22.523649,2016-11-03 07:07:11,0
3,114.01260400000001,22.5676,2016-11-03 07:07:08,1
4,114.182098,22.556749,2016-11-03 07:07:22,0
3,114.01411399999999,22.56385,2016-11-03 07:07:28,1
0,114.06813000000001,22.523649,2016-11-03 07:07:26,0
4,114.182098,22.556749,2016-11-03 07:07:37,0
0,114.06813000000001,22.523649,2016-11-03 07:07:41,0
3,114.014748,22.560217,2016-11-03 07:07:48,1
4,114.182098,22.556749,2016-11-03 07:07:52,0
0,114.06813000000001,22.523649,2016-11-03 07:07:56,0
4,114.182098,22.556749,2016-11-03 07:08:08,0
3,114.015152,22.557467000000003,2016-11-03 07:08:08,1
0,114.06813000000001,22.523649,2016-11-03 07:08:11,0
4,114.182098,22.556749,2016-11-03 07:08:22,0
0,114.06813000000001,22.523649,2016-11-03 07:08:26,0
3,114.015297,22.556,2016-11-03 07:08:28,1
4,114.182098,22.556749,2016-11-03 07:08:37,0
0,114.06813000000001,22.523649,2016-11-03 07:08:41,0
3,114.01483200000001,22.555483,2016-11-03 07:08:48,1
4,114.182098,22.556749,2016-11-03 07:08:52,0
0,114.06826799999999,22.523718,2016-11-03 07:08:56,0
3,114.011917,22.555367,2016-11-03 07:09:08,1
4,114.182098,22.556749,2016-11-03 07:09:08,0
0,114.06826799999999,22.523718,2016-11-03 07:09:11,0
4,114.182098,22.556749,2016-11-03 07:09:22,0
0,114.06826799999999,22.523718,2016-11-03 07:09:26,0
3,114.009651,22.554083,2016-11-03 07:09:28,1
4,114.182098,22.556749,2016-11-03 07:09:37,0
0,114.06826799999999,22.523718,2016-11-03 07:09:41,0
3,114.009354,22.553467,2016-11-03 07:09:48,1
4,114.182098,22.556749,2016-11-03 07:09:53,0
0,114.06826799999999,22.523718,2016-11-03 07:09:56,0
3,114.00866699999999,22.552167999999998,2016-11-03 07:10:08,1
4,114.182098,22.556749,2016-11-03 07:10:07,0
0,114.06826799999999,22.523718,2016-11-03 07:10:11,0
4,114.182098,22.556749,2016-11-03 07:10:22,0
0,114.06826799999999,22.523718,2016-11-03 07:10:26,0
3,114.007034,22.54995,2016-11-03 07:10:28,1
4,114.182098,22.556749,2016-11-03 07:10:38,0
0,114.068382,22.523867000000003,2016-11-03 07:10:41,0
3,114.006752,22.549583,2016-11-03 07:10:48,1
4,114.182098,22.556749,2016-11-03 07:10:53,0
0,114.06828300000001,22.523884,2016-11-03 07:10:56,0
3,114.006752,22.549583,2016-11-03 07:11:08,1
4,114.182098,22.556749,2016-11-03 07:11:08,0
0,114.06828300000001,22.523884,2016-11-03 07:11:11,0
4,114.182098,22.556749,2016-11-03 07:11:23,0
0,114.06828300000001,22.523884,2016-11-03 07:11:26,0
3,114.006752,22.549583,2016-11-03 07:11:28,1
4,114.182098,22.556749,2016-11-03 07:11:38,0
0,114.06828300000001,22.523884,2016-11-03 07:11:41,0
3,114.005882,22.548651,2016-11-03 07:11:48,1
4,114.182098,22.556749,2016-11-03 07:11:53,0
0,114.06828300000001,22.523884,2016-11-03 07:11:56,0
2,113.91833500000001,22.569082,2016-11-03 07:11:59,0
1,114.04396799999999,22.520117000000003,2016-11-03 07:12:00,0
1,114.04396799999999,22.520132,2016-11-03 07:12:08,0
4,114.182098,22.556749,2016-11-03 07:12:08,0
3,114.002785,22.546818,2016-11-03 07:12:09,1
0,114.06828300000001,22.523884,2016-11-03 07:12:11,0
4,114.182098,22.556749,2016-11-03 07:12:23,0
0,114.06808500000001,22.523767000000003,2016-11-03 07:12:26,0
3,114.00054899999999,22.546551,2016-11-03 07:12:29,1
4,114.182098,22.556749,2016-11-03 07:12:38,0
0,114.06808500000001,22.523767000000003,2016-11-03 07:12:41,0
3,113.99958000000001,22.546467,2016-11-03 07:12:49,1
4,114.182098,22.556749,2016-11-03 07:12:53,0
0,114.06808500000001,22.523767000000003,2016-11-03 07:12:56,0
3,113.996468,22.545767,2016-11-03 07:13:09,1
4,114.182098,22.556749,2016-11-03 07:13:08,0
0,114.06808500000001,22.523767000000003,2016-11-03 07:13:11,0
4,114.182098,22.556749,2016-11-03 07:13:23,0
3,113.99305,22.544382000000002,2016-11-03 07:13:29,1
0,114.06808500000001,22.523767000000003,2016-11-03 07:13:26,0
4,114.182098,22.556749,2016-11-03 07:13:38,0
0,114.06808500000001,22.523767000000003,2016-11-03 07:13:41,0
3,113.991219,22.5434,2016-11-03 07:13:49,1
4,114.182098,22.556749,2016-11-03 07:13:53,0
0,114.06808500000001,22.523767000000003,2016-11-03 07:13:56,0
4,114.182098,22.556749,2016-11-03 07:14:08,0
3,113.991768,22.540483,2016-11-03 07:14:09,1
0,114.06808500000001,22.523767000000003,2016-11-03 07:14:11,0
4,114.182098,22.556749,2016-11-03 07:14:23,0
0,114.06808500000001,22.523767000000003,2016-11-03 07:14:26,0
3,113.992249,22.537567000000003,2016-11-03 07:14:29,1
4,114.182098,22.556749,2016-11-03 07:14:38,0
0,114.06808500000001,22.523767000000003,2016-11-03 07:14:41,0
3,113.992554,22.535282000000002,2016-11-03 07:14:49,1
4,114.182098,22.556749,2016-11-03 07:14:53,0
0,114.06808500000001,22.523767000000003,2016-11-03 07:14:56,0
3,113.99301899999999,22.5326,2016-11-03 07:15:09,1
4,114.182098,22.556749,2016-11-03 07:15:08,0
0,114.06808500000001,22.523767000000003,2016-11-03 07:15:11,0
4,114.182098,22.556749,2016-11-03 07:15:23,0
0,114.06808500000001,22.523767000000003,2016-11-03 07:15:26,0
3,113.99282099999999,22.530967999999998,2016-11-03 07:15:29,1
4,114.182098,22.556749,2016-11-03 07:15:38,0
0,114.06808500000001,22.523767000000003,2016-11-03 07:15:41,0
3,113.989731,22.530434,2016-11-03 07:15:49,1
4,114.182098,22.556749,2016-11-03 07:15:53,0
0,114.06808500000001,22.523767000000003,2016-11-03 07:15:56,0
4,114.182098,22.556749,2016-11-03 07:16:08,0
3,113.988449,22.530233,2016-11-03 07:16:09,1
0,114.06808500000001,22.523767000000003,2016-11-03 07:16:11,0
4,114.182098,22.556749,2016-11-03 07:16:23,0
0,114.06808500000001,22.523767000000003,2016-11-03 07:16:26,0
3,113.985565,22.529734,2016-11-03 07:16:29,1
4,114.182098,22.556749,2016-11-03 07:16:38,0
0,114.06808500000001,22.523767000000003,2016-11-03 07:16:41,0
3,113.981903,22.5291,2016-11-03 07:16:49,1
4,114.182098,22.556749,2016-11-03 07:16:53,0
0,114.06808500000001,22.523767000000003,2016-11-03 07:16:56,0
3,113.978348,22.52845,2016-11-03 07:17:09,1
4,114.182098,22.556749,2016-11-03 07:17:08,0
2,113.91835,22.569032999999997,2016-11-03 07:16:59,0
1,114.04398300000001,22.520082000000002,2016-11-03 07:17:08,0
0,114.06808500000001,22.523767000000003,2016-11-03 07:17:11,0
4,114.182098,22.556749,2016-11-03 07:17:23,0
0,114.06808500000001,22.523767000000003,2016-11-03 07:17:26,0
3,113.97586799999999,22.528868,2016-11-03 07:17:29,1
4,114.182098,22.556749,2016-11-03 07:17:38,0
0,114.06808500000001,22.523767000000003,2016-11-03 07:17:41,0
3,113.974098,22.529449,2016-11-03 07:17:49,1
1,114.04391499999998,22.520032999999998,2016-11-03 07:17:51,0
1,114.04391499999998,22.520032999999998,2016-11-03 07:17:52,0
1,114.04391499999998,22.520032999999998,2016-11-03 07:17:53,0
4,114.182098,22.556749,2016-11-03 07:17:53,0
1,114.04391499999998,22.520032999999998,2016-11-03 07:17:54,0
0,114.06808500000001,22.523767000000003,2016-11-03 07:17:56,0
4,114.182098,22.556749,2016-11-03 07:18:08,0
3,113.974098,22.529449,2016-11-03 07:18:09,1
1,114.043419,22.520267,2016-11-03 07:18:09,0
0,114.06808500000001,22.523767000000003,2016-11-03 07:18:11,0
4,114.182098,22.556749,2016-11-03 07:18:23,0
1,114.04261799999999,22.520733,2016-11-03 07:18:24,0
3,113.973831,22.529567999999998,2016-11-03 07:18:29,1
0,114.06808500000001,22.523767000000003,2016-11-03 07:18:26,0
4,114.182098,22.556749,2016-11-03 07:18:38,0
1,114.04231999999999,22.52095,2016-11-03 07:18:39,0
0,114.06808500000001,22.523767000000003,2016-11-03 07:18:41,0
3,113.97328200000001,22.528233,2016-11-03 07:18:49,1
4,114.182098,22.556749,2016-11-03 07:18:53,0
0,114.06808500000001,22.523767000000003,2016-11-03 07:18:56,0
1,114.042336,22.521749,2016-11-03 07:19:02,0
1,114.042397,22.521867999999998,2016-11-03 07:19:04,0
4,114.182098,22.556749,2016-11-03 07:19:08,0
0,114.06808500000001,22.523767000000003,2016-11-03 07:19:11,0
3,113.970947,22.528267,2016-11-03 07:19:09,1
1,114.04287,22.522717,2016-11-03 07:19:17,0
4,114.182098,22.556749,2016-11-03 07:19:23,0
3,113.96943700000001,22.528868,2016-11-03 07:19:29,1
1,114.043297,22.523451,2016-11-03 07:19:32,0
0,114.06808500000001,22.523767000000003,2016-11-03 07:19:26,0
4,114.182098,22.556749,2016-11-03 07:19:38,0
0,114.06808500000001,22.523767000000003,2016-11-03 07:19:41,0
3,113.96948200000001,22.53005,2016-11-03 07:19:45,0
4,114.182098,22.556749,2016-11-03 07:19:53,0
0,114.06808500000001,22.523767000000003,2016-11-03 07:19:56,0
3,113.96948200000001,22.53005,2016-11-03 07:20:05,0
4,114.182098,22.556749,2016-11-03 07:20:08,0
0,114.067902,22.523849,2016-11-03 07:20:11,0
4,114.182098,22.556749,2016-11-03 07:20:23,0
3,113.96948200000001,22.53005,2016-11-03 07:20:25,0
0,114.06788600000002,22.523867000000003,2016-11-03 07:20:26,0
4,114.182098,22.556749,2016-11-03 07:20:38,0
0,114.06788600000002,22.523867000000003,2016-11-03 07:20:41,0
3,113.96948200000001,22.53005,2016-11-03 07:20:45,0
4,114.182098,22.556749,2016-11-03 07:20:53,0
0,114.06788600000002,22.523867000000003,2016-11-03 07:20:56,0
1,114.04335,22.523582,2016-11-03 07:19:47,0
1,114.04335,22.5236,2016-11-03 07:19:55,0
1,114.04333500000001,22.523617,2016-11-03 07:19:57,0
3,113.96948200000001,22.53005,2016-11-03 07:21:05,0
1,114.04481499999999,22.529882,2016-11-03 07:21:05,0
4,114.182098,22.556749,2016-11-03 07:21:08,0
0,114.06788600000002,22.523867000000003,2016-11-03 07:21:11,0
1,114.04463200000001,22.532049,2016-11-03 07:21:20,0
4,114.182098,22.556749,2016-11-03 07:21:23,0
3,113.970001,22.530849,2016-11-03 07:21:25,0
0,114.06788600000002,22.523867000000003,2016-11-03 07:21:26,0
1,114.04456299999998,22.53455,2016-11-03 07:21:35,0
4,114.182098,22.556749,2016-11-03 07:21:38,0
0,114.06788600000002,22.523867000000003,2016-11-03 07:21:41,0
1,114.04454799999999,22.535717,2016-11-03 07:21:43,0
3,113.97251899999999,22.529949,2016-11-03 07:21:45,0
4,114.182098,22.556749,2016-11-03 07:21:53,0
0,114.06788600000002,22.523867000000003,2016-11-03 07:21:56,0
1,114.044533,22.537848999999998,2016-11-03 07:21:58,0
2,113.91835,22.56905,2016-11-03 07:21:59,0
3,113.973083,22.529734,2016-11-03 07:22:05,0
4,114.182098,22.556749,2016-11-03 07:22:08,0
0,114.06788600000002,22.523867000000003,2016-11-03 07:22:11,0
1,114.044418,22.541866,2016-11-03 07:22:21,0
1,114.044418,22.541866,2016-11-03 07:22:22,0
4,114.182098,22.556749,2016-11-03 07:22:23,0
3,113.97498300000001,22.529034,2016-11-03 07:22:25,0
0,114.06788600000002,22.523867000000003,2016-11-03 07:22:26,0
1,114.044403,22.544649,2016-11-03 07:22:36,0
4,114.182098,22.556749,2016-11-03 07:22:37,0
0,114.06788600000002,22.523867000000003,2016-11-03 07:22:41,0
3,113.977448,22.528168,2016-11-03 07:22:45,0
4,114.182098,22.556749,2016-11-03 07:22:52,0
0,114.06788600000002,22.523867000000003,2016-11-03 07:22:56,0
1,114.04435,22.548482999999997,2016-11-03 07:22:59,0
1,114.04435,22.548782,2016-11-03 07:23:01,0
3,113.97766899999999,22.526266,2016-11-03 07:23:05,0
1,114.044334,22.5497,2016-11-03 07:23:07,0
4,114.182098,22.556749,2016-11-03 07:23:07,0
0,114.06788600000002,22.523867000000003,2016-11-03 07:23:11,0
1,114.04425,22.551767,2016-11-03 07:23:22,0
4,114.182098,22.556749,2016-11-03 07:23:22,0
3,113.97771499999999,22.523117000000003,2016-11-03 07:23:25,0
0,114.06788600000002,22.523867000000003,2016-11-03 07:23:26,0
1,114.04422,22.554117,2016-11-03 07:23:37,0
4,114.182098,22.556749,2016-11-03 07:23:37,0
0,114.06788600000002,22.523867000000003,2016-11-03 07:23:41,0
3,113.97683,22.521482000000002,2016-11-03 07:23:45,0
1,114.04422,22.555183,2016-11-03 07:23:45,0
4,114.182098,22.556749,2016-11-03 07:23:52,0
0,114.06788600000002,22.523867000000003,2016-11-03 07:23:56,0
1,114.04402900000001,22.556032000000002,2016-11-03 07:24:00,0
3,113.978233,22.522467000000002,2016-11-03 07:24:05,0
4,114.182098,22.556749,2016-11-03 07:24:07,0
0,114.06788600000002,22.523867000000003,2016-11-03 07:24:11,0
1,114.04383100000001,22.5567,2016-11-03 07:24:15,0
4,114.182098,22.556749,2016-11-03 07:24:22,0
3,113.98127,22.522699,2016-11-03 07:24:25,0
0,114.06788600000002,22.523867000000003,2016-11-03 07:24:26,0
1,114.04306799999999,22.556767,2016-11-03 07:24:30,0
4,114.182098,22.556749,2016-11-03 07:24:37,0
0,114.06788600000002,22.523867000000003,2016-11-03 07:24:41,0
3,113.98501599999999,22.523332999999997,2016-11-03 07:24:45,0
1,114.04211399999998,22.556067000000002,2016-11-03 07:24:46,0
4,114.182098,22.556749,2016-11-03 07:24:52,0
0,114.06788600000002,22.523867000000003,2016-11-03 07:24:56,0
1,114.04061899999999,22.555967000000003,2016-11-03 07:25:01,0
3,113.988716,22.524433,2016-11-03 07:25:05,0
4,114.182098,22.556749,2016-11-03 07:25:07,0
0,114.06788600000002,22.523867000000003,2016-11-03 07:25:11,0
1,114.039597,22.556101,2016-11-03 07:25:16,0
4,114.182098,22.556749,2016-11-03 07:25:22,0
3,113.992302,22.526132999999998,2016-11-03 07:25:25,0
0,114.06788600000002,22.523867000000003,2016-11-03 07:25:26,0
1,114.03887900000001,22.556,2016-11-03 07:25:31,0
4,114.182098,22.556749,2016-11-03 07:25:37,0
0,114.06788600000002,22.523867000000003,2016-11-03 07:25:41,0
1,114.03862,22.556316,2016-11-03 07:25:46,0
4,114.182098,22.556749,2016-11-03 07:25:52,0
0,114.06788600000002,22.523867000000003,2016-11-03 07:25:56,0
1,114.038452,22.556383,2016-11-03 07:26:01,0
3,113.995819,22.528267,2016-11-03 07:25:45,0
3,113.99951899999999,22.529734,2016-11-03 07:26:05,0
4,114.182098,22.556749,2016-11-03 07:26:07,0
0,114.06743600000001,22.523982999999998,2016-11-03 07:26:11,1
1,114.038353,22.556316,2016-11-03 07:26:16,0
4,114.182098,22.556749,2016-11-03 07:26:22,0
0,114.067383,22.524599,2016-11-03 07:26:26,1
3,114.003548,22.529917,2016-11-03 07:26:25,0
1,114.03848300000001,22.556067000000002,2016-11-03 07:26:31,0
4,114.182098,22.556749,2016-11-03 07:26:37,0
0,114.06701699999999,22.525617999999998,2016-11-03 07:26:41,1
3,114.00762900000001,22.529467,2016-11-03 07:26:45,0
1,114.038651,22.555918,2016-11-03 07:26:46,0
4,114.182098,22.556749,2016-11-03 07:26:52,0
0,114.06774899999999,22.527451,2016-11-03 07:26:56,1
2,113.91833500000001,22.569067,2016-11-03 07:26:59,0
1,114.038651,22.555817,2016-11-03 07:27:01,0
3,114.011284,22.529882,2016-11-03 07:27:05,0
4,114.182098,22.556749,2016-11-03 07:27:07,0
0,114.06831399999999,22.529432,2016-11-03 07:27:11,1
1,114.038651,22.555782,2016-11-03 07:27:16,0
3,114.013618,22.530399,2016-11-03 07:27:25,0
4,114.182098,22.556749,2016-11-03 07:27:22,0
0,114.06967900000001,22.530898999999998,2016-11-03 07:27:26,1
1,114.03866599999999,22.55575,2016-11-03 07:27:31,0
4,114.182098,22.556749,2016-11-03 07:27:37,0
0,114.07083100000001,22.531549,2016-11-03 07:27:41,1
1,114.038651,22.555733,2016-11-03 07:27:46,0
3,114.01568600000002,22.530867,2016-11-03 07:27:45,0
4,114.182098,22.556749,2016-11-03 07:27:52,0
0,114.07296799999999,22.531633,2016-11-03 07:27:56,1
1,114.03866599999999,22.555733,2016-11-03 07:28:01,0
3,114.01653300000001,22.530251,2016-11-03 07:28:05,0
4,114.182098,22.556749,2016-11-03 07:28:06,0
1,114.03866599999999,22.55575,2016-11-03 07:28:09,0
0,114.074951,22.531717,2016-11-03 07:28:11,1
4,114.182098,22.556749,2016-11-03 07:28:21,0
1,114.03868100000001,22.55575,2016-11-03 07:28:24,0
3,114.016853,22.529484,2016-11-03 07:28:25,0
0,114.077385,22.531982,2016-11-03 07:28:26,1
1,114.03868100000001,22.555717,2016-11-03 07:28:39,0
4,114.182098,22.556749,2016-11-03 07:28:36,0
0,114.07846799999999,22.533567,2016-11-03 07:28:41,1
3,114.017052,22.529249,2016-11-03 07:28:45,0
1,114.03866599999999,22.555683,2016-11-03 07:28:54,0
4,114.182098,22.556749,2016-11-03 07:28:51,0
0,114.079567,22.535667,2016-11-03 07:28:56,1
3,114.017052,22.529249,2016-11-03 07:29:05,0
1,114.03868100000001,22.555683,2016-11-03 07:29:09,0
4,114.182098,22.556749,2016-11-03 07:29:06,0
0,114.08141299999998,22.537032999999997,2016-11-03 07:29:11,1
1,114.03868100000001,22.5557,2016-11-03 07:29:24,0
4,114.182098,22.556749,2016-11-03 07:29:20,0
3,114.01781499999998,22.527617000000003,2016-11-03 07:29:25,0
0,114.08431999999999,22.537268,2016-11-03 07:29:26,1
1,114.038719,22.555817,2016-11-03 07:29:39,0
4,114.182098,22.556749,2016-11-03 07:29:35,0
0,114.086952,22.537283,2016-11-03 07:29:41,1
3,114.01853200000001,22.526783,2016-11-03 07:29:45,0
1,114.038734,22.555866,2016-11-03 07:29:54,0
4,114.182098,22.556749,2016-11-03 07:29:50,0
0,114.089836,22.537666,2016-11-03 07:29:56,1
3,114.019814,22.525783999999998,2016-11-03 07:30:05,0
1,114.038734,22.555882999999998,2016-11-03 07:30:09,0
4,114.182098,22.556749,2016-11-03 07:30:04,0
0,114.09236899999999,22.538,2016-11-03 07:30:11,1
1,114.03908500000001,22.555416,2016-11-03 07:30:24,0
4,114.182098,22.556749,2016-11-03 07:30:19,0
3,114.021782,22.524683,2016-11-03 07:30:25,0
0,114.095253,22.537982999999997,2016-11-03 07:30:26,1
1,114.0392,22.555218,2016-11-03 07:30:39,0
4,114.182098,22.556749,2016-11-03 07:30:34,0
0,114.097801,22.538017,2016-11-03 07:30:41,1
3,114.02323200000001,22.523849,2016-11-03 07:30:45,0
1,114.039169,22.555201,2016-11-03 07:30:54,0
4,114.182098,22.556749,2016-11-03 07:30:48,0
0,114.10053300000001,22.538033,2016-11-03 07:30:56,1
3,114.02327,22.523849,2016-11-03 07:31:05,0
4,114.182098,22.556749,2016-11-03 07:31:03,0
1,114.039146,22.555183,2016-11-03 07:31:09,0
0,114.10286699999999,22.538033,2016-11-03 07:31:11,1
1,114.039146,22.555166,2016-11-03 07:31:17,0
4,114.182098,22.556749,2016-11-03 07:31:18,0
3,114.02388,22.523451,2016-11-03 07:31:25,0
1,114.03913100000001,22.555183,2016-11-03 07:31:32,0
4,114.182098,22.556749,2016-11-03 07:31:33,0
3,114.02507,22.5228,2016-11-03 07:31:45,0
4,114.182098,22.556749,2016-11-03 07:31:47,0
2,113.91832,22.569067,2016-11-03 07:32:00,0
3,114.02698500000001,22.521732,2016-11-03 07:32:05,0
2,113.91832,22.56905,2016-11-03 07:32:08,0
4,114.182098,22.556749,2016-11-03 07:32:02,0
4,114.182098,22.556749,2016-11-03 07:32:17,0
3,114.028618,22.520849,2016-11-03 07:32:25,0
4,114.182098,22.556749,2016-11-03 07:32:32,0
3,114.028618,22.520849,2016-11-03 07:32:45,0
4,114.182098,22.556749,2016-11-03 07:32:46,0
0,114.111282,22.533317999999998,2016-11-03 07:32:56,1
0,114.111282,22.533167000000002,2016-11-03 07:32:57,1
3,114.028618,22.520849,2016-11-03 07:33:05,0
4,114.182098,22.556749,2016-11-03 07:33:01,0
0,114.111549,22.532034,2016-11-03 07:33:09,1
4,114.182098,22.556749,2016-11-03 07:33:16,0
0,114.112251,22.531517,2016-11-03 07:33:24,1
3,114.0298,22.520232999999998,2016-11-03 07:33:25,0
4,114.182098,22.556749,2016-11-03 07:33:30,0
0,114.112648,22.531567000000003,2016-11-03 07:33:39,1
3,114.032265,22.518883,2016-11-03 07:33:45,0
4,114.182098,22.556749,2016-11-03 07:33:45,0
0,114.112801,22.531584,2016-11-03 07:33:54,1
0,114.112801,22.531584,2016-11-03 07:34:09,1
3,114.03341699999999,22.518316,2016-11-03 07:34:05,0
4,114.182098,22.556749,2016-11-03 07:34:00,0
0,114.11298400000001,22.531601000000002,2016-11-03 07:34:24,1
4,114.182098,22.556749,2016-11-03 07:34:14,0
3,114.034218,22.517917999999998,2016-11-03 07:34:25,0
4,114.182098,22.556749,2016-11-03 07:34:29,0
0,114.113647,22.531668,2016-11-03 07:34:39,1
3,114.03492,22.517532,2016-11-03 07:34:45,0
4,114.182098,22.556749,2016-11-03 07:34:44,0
0,114.11378500000001,22.531717,2016-11-03 07:34:54,1
3,114.03656799999999,22.516648999999997,2016-11-03 07:35:05,0
0,114.11378500000001,22.531717,2016-11-03 07:35:09,1
4,114.182098,22.556749,2016-11-03 07:34:59,0
4,114.182098,22.556749,2016-11-03 07:35:14,0
3,114.038002,22.5159,2016-11-03 07:35:25,0
0,114.113983,22.53175,2016-11-03 07:35:24,1
4,114.182098,22.556749,2016-11-03 07:35:28,0
3,114.038002,22.5159,2016-11-03 07:35:45,0
0,114.113983,22.53175,2016-11-03 07:35:40,0
4,114.182098,22.556749,2016-11-03 07:35:43,0
0,114.113983,22.53175,2016-11-03 07:35:55,0
3,114.038002,22.5159,2016-11-03 07:36:05,0
4,114.182098,22.556749,2016-11-03 07:35:58,0
0,114.113983,22.53175,2016-11-03 07:36:10,0
4,114.182098,22.556749,2016-11-03 07:36:13,0
3,114.038002,22.5159,2016-11-03 07:36:25,0
1,114.039185,22.555134,2016-11-03 07:36:25,0
0,114.113983,22.53175,2016-11-03 07:36:25,0
4,114.182098,22.556749,2016-11-03 07:36:28,0
3,114.038002,22.5159,2016-11-03 07:36:45,0
0,114.11451699999999,22.531982,2016-11-03 07:36:39,0
4,114.182098,22.556749,2016-11-03 07:36:42,0
0,114.115082,22.532417000000002,2016-11-03 07:36:54,0
3,114.039101,22.51655,2016-11-03 07:37:05,0
2,113.91832,22.569032999999997,2016-11-03 07:37:08,0
4,114.182098,22.556749,2016-11-03 07:36:57,0
0,114.11458600000002,22.534567000000003,2016-11-03 07:37:09,0
4,114.182098,22.556749,2016-11-03 07:37:12,0
0,114.11433400000001,22.5354,2016-11-03 07:37:24,0
3,114.03988600000001,22.517882999999998,2016-11-03 07:37:25,0
4,114.182098,22.556749,2016-11-03 07:37:27,0
0,114.11419699999999,22.535549,2016-11-03 07:37:39,0
3,114.04078700000001,22.518368,2016-11-03 07:37:45,0
4,114.182098,22.556749,2016-11-03 07:37:41,0
0,114.113449,22.535749,2016-11-03 07:37:54,0
3,114.04078700000001,22.518368,2016-11-03 07:38:05,0
4,114.182098,22.556749,2016-11-03 07:37:56,0
0,114.112251,22.536333,2016-11-03 07:38:09,0
4,114.182098,22.556749,2016-11-03 07:38:11,0
0,114.112099,22.5375,2016-11-03 07:38:24,0
3,114.04078700000001,22.518368,2016-11-03 07:38:25,0
0,114.11178600000001,22.5383,2016-11-03 07:38:39,0
4,114.182098,22.556749,2016-11-03 07:38:27,0
3,114.04078700000001,22.518368,2016-11-03 07:38:46,0
4,114.182098,22.556749,2016-11-03 07:38:42,0
0,114.11196899999999,22.537367,2016-11-03 07:38:54,0
3,114.04078700000001,22.518368,2016-11-03 07:39:05,0
4,114.182098,22.556749,2016-11-03 07:38:57,0
0,114.111954,22.537367,2016-11-03 07:39:09,0
4,114.182098,22.556749,2016-11-03 07:39:12,0
0,114.111954,22.537367,2016-11-03 07:39:24,0
3,114.04078700000001,22.518368,2016-11-03 07:39:25,0
4,114.182098,22.556749,2016-11-03 07:39:28,0
0,114.11196899999999,22.537167,2016-11-03 07:39:39,0
3,114.04078700000001,22.518368,2016-11-03 07:39:45,0
4,114.182098,22.556749,2016-11-03 07:39:43,0
0,114.11196899999999,22.537167,2016-11-03 07:39:54,0
3,114.04078700000001,22.518368,2016-11-03 07:40:05,0
4,114.182098,22.556749,2016-11-03 07:39:58,0
0,114.11196899999999,22.537167,2016-11-03 07:40:09,0
2,113.918297,22.569067,2016-11-03 07:40:12,0
2,113.918297,22.569,2016-11-03 07:40:23,0
4,114.182098,22.556749,2016-11-03 07:40:13,0
0,114.11196899999999,22.537167,2016-11-03 07:40:24,0
3,114.04078700000001,22.518368,2016-11-03 07:40:25,0
2,113.91833500000001,22.569017000000002,2016-11-03 07:40:38,0
4,114.182098,22.556749,2016-11-03 07:40:29,0
0,114.11196899999999,22.537167,2016-11-03 07:40:39,0
3,114.04078700000001,22.518368,2016-11-03 07:40:45,0
2,113.91833500000001,22.56905,2016-11-03 07:40:53,0
4,114.182098,22.556749,2016-11-03 07:40:44,0
0,114.11196899999999,22.537167,2016-11-03 07:40:54,0
1,114.03923,22.555218,2016-11-03 07:40:59,0
3,114.04078700000001,22.518368,2016-11-03 07:41:05,0
2,113.91833500000001,22.56905,2016-11-03 07:41:08,0
4,114.182098,22.556749,2016-11-03 07:40:59,0
0,114.11196899999999,22.537167,2016-11-03 07:41:09,0
1,114.03931399999999,22.555134,2016-11-03 07:41:10,0
1,114.039497,22.55485,2016-11-03 07:41:18,0
2,113.91833500000001,22.56905,2016-11-03 07:41:23,0
4,114.182098,22.556749,2016-11-03 07:41:14,0
3,114.04078700000001,22.518368,2016-11-03 07:41:26,0
0,114.11196899999999,22.537167,2016-11-03 07:41:24,0
1,114.039497,22.554501000000002,2016-11-03 07:41:33,0
2,113.91868600000001,22.569218,2016-11-03 07:41:38,0
0,114.111984,22.537067,2016-11-03 07:41:39,0
4,114.182098,22.556749,2016-11-03 07:41:30,0
3,114.04078700000001,22.518368,2016-11-03 07:41:46,0
1,114.039597,22.554533,2016-11-03 07:41:48,0
2,113.91935,22.569851,2016-11-03 07:41:53,0
4,114.182098,22.556749,2016-11-03 07:41:45,0
0,114.11203,22.537001,2016-11-03 07:41:54,0
1,114.03965,22.554434,2016-11-03 07:42:03,0
3,114.04078700000001,22.518368,2016-11-03 07:42:06,0
2,113.919403,22.570084,2016-11-03 07:42:08,0
0,114.11203,22.537001,2016-11-03 07:42:09,0
4,114.182098,22.556749,2016-11-03 07:42:00,0
2,113.91905200000001,22.569834,2016-11-03 07:42:14,0
1,114.03966499999999,22.554367000000003,2016-11-03 07:42:18,0
0,114.11203,22.537001,2016-11-03 07:42:24,0
4,114.182098,22.556749,2016-11-03 07:42:15,0
3,114.04078700000001,22.518368,2016-11-03 07:42:26,0
2,113.91808300000001,22.569232999999997,2016-11-03 07:42:30,0
1,114.03968,22.554367000000003,2016-11-03 07:42:33,0
4,114.182098,22.556749,2016-11-03 07:42:31,0
0,114.11223600000001,22.537018,2016-11-03 07:42:39,0
3,114.04078700000001,22.518368,2016-11-03 07:42:46,0
2,113.917419,22.568701,2016-11-03 07:42:45,0
1,114.039749,22.554382,2016-11-03 07:42:48,0
0,114.11223600000001,22.536667,2016-11-03 07:42:54,0
4,114.182098,22.556749,2016-11-03 07:42:46,0
2,113.91658000000001,22.568199,2016-11-03 07:43:00,0
1,114.039833,22.554417,2016-11-03 07:43:03,0
3,114.04078700000001,22.518368,2016-11-03 07:43:06,0
4,114.182098,22.556749,2016-11-03 07:43:01,0
0,114.11223600000001,22.536667,2016-11-03 07:43:09,0
2,113.916183,22.566967,2016-11-03 07:43:15,0
1,114.03978000000001,22.554399,2016-11-03 07:43:18,0
4,114.182098,22.556749,2016-11-03 07:43:16,0
0,114.11223600000001,22.536667,2016-11-03 07:43:24,0
3,114.04078700000001,22.518368,2016-11-03 07:43:26,0
1,114.039818,22.554417,2016-11-03 07:43:33,0
2,113.916183,22.565216,2016-11-03 07:43:30,0
4,114.182098,22.556749,2016-11-03 07:43:31,0
0,114.11223600000001,22.536667,2016-11-03 07:43:39,0
2,113.916214,22.564466,2016-11-03 07:43:39,0
3,114.04078700000001,22.518368,2016-11-03 07:43:46,0
1,114.039818,22.554434,2016-11-03 07:43:48,0
4,114.182098,22.556749,2016-11-03 07:43:46,0
0,114.112251,22.536583,2016-11-03 07:43:54,0
2,113.91626699999999,22.563066,2016-11-03 07:43:54,0
1,114.039818,22.554382,2016-11-03 07:44:03,0
3,114.04078700000001,22.518368,2016-11-03 07:44:06,0
4,114.182098,22.556749,2016-11-03 07:44:02,0
2,113.917198,22.562668,2016-11-03 07:44:09,0
0,114.112251,22.536583,2016-11-03 07:44:09,0
1,114.03968,22.554333,2016-11-03 07:44:18,0
4,114.182098,22.556749,2016-11-03 07:44:17,0
2,113.91835,22.562148999999998,2016-11-03 07:44:24,0
0,114.112251,22.536667,2016-11-03 07:44:23,0
3,114.04078700000001,22.518368,2016-11-03 07:44:26,0
1,114.03968,22.55435,2016-11-03 07:44:33,0
4,114.182098,22.556749,2016-11-03 07:44:32,0
2,113.919182,22.561701,2016-11-03 07:44:39,0
0,114.112251,22.536667,2016-11-03 07:44:39,0
3,114.04078700000001,22.518368,2016-11-03 07:44:46,0
1,114.03973400000001,22.554382,2016-11-03 07:44:48,0
4,114.182098,22.556749,2016-11-03 07:44:48,0
2,113.919334,22.561132,2016-11-03 07:44:54,0
0,114.112251,22.536667,2016-11-03 07:44:53,0
2,113.91931899999999,22.560667000000002,2016-11-03 07:45:02,0
1,114.03973400000001,22.554317,2016-11-03 07:45:03,0
3,114.04078700000001,22.518368,2016-11-03 07:45:06,0
4,114.182098,22.556749,2016-11-03 07:45:03,0
0,114.112251,22.536667,2016-11-03 07:45:09,0
2,113.919197,22.559998999999998,2016-11-03 07:45:16,0
1,114.039749,22.5543,2016-11-03 07:45:18,0
4,114.182098,22.556749,2016-11-03 07:45:19,0
0,114.112518,22.536699,2016-11-03 07:45:23,0
3,114.04078700000001,22.518368,2016-11-03 07:45:26,0
2,113.918999,22.5592,2016-11-03 07:45:32,0
1,114.039703,22.554251,2016-11-03 07:45:33,0
4,114.182098,22.556749,2016-11-03 07:45:34,0
0,114.11266299999998,22.536551,2016-11-03 07:45:39,0
3,114.04078700000001,22.518368,2016-11-03 07:45:46,0
2,113.91877,22.558232999999998,2016-11-03 07:45:46,0
1,114.039749,22.554268,2016-11-03 07:45:48,0
4,114.182098,22.556749,2016-11-03 07:45:50,0
0,114.11253400000001,22.536467000000002,2016-11-03 07:45:54,0
2,113.918732,22.557934,2016-11-03 07:46:02,0
1,114.039749,22.554268,2016-11-03 07:46:03,0
3,114.04078700000001,22.518368,2016-11-03 07:46:06,0
4,114.182098,22.556749,2016-11-03 07:46:05,0
0,114.112381,22.536118,2016-11-03 07:46:09,0
1,114.03976399999999,22.554333,2016-11-03 07:46:18,0
2,113.918701,22.557734,2016-11-03 07:46:10,0
2,113.918671,22.557467000000003,2016-11-03 07:46:19,0
4,114.182098,22.556749,2016-11-03 07:46:20,0
0,114.112381,22.536051,2016-11-03 07:46:24,0
2,113.918648,22.557382999999998,2016-11-03 07:46:24,0
3,114.04078700000001,22.518368,2016-11-03 07:46:26,0
1,114.03984799999999,22.554234,2016-11-03 07:46:33,1
4,114.182098,22.556749,2016-11-03 07:46:36,0
0,114.112381,22.536051,2016-11-03 07:46:39,0
2,113.918549,22.556883,2016-11-03 07:46:40,0
1,114.03984799999999,22.553568,2016-11-03 07:46:41,1
3,114.04111499999999,22.5179,2016-11-03 07:46:46,0
4,114.182098,22.556749,2016-11-03 07:46:51,0
0,114.112381,22.536051,2016-11-03 07:46:54,0
2,113.918465,22.556618,2016-11-03 07:46:55,0
1,114.03976399999999,22.552267,2016-11-03 07:46:56,1
3,114.04111499999999,22.5179,2016-11-03 07:47:06,0
4,114.182098,22.556749,2016-11-03 07:47:07,0
2,113.91840400000001,22.556283999999998,2016-11-03 07:47:10,0
0,114.112381,22.536051,2016-11-03 07:47:09,0
4,114.182098,22.556749,2016-11-03 07:47:22,0
0,114.112381,22.536051,2016-11-03 07:47:24,0
2,113.91840400000001,22.556283999999998,2016-11-03 07:47:25,0
3,114.04111499999999,22.5179,2016-11-03 07:47:26,0
4,114.182098,22.556749,2016-11-03 07:47:38,0
0,114.112381,22.536051,2016-11-03 07:47:39,0
2,113.91840400000001,22.556217,2016-11-03 07:47:40,0
1,114.03998600000001,22.550318,2016-11-03 07:47:35,1
1,114.039948,22.550266,2016-11-03 07:47:37,1
3,114.04111499999999,22.5179,2016-11-03 07:47:46,0
1,114.039383,22.549932000000002,2016-11-03 07:47:50,1
4,114.182098,22.556749,2016-11-03 07:47:53,0
0,114.112381,22.536051,2016-11-03 07:47:54,0
2,113.918365,22.555982999999998,2016-11-03 07:47:55,0
2,113.91833500000001,22.555733,2016-11-03 07:48:03,0
1,114.03746799999999,22.549116,2016-11-03 07:48:05,1
3,114.04111499999999,22.5179,2016-11-03 07:48:06,0
0,114.112518,22.535982,2016-11-03 07:48:09,0
4,114.182098,22.556749,2016-11-03 07:48:09,0
2,113.918282,22.555267,2016-11-03 07:48:18,0
1,114.035652,22.548668,2016-11-03 07:48:20,1
0,114.112518,22.535982,2016-11-03 07:48:24,0
2,113.918282,22.555117000000003,2016-11-03 07:48:33,0
1,114.034851,22.548468,2016-11-03 07:48:35,1
0,114.112518,22.535982,2016-11-03 07:48:39,0
2,113.918282,22.555099,2016-11-03 07:48:40,0
4,114.182098,22.556749,2016-11-03 07:48:24,0
3,114.04111499999999,22.5179,2016-11-03 07:48:26,0
4,114.182098,22.556749,2016-11-03 07:48:39,0
1,114.034851,22.548416,2016-11-03 07:48:50,1
3,114.04111499999999,22.5179,2016-11-03 07:48:46,0
0,114.112518,22.535982,2016-11-03 07:48:54,0
4,114.182098,22.556749,2016-11-03 07:48:54,0
2,113.918297,22.555082000000002,2016-11-03 07:48:55,0
3,114.04111499999999,22.5179,2016-11-03 07:49:06,0
0,114.112518,22.535982,2016-11-03 07:49:09,0
2,113.918282,22.55505,2016-11-03 07:49:10,0
4,114.182098,22.556749,2016-11-03 07:49:09,0
1,114.03483600000001,22.548332000000002,2016-11-03 07:49:13,1
1,114.03483600000001,22.548332000000002,2016-11-03 07:49:15,1
1,114.034821,22.548317,2016-11-03 07:49:21,1
4,114.182098,22.556749,2016-11-03 07:49:24,0
0,114.112518,22.535982,2016-11-03 07:49:24,0
3,114.04111499999999,22.5179,2016-11-03 07:49:26,0
2,113.91826599999999,22.554733,2016-11-03 07:49:25,0
1,114.034081,22.548134,2016-11-03 07:49:36,1
4,114.182098,22.556749,2016-11-03 07:49:39,0
0,114.112518,22.535982,2016-11-03 07:49:39,0
2,113.918251,22.554533,2016-11-03 07:49:40,0
1,114.03333300000001,22.547882,2016-11-03 07:49:44,1
3,114.04111499999999,22.5179,2016-11-03 07:49:46,0
4,114.182098,22.556749,2016-11-03 07:49:54,0
0,114.112518,22.535982,2016-11-03 07:49:54,0
2,113.91826599999999,22.554282999999998,2016-11-03 07:49:55,0
1,114.03215,22.54755,2016-11-03 07:49:59,1
3,114.04111499999999,22.5179,2016-11-03 07:50:06,0
4,114.182098,22.556749,2016-11-03 07:50:09,0
0,114.112518,22.535982,2016-11-03 07:50:09,0
2,113.91826599999999,22.554068,2016-11-03 07:50:10,0
1,114.03078500000001,22.547182,2016-11-03 07:50:14,1
1,114.02968600000001,22.546818,2016-11-03 07:50:22,1
4,114.182098,22.556749,2016-11-03 07:50:24,0
0,114.112518,22.535982,2016-11-03 07:50:24,0
3,114.04111499999999,22.5179,2016-11-03 07:50:26,0
2,113.918282,22.553667,2016-11-03 07:50:25,0
1,114.02716799999999,22.546049,2016-11-03 07:50:37,1
4,114.182098,22.556749,2016-11-03 07:50:39,0
0,114.11222099999999,22.536016,2016-11-03 07:50:39,0
2,113.91833500000001,22.553516000000002,2016-11-03 07:50:40,0
3,114.04111499999999,22.5179,2016-11-03 07:50:46,0
1,114.025002,22.545532,2016-11-03 07:50:52,1
4,114.182098,22.556749,2016-11-03 07:50:54,0
2,113.918365,22.553516000000002,2016-11-03 07:50:55,0
3,114.04111499999999,22.5179,2016-11-03 07:51:06,0
0,114.11222099999999,22.536016,2016-11-03 07:50:54,0
1,114.02283500000001,22.545233,2016-11-03 07:51:07,1
4,114.182098,22.556749,2016-11-03 07:51:09,0
0,114.11222099999999,22.536016,2016-11-03 07:51:09,0
2,113.91856399999999,22.55435,2016-11-03 07:51:10,0
4,114.182098,22.556749,2016-11-03 07:51:24,0
0,114.11222099999999,22.536016,2016-11-03 07:51:24,0
3,114.04111499999999,22.5179,2016-11-03 07:51:26,0
1,114.02261399999999,22.545182999999998,2016-11-03 07:51:22,1
2,113.918869,22.555349,2016-11-03 07:51:25,0
2,113.91999799999999,22.555201,2016-11-03 07:51:34,0
1,114.022636,22.545182999999998,2016-11-03 07:51:30,1
4,114.182098,22.556749,2016-11-03 07:51:39,0
0,114.11222099999999,22.536016,2016-11-03 07:51:39,0
3,114.04111499999999,22.5179,2016-11-03 07:51:46,0
2,113.92134899999999,22.555134,2016-11-03 07:51:49,0
1,114.02233100000001,22.545116,2016-11-03 07:51:54,1
4,114.182098,22.556749,2016-11-03 07:51:54,0
0,114.11222099999999,22.536016,2016-11-03 07:51:54,0
1,114.02195,22.545033,2016-11-03 07:52:00,1
2,113.922546,22.55505,2016-11-03 07:52:04,0
3,114.04111499999999,22.5179,2016-11-03 07:52:06,0
1,114.021782,22.544634,2016-11-03 07:52:08,1
4,114.182098,22.556749,2016-11-03 07:52:09,0
0,114.112068,22.536167000000003,2016-11-03 07:52:09,0
1,114.022079,22.543484,2016-11-03 07:52:23,1
4,114.182098,22.556749,2016-11-03 07:52:24,0
0,114.112068,22.536167000000003,2016-11-03 07:52:24,0
3,114.04111499999999,22.5179,2016-11-03 07:52:26,0
1,114.02216299999999,22.543118,2016-11-03 07:52:31,1
2,113.92289699999999,22.553783,2016-11-03 07:52:35,0
4,114.182098,22.556749,2016-11-03 07:52:39,0
0,114.112068,22.536167000000003,2016-11-03 07:52:39,0
3,114.04111499999999,22.5179,2016-11-03 07:52:46,0
1,114.02253,22.541849,2016-11-03 07:52:46,1
4,114.182098,22.556749,2016-11-03 07:52:54,0
0,114.112068,22.536167000000003,2016-11-03 07:52:54,0
1,114.022797,22.540916,2016-11-03 07:53:01,1
3,114.04111499999999,22.5179,2016-11-03 07:53:06,0
4,114.182098,22.556749,2016-11-03 07:53:09,0
0,114.112068,22.536167000000003,2016-11-03 07:53:09,0
1,114.023003,22.540318,2016-11-03 07:53:16,1
4,114.182098,22.556749,2016-11-03 07:53:24,0
0,114.112068,22.536167000000003,2016-11-03 07:53:24,0
3,114.04111499999999,22.5179,2016-11-03 07:53:26,0
1,114.02341499999999,22.539049,2016-11-03 07:53:31,1
4,114.182098,22.556749,2016-11-03 07:53:39,0
0,114.112068,22.536167000000003,2016-11-03 07:53:39,0
3,114.04111499999999,22.5179,2016-11-03 07:53:46,0
1,114.023781,22.537733,2016-11-03 07:53:46,1
4,114.182098,22.556749,2016-11-03 07:53:54,0
1,114.02401699999999,22.536917000000003,2016-11-03 07:53:54,1
0,114.112068,22.536167000000003,2016-11-03 07:53:54,0
3,114.04111499999999,22.5179,2016-11-03 07:54:06,0
1,114.024231,22.535851,2016-11-03 07:54:09,1
4,114.18283100000001,22.55645,2016-11-03 07:54:09,0
0,114.11201499999999,22.53615,2016-11-03 07:54:09,0
2,113.923019,22.549467,2016-11-03 07:54:15,1
2,113.92308,22.549333999999998,2016-11-03 07:54:20,1
1,114.024368,22.534817,2016-11-03 07:54:24,1
0,114.112503,22.536066,2016-11-03 07:54:24,0
4,114.183815,22.555733,2016-11-03 07:54:24,0
3,114.04111499999999,22.5179,2016-11-03 07:54:26,0
2,113.92363,22.549167999999998,2016-11-03 07:54:35,1
4,114.184265,22.556048999999998,2016-11-03 07:54:39,0
3,114.04111499999999,22.5179,2016-11-03 07:54:46,0
1,114.02483400000001,22.533182,2016-11-03 07:54:39,1
0,114.112503,22.536066,2016-11-03 07:54:39,0
2,113.924553,22.549084,2016-11-03 07:54:50,1
1,114.025002,22.532583,2016-11-03 07:54:53,1
4,114.183151,22.556767,2016-11-03 07:54:54,0
0,114.11273200000001,22.536016,2016-11-03 07:54:54,0
2,113.925529,22.54915,2016-11-03 07:55:05,1
3,114.04111499999999,22.5179,2016-11-03 07:55:06,0
1,114.02401699999999,22.53195,2016-11-03 07:55:09,1
4,114.18168600000001,22.557266000000002,2016-11-03 07:55:09,0
0,114.11273200000001,22.536016,2016-11-03 07:55:09,0
2,113.926651,22.549101,2016-11-03 07:55:20,1
1,114.02323200000001,22.532066,2016-11-03 07:55:24,1
4,114.179901,22.558517000000002,2016-11-03 07:55:24,0
0,114.11273200000001,22.536016,2016-11-03 07:55:24,0
3,114.04111499999999,22.5179,2016-11-03 07:55:26,0
1,114.02261399999999,22.532217000000003,2016-11-03 07:55:32,1
2,113.92786399999999,22.5492,2016-11-03 07:55:35,1
4,114.178932,22.559401,2016-11-03 07:55:39,0
0,114.11273200000001,22.536016,2016-11-03 07:55:39,0
3,114.04111499999999,22.5179,2016-11-03 07:55:46,0
1,114.021553,22.532316,2016-11-03 07:55:47,1
2,113.928352,22.548767,2016-11-03 07:55:50,1
4,114.17883300000001,22.5595,2016-11-03 07:55:54,0
0,114.11273200000001,22.536016,2016-11-03 07:55:54,0
2,113.92808500000001,22.548149,2016-11-03 07:55:58,1
4,114.17883300000001,22.5595,2016-11-03 07:55:58,1
1,114.020531,22.532351000000002,2016-11-03 07:56:02,1
3,114.04111499999999,22.5179,2016-11-03 07:56:06,0
0,114.11273200000001,22.536016,2016-11-03 07:56:09,0
4,114.177902,22.560167,2016-11-03 07:56:13,1
2,113.927567,22.547251,2016-11-03 07:56:13,1
1,114.01840200000001,22.531717,2016-11-03 07:56:17,1
2,113.927498,22.5471,2016-11-03 07:56:20,1
0,114.11273200000001,22.536016,2016-11-03 07:56:24,0
3,114.04055,22.518534,2016-11-03 07:56:26,0
4,114.17653700000001,22.561083,2016-11-03 07:56:28,1
1,114.015869,22.531183,2016-11-03 07:56:32,1
2,113.927399,22.546717,2016-11-03 07:56:35,1
0,114.11273200000001,22.535784,2016-11-03 07:56:39,0
4,114.17483500000002,22.562201,2016-11-03 07:56:43,1
3,114.04101599999998,22.519751,2016-11-03 07:56:46,0
1,114.01298500000001,22.530567,2016-11-03 07:56:49,1
2,113.92733,22.546516,2016-11-03 07:56:49,1
1,114.01198600000001,22.530333,2016-11-03 07:56:55,1
0,114.11273200000001,22.535784,2016-11-03 07:56:54,0
4,114.17244699999999,22.562883,2016-11-03 07:56:58,1
3,114.04164899999999,22.520782,2016-11-03 07:57:06,0
2,113.927269,22.546249,2016-11-03 07:57:05,1
1,114.009621,22.529833,2016-11-03 07:57:10,1
0,114.11273200000001,22.535784,2016-11-03 07:57:09,0
4,114.16931899999999,22.562932999999997,2016-11-03 07:57:13,1
2,113.927071,22.545532,2016-11-03 07:57:20,1
0,114.11273200000001,22.535784,2016-11-03 07:57:24,0
1,114.00671399999999,22.529751,2016-11-03 07:57:25,1
3,114.04164899999999,22.520782,2016-11-03 07:57:26,0
4,114.16646599999999,22.562883,2016-11-03 07:57:28,1
2,113.926933,22.544518,2016-11-03 07:57:35,1
0,114.113029,22.535801,2016-11-03 07:57:39,0
1,114.003998,22.530082999999998,2016-11-03 07:57:40,1
4,114.16473400000001,22.563,2016-11-03 07:57:43,1
3,114.04164899999999,22.520782,2016-11-03 07:57:46,0
2,113.92688000000001,22.543332999999997,2016-11-03 07:57:50,1
0,114.11335,22.535833,2016-11-03 07:57:54,0
1,114.00103,22.530184,2016-11-03 07:57:55,1
4,114.16303300000001,22.563049,2016-11-03 07:57:58,1
3,114.04164899999999,22.520782,2016-11-03 07:58:06,0
2,113.926918,22.541483,2016-11-03 07:58:05,1
0,114.113869,22.535717,2016-11-03 07:58:09,0
1,113.998535,22.529699,2016-11-03 07:58:10,1
4,114.16123200000001,22.562851000000002,2016-11-03 07:58:13,1
2,113.92701699999999,22.53965,2016-11-03 07:58:20,1
0,114.113899,22.5357,2016-11-03 07:58:24,0
3,114.04164899999999,22.520782,2016-11-03 07:58:26,0
1,113.995453,22.528316,2016-11-03 07:58:27,1
4,114.16003400000001,22.562468,2016-11-03 07:58:27,1
2,113.927071,22.53805,2016-11-03 07:58:29,1
1,113.994469,22.5277,2016-11-03 07:58:33,1
0,114.113899,22.5357,2016-11-03 07:58:39,0
4,114.159035,22.562067000000003,2016-11-03 07:58:42,1
3,114.04164899999999,22.520782,2016-11-03 07:58:46,0
1,113.99213400000001,22.526266,2016-11-03 07:58:48,1
2,113.92656699999999,22.534384,2016-11-03 07:58:53,1
0,114.114052,22.535601,2016-11-03 07:58:54,0
4,114.15871399999999,22.561951,2016-11-03 07:58:57,1
2,113.92617,22.533684,2016-11-03 07:58:59,1
3,114.041748,22.521048999999998,2016-11-03 07:59:06,0
1,113.989418,22.524932999999997,2016-11-03 07:59:03,1
0,114.114098,22.535299,2016-11-03 07:59:09,0
1,113.987953,22.524349,2016-11-03 07:59:11,1
4,114.15871399999999,22.561951,2016-11-03 07:59:12,1
2,113.925003,22.5317,2016-11-03 07:59:14,1
0,114.11412,22.535133,2016-11-03 07:59:24,0
3,114.04048200000001,22.519117,2016-11-03 07:59:26,0
1,113.98531299999999,22.523567,2016-11-03 07:59:26,1
4,114.15871399999999,22.561951,2016-11-03 07:59:27,1
2,113.924149,22.529699,2016-11-03 07:59:29,1
0,114.11412,22.535133,2016-11-03 07:59:39,0
1,113.981949,22.523018,2016-11-03 07:59:41,1
4,114.15871399999999,22.561951,2016-11-03 07:59:42,1
2,113.924217,22.529167,2016-11-03 07:59:44,1
3,114.03968,22.517967000000002,2016-11-03 07:59:46,0
2,113.924217,22.52915,2016-11-03 07:59:52,1
0,114.11412,22.535133,2016-11-03 07:59:54,0
4,114.15871399999999,22.561951,2016-11-03 07:59:57,1
1,113.978867,22.522882,2016-11-03 07:59:56,1
1,113.97718,22.52285,2016-11-03 08:00:04,1
3,114.03968,22.517967000000002,2016-11-03 08:00:06,0
2,113.92420200000001,22.529167,2016-11-03 08:00:07,1
0,114.11412,22.535133,2016-11-03 08:00:09,0
4,114.15871399999999,22.561951,2016-11-03 08:00:11,1
2,113.92424799999999,22.529016,2016-11-03 08:00:15,1
1,113.973785,22.522882,2016-11-03 08:00:19,1
0,114.11458600000002,22.5352,2016-11-03 08:00:24,0
3,114.03968,22.517967000000002,2016-11-03 08:00:26,0
4,114.15871399999999,22.561951,2016-11-03 08:00:26,1
2,113.924232,22.528601000000002,2016-11-03 08:00:29,1
1,113.97083300000001,22.522867,2016-11-03 08:00:34,1
0,114.114998,22.5352,2016-11-03 08:00:39,0
2,113.924232,22.528217,2016-11-03 08:00:45,1
4,114.15776799999999,22.561434,2016-11-03 08:00:41,1
3,114.03875,22.516567000000002,2016-11-03 08:00:46,0
1,113.967529,22.52285,2016-11-03 08:00:49,1
0,114.114899,22.534882999999997,2016-11-03 08:00:54,0
4,114.15776799999999,22.561434,2016-11-03 08:00:56,1
2,113.92427099999999,22.527834,2016-11-03 08:01:00,1
1,113.964851,22.522833,2016-11-03 08:01:04,1
3,114.038651,22.516434,2016-11-03 08:01:06,0
0,114.114899,22.534882999999997,2016-11-03 08:01:09,0
2,113.92416399999999,22.5275,2016-11-03 08:01:15,1
1,113.9618,22.5228,2016-11-03 08:01:19,1
0,114.114899,22.534882999999997,2016-11-03 08:01:24,0
2,113.92411799999999,22.5273,2016-11-03 08:01:30,1
4,114.157402,22.561199,2016-11-03 08:01:11,1
1,113.95918300000001,22.522867,2016-11-03 08:01:34,1
0,114.11453200000001,22.534733,2016-11-03 08:01:39,0
2,113.92393500000001,22.527067000000002,2016-11-03 08:01:45,1
0,114.1138,22.534666,2016-11-03 08:01:54,0
2,113.923882,22.526982999999998,2016-11-03 08:02:00,1
0,114.1138,22.534666,2016-11-03 08:02:09,0
4,114.157402,22.561199,2016-11-03 08:01:26,1
3,114.03818500000001,22.516132,2016-11-03 08:01:26,0
2,113.923599,22.526649,2016-11-03 08:02:15,1
4,114.156784,22.560734,2016-11-03 08:01:40,1
3,114.03685,22.516884,2016-11-03 08:01:46,0
4,114.15657,22.560568,2016-11-03 08:01:55,1
3,114.03548400000001,22.517418,2016-11-03 08:02:06,0
0,114.1138,22.534666,2016-11-03 08:02:24,0
4,114.15601299999999,22.560033999999998,2016-11-03 08:02:10,1
3,114.034798,22.518,2016-11-03 08:02:26,0
4,114.155251,22.559366,2016-11-03 08:02:25,1
2,113.923515,22.526501,2016-11-03 08:02:30,1
0,114.1138,22.534666,2016-11-03 08:02:39,0
4,114.15396899999999,22.558367,2016-11-03 08:02:40,1
2,113.9235,22.526199,2016-11-03 08:02:45,1
3,114.034599,22.518066,2016-11-03 08:02:46,0
2,113.9235,22.52615,2016-11-03 08:02:53,1
0,114.113564,22.53455,2016-11-03 08:02:53,0
4,114.152084,22.556917000000002,2016-11-03 08:02:55,1
3,114.034599,22.518066,2016-11-03 08:03:06,0
2,113.923569,22.526032999999998,2016-11-03 08:03:08,1
0,114.113548,22.534533,2016-11-03 08:03:09,0
4,114.1493,22.556084,2016-11-03 08:03:11,1
2,113.923851,22.525766,2016-11-03 08:03:23,1
0,114.113548,22.534533,2016-11-03 08:03:23,0
3,114.034599,22.518066,2016-11-03 08:03:26,0
4,114.146431,22.555517000000002,2016-11-03 08:03:26,1
2,113.923882,22.525717,2016-11-03 08:03:29,1
0,114.11348000000001,22.534482999999998,2016-11-03 08:03:39,0
4,114.143852,22.555599,2016-11-03 08:03:41,1
3,114.034599,22.518066,2016-11-03 08:03:46,0
2,113.924049,22.525667000000002,2016-11-03 08:03:45,1
4,114.141998,22.555817,2016-11-03 08:03:57,1
2,113.924301,22.525617999999998,2016-11-03 08:04:00,1
4,114.138016,22.555467999999998,2016-11-03 08:04:42,1
3,114.033897,22.518432999999998,2016-11-03 08:04:46,0
2,113.92453,22.525617999999998,2016-11-03 08:04:15,1
4,114.138901,22.55435,2016-11-03 08:04:58,1
0,114.113235,22.534384,2016-11-03 08:04:25,0
2,113.92323300000001,22.526466,2016-11-03 08:04:30,1
1,113.926804,22.525517,2016-11-03 08:04:37,1
2,113.923515,22.526417000000002,2016-11-03 08:04:39,1
0,114.113235,22.534384,2016-11-03 08:04:40,0
3,114.031364,22.519582999999997,2016-11-03 08:05:26,0
1,113.92566699999999,22.525717,2016-11-03 08:04:52,1
2,113.92451499999999,22.525999,2016-11-03 08:04:54,1
0,114.113235,22.534384,2016-11-03 08:04:55,0
1,113.92428600000001,22.52585,2016-11-03 08:05:07,1
2,113.92527,22.525717,2016-11-03 08:05:09,1
3,114.02986899999999,22.52055,2016-11-03 08:05:46,0
0,114.113235,22.534384,2016-11-03 08:05:10,0
2,113.925781,22.525551,2016-11-03 08:05:17,1
4,114.13753500000001,22.551867,2016-11-03 08:05:28,1
1,113.922836,22.526167,2016-11-03 08:05:22,1
0,114.113235,22.534384,2016-11-03 08:05:25,0
2,113.92658200000001,22.525267000000003,2016-11-03 08:05:32,1
1,113.921318,22.526417000000002,2016-11-03 08:05:37,1
0,114.113235,22.534384,2016-11-03 08:05:39,0
2,113.927048,22.524683,2016-11-03 08:05:47,1
1,113.920181,22.526733,2016-11-03 08:05:52,1
4,114.13651999999999,22.550467,2016-11-03 08:05:43,1
4,114.13476599999998,22.549432999999997,2016-11-03 08:05:58,1
0,114.114151,22.533951000000002,2016-11-03 08:05:54,0
2,113.927116,22.523916,2016-11-03 08:06:01,1
1,113.91923500000001,22.526951,2016-11-03 08:06:09,1
0,114.11021399999998,22.536766,2016-11-03 08:06:10,0
4,114.132797,22.549132999999998,2016-11-03 08:06:13,1
1,113.91901399999999,22.526982999999998,2016-11-03 08:06:14,1
3,114.029335,22.521182999999997,2016-11-03 08:06:06,0
2,113.92778,22.521351,2016-11-03 08:06:17,1
0,114.11021399999998,22.536766,2016-11-03 08:06:25,0
3,114.030251,22.522533,2016-11-03 08:06:26,0
4,114.13251499999998,22.549101,2016-11-03 08:06:28,1
1,113.9189,22.527017999999998,2016-11-03 08:06:30,1
2,113.92766599999999,22.52025,2016-11-03 08:06:32,1
2,113.927719,22.520218,2016-11-03 08:06:40,1
3,114.030548,22.5229,2016-11-03 08:06:46,0
1,113.91885400000001,22.5271,2016-11-03 08:06:45,1
4,114.13251499999998,22.549101,2016-11-03 08:06:43,1
0,114.11021399999998,22.536766,2016-11-03 08:06:40,0
1,113.9188,22.527134,2016-11-03 08:06:53,1
0,114.11021399999998,22.536766,2016-11-03 08:06:55,0
2,113.927849,22.520218,2016-11-03 08:06:55,1
4,114.13223300000001,22.549032,2016-11-03 08:06:58,1
1,113.91878500000001,22.527217999999998,2016-11-03 08:07:08,1
0,114.11021399999998,22.536766,2016-11-03 08:07:10,0
2,113.928169,22.520267,2016-11-03 08:07:10,1
4,114.13195,22.549032,2016-11-03 08:07:13,1
2,113.928017,22.519667000000002,2016-11-03 08:07:18,1
1,113.91868600000001,22.527233,2016-11-03 08:07:23,1
0,114.11301399999999,22.53685,2016-11-03 08:07:24,0
4,114.13195,22.549032,2016-11-03 08:07:28,1
2,113.92765,22.518566,2016-11-03 08:07:33,1
1,113.918617,22.527282999999997,2016-11-03 08:07:38,1
0,114.11335,22.536382999999997,2016-11-03 08:07:39,0
4,114.131119,22.548817,2016-11-03 08:07:43,1
3,114.031181,22.523684,2016-11-03 08:07:06,0
3,114.032021,22.523398999999998,2016-11-03 08:07:26,0
3,114.032997,22.522932,2016-11-03 08:07:46,0
2,113.92773400000002,22.51865,2016-11-03 08:07:48,1
0,114.11291499999999,22.536882000000002,2016-11-03 08:07:54,0
1,113.918602,22.527317,2016-11-03 08:07:53,1
2,113.927765,22.518534,2016-11-03 08:07:55,1
4,114.13036299999999,22.548683,2016-11-03 08:07:58,1
3,114.033302,22.522682,2016-11-03 08:08:06,0
1,113.918617,22.527348999999997,2016-11-03 08:08:08,1
0,114.112885,22.537018,2016-11-03 08:08:09,0
2,113.927696,22.51845,2016-11-03 08:08:10,1
4,114.13036299999999,22.548683,2016-11-03 08:08:13,1
1,113.918419,22.527433,2016-11-03 08:08:23,1
0,114.112953,22.536832999999998,2016-11-03 08:08:24,0
3,114.033882,22.522382999999998,2016-11-03 08:08:26,0
4,114.13036299999999,22.548683,2016-11-03 08:08:28,1
2,113.927582,22.518299,2016-11-03 08:08:25,1
2,113.927536,22.518333,2016-11-03 08:08:34,1
1,113.91803,22.526982999999998,2016-11-03 08:08:38,1
0,114.11311299999998,22.536751000000002,2016-11-03 08:08:39,0
4,114.13036299999999,22.548683,2016-11-03 08:08:43,1
1,113.91803,22.526417000000002,2016-11-03 08:08:46,1
3,114.033882,22.522382999999998,2016-11-03 08:08:46,0
2,113.927521,22.518284,2016-11-03 08:08:49,1
0,114.11311299999998,22.536751000000002,2016-11-03 08:08:55,0
4,114.13036299999999,22.548683,2016-11-03 08:08:58,1
1,113.917969,22.526051000000002,2016-11-03 08:09:01,1
2,113.927536,22.518217,2016-11-03 08:09:04,1
3,114.033882,22.522382999999998,2016-11-03 08:09:06,0
0,114.11311299999998,22.536751000000002,2016-11-03 08:09:10,0
4,114.13036299999999,22.548683,2016-11-03 08:09:13,1
1,113.917999,22.525417,2016-11-03 08:09:16,1
2,113.927521,22.518217,2016-11-03 08:09:19,1
1,113.917969,22.52495,2016-11-03 08:09:24,1
0,114.11311299999998,22.536751000000002,2016-11-03 08:09:25,0
3,114.033882,22.522382999999998,2016-11-03 08:09:26,0
4,114.129997,22.548616,2016-11-03 08:09:28,1
2,113.927498,22.517982,2016-11-03 08:09:34,1
1,113.918053,22.524683,2016-11-03 08:09:39,0
4,114.12957,22.548149,2016-11-03 08:09:43,1
3,114.033882,22.522382999999998,2016-11-03 08:09:46,0
1,113.91803,22.524651000000002,2016-11-03 08:09:54,0
2,113.92748300000001,22.515949,2016-11-03 08:09:49,1
2,113.927498,22.514732000000002,2016-11-03 08:09:57,1
4,114.12957,22.548117,2016-11-03 08:09:58,1
3,114.033882,22.522382999999998,2016-11-03 08:10:06,0
1,113.91808300000001,22.524668,2016-11-03 08:10:09,0
2,113.927536,22.513666,2016-11-03 08:10:20,1
2,113.927536,22.513666,2016-11-03 08:10:21,1
1,113.91803,22.524883,2016-11-03 08:10:24,0
3,114.033882,22.522382999999998,2016-11-03 08:10:26,0
2,113.927551,22.513666,2016-11-03 08:10:28,1
1,113.918182,22.525217,2016-11-03 08:10:39,0
4,114.12957,22.548117,2016-11-03 08:10:43,1
2,113.927521,22.513683,2016-11-03 08:10:43,1
3,114.033882,22.522382999999998,2016-11-03 08:10:46,0
1,113.918198,22.525517,2016-11-03 08:10:47,0
2,113.927521,22.513666,2016-11-03 08:10:58,1
4,114.129585,22.546932,2016-11-03 08:10:58,1
1,113.918419,22.5264,2016-11-03 08:11:02,0
3,114.033882,22.522382999999998,2016-11-03 08:11:06,0
3,114.033882,22.522382999999998,2016-11-03 08:11:11,1
4,114.129646,22.546,2016-11-03 08:11:13,1
2,113.927521,22.513666,2016-11-03 08:11:13,1
1,113.918449,22.5264,2016-11-03 08:11:17,0
0,114.119003,22.537518,2016-11-03 08:11:22,1
0,114.119049,22.537582,2016-11-03 08:11:24,1
3,114.03366899999999,22.522417,2016-11-03 08:11:31,1
4,114.129616,22.545,2016-11-03 08:11:28,1
1,113.91840400000001,22.526382,2016-11-03 08:11:32,0
0,114.119148,22.538168,2016-11-03 08:11:36,1
2,113.927399,22.511267,2016-11-03 08:11:37,1
4,114.12921899999999,22.544117,2016-11-03 08:11:43,1
2,113.927353,22.510482999999997,2016-11-03 08:11:43,1
1,113.918503,22.526417000000002,2016-11-03 08:11:47,0
3,114.032967,22.522867,2016-11-03 08:11:51,1
1,113.91856399999999,22.526434,2016-11-03 08:11:55,0
4,114.127647,22.543266,2016-11-03 08:11:58,1
2,113.927254,22.508932,2016-11-03 08:11:58,1
1,113.918671,22.526466,2016-11-03 08:12:10,0
3,114.031952,22.5235,2016-11-03 08:12:11,1
2,113.92721599999999,22.508633,2016-11-03 08:12:13,1
4,114.126236,22.542683,2016-11-03 08:12:13,1
0,114.121101,22.539066000000002,2016-11-03 08:12:06,1
0,114.121284,22.539182999999998,2016-11-03 08:12:21,1
1,113.918671,22.526466,2016-11-03 08:12:25,0
4,114.125504,22.542049,2016-11-03 08:12:28,1
3,114.031517,22.524418,2016-11-03 08:12:31,1
2,113.92721599999999,22.508318,2016-11-03 08:12:37,1
1,113.91868600000001,22.52685,2016-11-03 08:12:40,0
4,114.124466,22.541367,2016-11-03 08:12:43,1
2,113.92721599999999,22.508017000000002,2016-11-03 08:12:43,1
1,113.91863300000001,22.527148999999998,2016-11-03 08:12:48,0
3,114.03193700000001,22.525017000000002,2016-11-03 08:12:51,1
1,113.91832,22.527332,2016-11-03 08:12:57,0
4,114.123703,22.540899,2016-11-03 08:12:58,1
1,113.917686,22.5275,2016-11-03 08:13:03,0
0,114.12633500000001,22.54245,2016-11-03 08:13:05,1
0,114.126297,22.542534,2016-11-03 08:13:07,1
2,113.92933700000002,22.507816000000002,2016-11-03 08:13:07,1
3,114.03238700000001,22.525667000000002,2016-11-03 08:13:11,1
2,113.929901,22.507784,2016-11-03 08:13:13,1
4,114.123199,22.5404,2016-11-03 08:13:13,1
1,113.915466,22.527348999999997,2016-11-03 08:13:18,0
0,114.12611399999999,22.54265,2016-11-03 08:13:18,1
2,113.930054,22.507548999999997,2016-11-03 08:13:28,1
4,114.12208600000001,22.539867,2016-11-03 08:13:28,1
3,114.03238700000001,22.525667000000002,2016-11-03 08:13:31,1
1,113.91401699999999,22.52685,2016-11-03 08:13:33,0
0,114.125984,22.543301,2016-11-03 08:13:33,1
1,113.9132,22.526567,2016-11-03 08:13:41,0
2,113.930054,22.507084,2016-11-03 08:13:43,1
4,114.121201,22.539284,2016-11-03 08:13:43,1
0,114.12603,22.544701,2016-11-03 08:13:48,1
3,114.03238700000001,22.525667000000002,2016-11-03 08:13:51,1
1,113.911667,22.526117000000003,2016-11-03 08:13:56,0
2,113.93,22.506832,2016-11-03 08:13:58,1
4,114.12088,22.539082999999998,2016-11-03 08:13:58,1
0,114.12613700000001,22.544933,2016-11-03 08:14:03,1
2,113.930016,22.506634,2016-11-03 08:14:05,1
3,114.03238700000001,22.525667000000002,2016-11-03 08:14:11,1
1,113.910568,22.525949,2016-11-03 08:14:11,0
4,114.12088,22.539082999999998,2016-11-03 08:14:13,1
0,114.12593100000001,22.546551,2016-11-03 08:14:18,1
1,113.911484,22.525999,2016-11-03 08:14:26,0
4,114.12088,22.539082999999998,2016-11-03 08:14:28,1
3,114.03238700000001,22.525667000000002,2016-11-03 08:14:31,1
2,113.930054,22.505383,2016-11-03 08:14:35,1
1,113.91153,22.526016000000002,2016-11-03 08:14:41,1
4,114.12088,22.539082999999998,2016-11-03 08:14:43,1
3,114.03238700000001,22.525667000000002,2016-11-03 08:14:51,1
1,113.912201,22.526199,2016-11-03 08:14:50,1
2,113.93006899999999,22.505333,2016-11-03 08:14:50,1
4,114.120499,22.538918,2016-11-03 08:14:58,1
1,113.91366599999999,22.526699,2016-11-03 08:15:05,1
2,113.930054,22.505367,2016-11-03 08:15:05,0
0,114.125999,22.547382,2016-11-03 08:14:33,1
0,114.125999,22.547382,2016-11-03 08:14:48,1
0,114.125999,22.547382,2016-11-03 08:15:03,1
3,114.03238700000001,22.525667000000002,2016-11-03 08:15:11,1
4,114.119598,22.538383,2016-11-03 08:15:13,1
0,114.125999,22.547382,2016-11-03 08:15:18,1
1,113.91376499999998,22.526733,2016-11-03 08:15:20,1
2,113.93008400000001,22.505383,2016-11-03 08:15:20,0
4,114.11844599999999,22.537634,2016-11-03 08:15:28,1
3,114.03238700000001,22.525667000000002,2016-11-03 08:15:31,1
0,114.125999,22.547382,2016-11-03 08:15:33,1
1,113.91376499999998,22.526817,2016-11-03 08:15:35,1
2,113.93008400000001,22.505383,2016-11-03 08:15:35,0
4,114.117218,22.536633,2016-11-03 08:15:43,1
0,114.125999,22.547382,2016-11-03 08:15:48,1
1,113.91401699999999,22.526434,2016-11-03 08:15:50,1
3,114.03251599999999,22.526417000000002,2016-11-03 08:15:51,1
2,113.930099,22.505367,2016-11-03 08:15:50,0
4,114.116432,22.5359,2016-11-03 08:15:58,1
0,114.125999,22.547382,2016-11-03 08:16:03,1
1,113.91398600000001,22.526417000000002,2016-11-03 08:16:05,1
2,113.930099,22.505367,2016-11-03 08:16:05,0
3,114.030647,22.527348999999997,2016-11-03 08:16:11,1
0,114.125999,22.547382,2016-11-03 08:16:18,1
1,113.913948,22.526466,2016-11-03 08:16:20,1
4,114.11543300000001,22.535133,2016-11-03 08:16:13,1
4,114.11486799999999,22.534817,2016-11-03 08:16:28,1
2,113.93021399999999,22.504299,2016-11-03 08:16:29,1
3,114.028351,22.528584,2016-11-03 08:16:31,1
2,113.93021399999999,22.504299,2016-11-03 08:16:30,1
0,114.125999,22.547382,2016-11-03 08:16:33,1
1,113.914482,22.526733,2016-11-03 08:16:35,1
4,114.114853,22.5348,2016-11-03 08:16:43,1
2,113.93026699999999,22.50375,2016-11-03 08:16:44,1
0,114.125786,22.54825,2016-11-03 08:16:48,1
1,113.915398,22.527148999999998,2016-11-03 08:16:50,1
3,114.026131,22.530282999999997,2016-11-03 08:16:51,1
4,114.114853,22.5348,2016-11-03 08:16:58,1
2,113.930168,22.504683,2016-11-03 08:16:59,1
0,114.12591599999999,22.549868,2016-11-03 08:17:03,1
1,113.916168,22.527384,2016-11-03 08:17:05,1
3,114.02393300000001,22.531882999999997,2016-11-03 08:17:11,1
1,113.916183,22.527399,2016-11-03 08:17:13,1
4,114.114853,22.5348,2016-11-03 08:17:13,1
0,114.1259,22.552151000000002,2016-11-03 08:17:18,1
4,114.114853,22.5348,2016-11-03 08:17:23,0
1,113.916229,22.527348999999997,2016-11-03 08:17:28,1
3,114.023018,22.532066,2016-11-03 08:17:31,1
2,113.930153,22.507151,2016-11-03 08:17:30,1
4,114.114853,22.5348,2016-11-03 08:17:38,0
1,113.916252,22.527384,2016-11-03 08:17:43,1
2,113.93055,22.507883,2016-11-03 08:17:45,1
3,114.02238500000001,22.53215,2016-11-03 08:17:51,1
4,114.114853,22.5348,2016-11-03 08:17:53,0
1,113.91664899999999,22.527416,2016-11-03 08:17:58,1
2,113.93186999999999,22.507883,2016-11-03 08:18:00,1
4,114.114853,22.5348,2016-11-03 08:18:08,0
3,114.021767,22.532183,2016-11-03 08:18:11,1
1,113.917084,22.527416,2016-11-03 08:18:13,1
2,113.932281,22.507851000000002,2016-11-03 08:18:15,1
4,114.11419699999999,22.534233,2016-11-03 08:18:23,0
1,113.917397,22.527367,2016-11-03 08:18:28,1
3,114.02002,22.532118,2016-11-03 08:18:31,1
2,113.932266,22.507868,2016-11-03 08:18:30,1
4,114.113968,22.533934,2016-11-03 08:18:38,0
1,113.91736599999999,22.527384,2016-11-03 08:18:36,1
2,113.93243400000001,22.507932999999998,2016-11-03 08:18:45,1
3,114.017532,22.531668,2016-11-03 08:18:51,1
1,113.917351,22.527399,2016-11-03 08:18:51,1
4,114.11336499999999,22.533916,2016-11-03 08:18:53,0
2,113.933784,22.5079,2016-11-03 08:19:00,1
0,114.123253,22.555599,2016-11-03 08:19:01,1
0,114.123131,22.555733,2016-11-03 08:19:04,1
1,113.917336,22.527399,2016-11-03 08:19:06,1
3,114.015221,22.531267,2016-11-03 08:19:11,1
4,114.113335,22.533916,2016-11-03 08:19:08,0
1,113.91729699999999,22.527399,2016-11-03 08:19:14,1
2,113.93483,22.507932999999998,2016-11-03 08:19:15,1
0,114.122597,22.556383,2016-11-03 08:19:16,1
4,114.113335,22.533916,2016-11-03 08:19:23,0
1,113.917282,22.527384,2016-11-03 08:19:29,1
3,114.015198,22.531834,2016-11-03 08:19:31,1
2,113.934952,22.507917000000003,2016-11-03 08:19:30,1
0,114.12193300000001,22.55715,2016-11-03 08:19:31,1
4,114.115067,22.53545,2016-11-03 08:19:38,0
1,113.917267,22.527367,2016-11-03 08:19:44,1
2,113.93602,22.507868,2016-11-03 08:19:45,1
0,114.12262,22.556032000000002,2016-11-03 08:19:46,1
3,114.015381,22.532682,2016-11-03 08:19:51,1
1,113.917252,22.527384,2016-11-03 08:19:52,1
4,114.116249,22.536382999999997,2016-11-03 08:19:53,0
2,113.935951,22.507883,2016-11-03 08:20:00,1
0,114.123718,22.554882,2016-11-03 08:20:01,1
1,113.917267,22.527399,2016-11-03 08:20:07,1
4,114.11758400000001,22.537399,2016-11-03 08:20:08,0
3,114.01561699999999,22.533501,2016-11-03 08:20:11,1
2,113.935966,22.507917000000003,2016-11-03 08:20:15,1
0,114.12413000000001,22.5546,2016-11-03 08:20:16,1
1,113.91729699999999,22.527399,2016-11-03 08:20:22,1
4,114.118668,22.538,2016-11-03 08:20:23,0
1,113.91729699999999,22.527399,2016-11-03 08:20:30,1
3,114.014771,22.5345,2016-11-03 08:20:31,1
0,114.124214,22.55455,2016-11-03 08:20:31,1
2,113.935966,22.5079,2016-11-03 08:20:30,1
4,114.11871299999999,22.538017,2016-11-03 08:20:38,0
2,113.93598200000001,22.507883,2016-11-03 08:20:38,1
1,113.91763300000001,22.527317,2016-11-03 08:20:45,1
0,114.124214,22.55455,2016-11-03 08:20:46,0
3,114.01349599999999,22.535851,2016-11-03 08:20:51,1
2,113.936035,22.507883,2016-11-03 08:20:53,1
4,114.11871299999999,22.538017,2016-11-03 08:20:53,0
1,113.91858700000002,22.52705,2016-11-03 08:21:00,1
0,114.124214,22.55455,2016-11-03 08:21:01,0
4,114.11871299999999,22.538017,2016-11-03 08:21:08,0
2,113.93616499999999,22.507133,2016-11-03 08:21:08,1
3,114.01163500000001,22.534666,2016-11-03 08:21:11,1
1,113.91923500000001,22.526899,2016-11-03 08:21:15,1
0,114.124214,22.554517999999998,2016-11-03 08:21:16,0
4,114.11871299999999,22.538017,2016-11-03 08:21:23,0
2,113.935837,22.507851000000002,2016-11-03 08:21:23,1
1,113.920097,22.526632,2016-11-03 08:21:30,1
0,114.12406899999999,22.554448999999998,2016-11-03 08:21:31,0
3,114.010384,22.533916,2016-11-03 08:21:31,1
4,114.120499,22.538782,2016-11-03 08:21:38,0
2,113.935837,22.507883,2016-11-03 08:21:38,1
1,113.92031899999999,22.526699,2016-11-03 08:21:45,1
0,114.12406899999999,22.554448999999998,2016-11-03 08:21:46,0
3,114.009781,22.534384,2016-11-03 08:21:51,1
4,114.121902,22.539551,2016-11-03 08:21:53,0
2,113.935921,22.507883,2016-11-03 08:21:53,1
1,113.92138700000001,22.526617,2016-11-03 08:22:00,1
0,114.12406899999999,22.554448999999998,2016-11-03 08:22:01,0
4,114.12297099999999,22.540198999999998,2016-11-03 08:22:08,0
2,113.935951,22.507932999999998,2016-11-03 08:22:08,1
3,114.009621,22.534634,2016-11-03 08:22:11,1
0,114.123947,22.554448999999998,2016-11-03 08:22:16,0
2,113.93616499999999,22.507917000000003,2016-11-03 08:22:16,1
1,113.92215,22.526434,2016-11-03 08:22:15,1
4,114.124214,22.540968,2016-11-03 08:22:23,0
1,113.922432,22.5264,2016-11-03 08:22:23,1
3,114.00931499999999,22.535067,2016-11-03 08:22:29,0
0,114.123947,22.554448999999998,2016-11-03 08:22:31,0
2,113.938698,22.507883,2016-11-03 08:22:31,1
1,113.922997,22.526332999999997,2016-11-03 08:22:38,1
4,114.125786,22.541849,2016-11-03 08:22:38,0
0,114.124298,22.5543,2016-11-03 08:22:46,0
2,113.94133000000001,22.507917000000003,2016-11-03 08:22:46,1
3,114.00931499999999,22.535067,2016-11-03 08:22:49,0
1,113.92305,22.526266,2016-11-03 08:22:53,1
4,114.12626599999999,22.54245,2016-11-03 08:22:53,0
0,114.124298,22.5543,2016-11-03 08:23:01,0
2,113.944351,22.508034,2016-11-03 08:23:01,1
1,113.92334699999999,22.526083,2016-11-03 08:23:08,1
4,114.126099,22.5432,2016-11-03 08:23:08,0
3,114.009033,22.535282000000002,2016-11-03 08:23:09,0
0,114.124298,22.5543,2016-11-03 08:23:16,0
2,113.94654799999999,22.508034,2016-11-03 08:23:16,1
1,113.923798,22.525999,2016-11-03 08:23:23,1
4,114.12613700000001,22.5446,2016-11-03 08:23:23,0
2,113.94718200000001,22.508017000000002,2016-11-03 08:23:24,1
3,114.009651,22.535116,2016-11-03 08:23:29,0
0,114.124298,22.5543,2016-11-03 08:23:31,0
1,113.92427099999999,22.525932,2016-11-03 08:23:38,1
4,114.12613700000001,22.544916,2016-11-03 08:23:38,0
2,113.947548,22.50765,2016-11-03 08:23:39,1
1,113.92462900000001,22.525883,2016-11-03 08:23:46,1
0,114.124298,22.5543,2016-11-03 08:23:46,0
3,114.009651,22.534433,2016-11-03 08:23:49,0
4,114.12613700000001,22.544916,2016-11-03 08:23:53,0
1,113.92491899999999,22.525818,2016-11-03 08:24:01,1
0,114.124298,22.5543,2016-11-03 08:24:01,0
4,114.12613700000001,22.544916,2016-11-03 08:24:08,0
3,114.00913200000001,22.534032999999997,2016-11-03 08:24:09,0
2,113.94733400000001,22.507217,2016-11-03 08:23:54,1
2,113.946968,22.507168,2016-11-03 08:24:03,1
2,113.946701,22.507334,2016-11-03 08:24:09,1
1,113.9254,22.525748999999998,2016-11-03 08:24:16,1
0,114.124298,22.5543,2016-11-03 08:24:16,0
4,114.12613700000001,22.544916,2016-11-03 08:24:23,0
3,114.00655400000001,22.534267,2016-11-03 08:24:29,0
2,113.94654799999999,22.508051000000002,2016-11-03 08:24:24,1
1,113.925781,22.52565,2016-11-03 08:24:31,1
0,114.124298,22.5543,2016-11-03 08:24:31,0
4,114.12613700000001,22.544916,2016-11-03 08:24:38,0
2,113.946648,22.509033,2016-11-03 08:24:39,1
1,113.92598000000001,22.5256,2016-11-03 08:24:46,1
0,114.124298,22.554268,2016-11-03 08:24:46,0
3,114.00641599999999,22.53425,2016-11-03 08:24:49,0
4,114.12613700000001,22.544916,2016-11-03 08:24:53,0
2,113.946785,22.509483,2016-11-03 08:24:54,1
0,114.124886,22.553698999999998,2016-11-03 08:25:01,0
1,113.926399,22.5254,2016-11-03 08:25:01,1
4,114.12613700000001,22.544916,2016-11-03 08:25:08,0
3,114.00641599999999,22.53425,2016-11-03 08:25:09,0
1,113.927116,22.525267000000003,2016-11-03 08:25:09,1
2,113.94688400000001,22.510134,2016-11-03 08:25:09,1
0,114.12532,22.553267,2016-11-03 08:25:16,0
4,114.12613700000001,22.544916,2016-11-03 08:25:23,0
1,113.929298,22.52495,2016-11-03 08:25:24,1
3,114.00641599999999,22.53425,2016-11-03 08:25:29,0
0,114.12546499999999,22.552917,2016-11-03 08:25:31,0
1,113.930397,22.524918,2016-11-03 08:25:32,1
4,114.12613700000001,22.544916,2016-11-03 08:25:38,0
2,113.946983,22.510851000000002,2016-11-03 08:25:24,1
2,113.947083,22.511333,2016-11-03 08:25:33,1
2,113.94722,22.5116,2016-11-03 08:25:39,1
0,114.12476299999999,22.552601,2016-11-03 08:25:46,0
1,113.932281,22.524883,2016-11-03 08:25:47,1
3,114.008583,22.534018,2016-11-03 08:25:49,0
4,114.12613700000001,22.544916,2016-11-03 08:25:53,0
0,114.124001,22.552298999999998,2016-11-03 08:26:01,0
1,113.934898,22.524782000000002,2016-11-03 08:26:02,1
2,113.947479,22.512966,2016-11-03 08:26:03,1
3,114.01088,22.533732999999998,2016-11-03 08:26:09,0
4,114.12613700000001,22.544916,2016-11-03 08:26:08,0
2,113.94758600000002,22.513332000000002,2016-11-03 08:26:09,1
0,114.12361899999999,22.5522,2016-11-03 08:26:16,0
1,113.93778200000001,22.524767,2016-11-03 08:26:17,1
4,114.12613700000001,22.544916,2016-11-03 08:26:23,0
3,114.01207,22.532984,2016-11-03 08:26:29,0
0,114.12301599999999,22.55205,2016-11-03 08:26:31,0
1,113.94113200000001,22.524401,2016-11-03 08:26:32,1
4,114.12613700000001,22.544916,2016-11-03 08:26:38,0
0,114.122437,22.552134,2016-11-03 08:26:46,0
1,113.94421399999999,22.524317,2016-11-03 08:26:47,1
3,114.012817,22.530634,2016-11-03 08:26:49,0
4,114.126099,22.546467,2016-11-03 08:26:53,0
2,113.94763200000001,22.513567000000002,2016-11-03 08:26:18,1
2,113.947685,22.5138,2016-11-03 08:26:24,1
2,113.947731,22.514067,2016-11-03 08:26:32,1
2,113.947746,22.514132999999998,2016-11-03 08:26:34,1
2,113.94781499999999,22.514418,2016-11-03 08:26:40,1
2,113.94789899999999,22.514816,2016-11-03 08:26:48,1
2,113.947929,22.514917,2016-11-03 08:26:50,1
0,114.121849,22.552082000000002,2016-11-03 08:27:01,0
1,113.94783000000001,22.523968,2016-11-03 08:27:02,1
2,113.948051,22.515368,2016-11-03 08:27:04,1
3,114.01207,22.52985,2016-11-03 08:27:09,0
4,114.12618300000001,22.547783,2016-11-03 08:27:08,0
0,114.121086,22.552167999999998,2016-11-03 08:27:16,0
1,113.950981,22.523617,2016-11-03 08:27:17,1
4,114.12767,22.548082,2016-11-03 08:27:23,0
2,113.948181,22.516233,2016-11-03 08:27:28,1
3,114.01378600000001,22.530434,2016-11-03 08:27:29,0
1,113.95473500000001,22.523198999999998,2016-11-03 08:27:32,1
0,114.12071999999999,22.552183,2016-11-03 08:27:31,1
2,113.94823500000001,22.516482999999997,2016-11-03 08:27:34,1
4,114.129829,22.54845,2016-11-03 08:27:38,0
1,113.95783200000001,22.522867,2016-11-03 08:27:47,1
0,114.120049,22.552167999999998,2016-11-03 08:27:46,1
3,114.016319,22.530983,2016-11-03 08:27:49,0
4,114.13173700000002,22.548767,2016-11-03 08:27:53,0
2,113.94825,22.516718,2016-11-03 08:27:48,1
2,113.948318,22.516968,2016-11-03 08:27:57,1
0,114.11898000000001,22.551933,2016-11-03 08:28:01,1
4,114.13386499999999,22.549167999999998,2016-11-03 08:28:08,0
3,114.01853200000001,22.531433,2016-11-03 08:28:09,0
2,113.948349,22.517218,2016-11-03 08:28:12,1
1,113.96098300000001,22.522667000000002,2016-11-03 08:28:02,1
1,113.962631,22.522699,2016-11-03 08:28:10,1
1,113.962631,22.522699,2016-11-03 08:28:11,1
0,114.11871299999999,22.551916000000002,2016-11-03 08:28:16,1
1,113.96433300000001,22.522717,2016-11-03 08:28:18,1
4,114.136284,22.549432999999997,2016-11-03 08:28:23,0
3,114.02013400000001,22.531733,2016-11-03 08:28:29,0
2,113.94838,22.517401,2016-11-03 08:28:27,1
0,114.118401,22.551268,2016-11-03 08:28:31,1
1,113.967453,22.522751,2016-11-03 08:28:33,1
2,113.94838,22.517418,2016-11-03 08:28:35,1
4,114.136765,22.548834,2016-11-03 08:28:38,0
0,114.117981,22.551233,2016-11-03 08:28:46,1
1,113.970802,22.522751,2016-11-03 08:28:48,1
3,114.02051499999999,22.531733,2016-11-03 08:28:49,0
2,113.94838,22.517517,2016-11-03 08:28:50,1
2,113.948402,22.517633,2016-11-03 08:28:58,1
0,114.11799599999999,22.551216,2016-11-03 08:29:01,1
1,113.972931,22.522783,2016-11-03 08:29:03,1
3,114.02051499999999,22.531733,2016-11-03 08:29:09,0
4,114.13631399999998,22.549367999999998,2016-11-03 08:28:53,0
4,114.13713100000001,22.550617000000003,2016-11-03 08:29:08,0
0,114.11799599999999,22.551216,2016-11-03 08:29:16,1
1,113.975632,22.5228,2016-11-03 08:29:18,1
4,114.13798500000001,22.551832,2016-11-03 08:29:23,0
2,113.948502,22.518217,2016-11-03 08:29:22,1
3,114.02051499999999,22.531733,2016-11-03 08:29:29,0
0,114.11799599999999,22.551216,2016-11-03 08:29:31,1
1,113.97818000000001,22.522818,2016-11-03 08:29:33,1
2,113.948532,22.5184,2016-11-03 08:29:28,1
4,114.138802,22.552999,2016-11-03 08:29:38,0
0,114.11799599999999,22.551216,2016-11-03 08:29:46,1
1,113.981148,22.522882,2016-11-03 08:29:48,1
3,114.02051499999999,22.531733,2016-11-03 08:29:49,0
4,114.13958000000001,22.554399,2016-11-03 08:29:53,0
0,114.11799599999999,22.551216,2016-11-03 08:30:01,1
1,113.983833,22.523232999999998,2016-11-03 08:30:03,1
4,114.141098,22.555349,2016-11-03 08:30:08,0
3,114.02051499999999,22.531733,2016-11-03 08:30:09,0
0,114.118233,22.551216,2016-11-03 08:30:16,1
1,113.98688500000002,22.523832000000002,2016-11-03 08:30:18,1
4,114.14201399999999,22.555582,2016-11-03 08:30:23,0
3,114.02051499999999,22.531733,2016-11-03 08:30:29,0
0,114.117783,22.551149,2016-11-03 08:30:31,1
1,113.989571,22.524798999999998,2016-11-03 08:30:33,1
4,114.14364599999999,22.55545,2016-11-03 08:30:38,0
0,114.117203,22.550734,2016-11-03 08:30:46,1
1,113.99247,22.526182000000002,2016-11-03 08:30:48,1
3,114.02051499999999,22.531733,2016-11-03 08:30:49,0
4,114.14548500000001,22.55525,2016-11-03 08:30:53,0
0,114.116951,22.550167000000002,2016-11-03 08:31:01,1
1,113.99436999999999,22.527483,2016-11-03 08:31:03,1
4,114.145653,22.555218,2016-11-03 08:31:08,0
3,114.02051499999999,22.531733,2016-11-03 08:31:09,0
4,114.145653,22.555218,2016-11-03 08:31:12,1
0,114.11696599999999,22.549882999999998,2016-11-03 08:31:15,1
1,113.99673500000002,22.528799,2016-11-03 08:31:18,1
4,114.147148,22.55545,2016-11-03 08:31:26,1
1,113.99807,22.529332999999998,2016-11-03 08:31:26,1
3,114.02051499999999,22.531733,2016-11-03 08:31:29,0
0,114.116798,22.549682999999998,2016-11-03 08:31:31,1
1,114.000183,22.529882,2016-11-03 08:31:41,1
4,114.14958200000001,22.55595,2016-11-03 08:31:42,1
0,114.11663100000001,22.549017000000003,2016-11-03 08:31:45,1
3,114.02051499999999,22.531733,2016-11-03 08:31:49,0
1,114.00261699999999,22.530033,2016-11-03 08:31:56,1
4,114.152069,22.556717000000003,2016-11-03 08:31:57,1
2,113.94891399999999,22.521267,2016-11-03 08:32:00,1
0,114.11663100000001,22.548401000000002,2016-11-03 08:32:01,1
3,114.02051499999999,22.531733,2016-11-03 08:32:09,0
2,113.94891399999999,22.52145,2016-11-03 08:32:09,1
1,114.004997,22.529716,2016-11-03 08:32:11,1
4,114.153931,22.558201,2016-11-03 08:32:12,1
0,114.11666899999999,22.5483,2016-11-03 08:32:15,1
2,113.949036,22.522318,2016-11-03 08:32:24,1
1,114.00776699999999,22.529484,2016-11-03 08:32:26,1
4,114.15581499999999,22.559717000000003,2016-11-03 08:32:27,1
3,114.02051499999999,22.531733,2016-11-03 08:32:29,0
0,114.11689799999999,22.547199,2016-11-03 08:32:31,1
2,113.94958500000001,22.523417000000002,2016-11-03 08:32:39,1
1,114.01021599999999,22.529734,2016-11-03 08:32:41,1
4,114.157898,22.561216,2016-11-03 08:32:42,1
0,114.115967,22.546583,2016-11-03 08:32:46,1
3,114.02051499999999,22.531733,2016-11-03 08:32:49,0
2,113.95165300000001,22.523251000000002,2016-11-03 08:32:54,1
1,114.012833,22.530333,2016-11-03 08:32:56,1
4,114.160316,22.56225,2016-11-03 08:32:57,1
3,114.02051499999999,22.531733,2016-11-03 08:33:09,0
4,114.16303300000001,22.562651000000002,2016-11-03 08:33:12,1
0,114.11419699999999,22.545883,2016-11-03 08:33:01,1
2,113.95446799999999,22.522932,2016-11-03 08:33:09,1
1,114.014648,22.530684,2016-11-03 08:33:11,0
0,114.113197,22.545668,2016-11-03 08:33:16,1
2,113.95711499999999,22.522617,2016-11-03 08:33:24,1
1,114.015404,22.530832,2016-11-03 08:33:26,0
4,114.166229,22.562683,2016-11-03 08:33:27,1
3,114.02051499999999,22.531733,2016-11-03 08:33:29,0
0,114.11298400000001,22.54545,2016-11-03 08:33:31,1
1,114.01543400000001,22.530783,2016-11-03 08:33:34,0
4,114.16946399999999,22.56275,2016-11-03 08:33:42,1
0,114.113052,22.545417999999998,2016-11-03 08:33:46,1
2,113.96201299999998,22.522467000000002,2016-11-03 08:33:47,1
3,114.02051499999999,22.531733,2016-11-03 08:33:49,0
1,114.016098,22.530967999999998,2016-11-03 08:33:49,0
2,113.96201299999998,22.522467000000002,2016-11-03 08:33:48,1
4,114.1726,22.56275,2016-11-03 08:33:57,1
0,114.11226699999999,22.545567000000002,2016-11-03 08:34:01,1
1,114.01793700000002,22.531366000000002,2016-11-03 08:34:04,0
2,113.9646,22.522568,2016-11-03 08:34:04,1
3,114.02051499999999,22.531733,2016-11-03 08:34:09,0
2,113.96538500000001,22.522582999999997,2016-11-03 08:34:10,1
3,114.02051499999999,22.531733,2016-11-03 08:34:12,1
4,114.174751,22.562099,2016-11-03 08:34:12,1
0,114.10998500000001,22.545482999999997,2016-11-03 08:34:16,1
1,114.01947,22.531668,2016-11-03 08:34:19,0
2,113.96820100000001,22.522617,2016-11-03 08:34:25,1
4,114.176819,22.560568,2016-11-03 08:34:27,1
3,114.021149,22.5306,2016-11-03 08:34:32,1
0,114.10776499999999,22.545033,2016-11-03 08:34:31,1
1,114.02063000000001,22.531799,2016-11-03 08:34:34,0
2,113.971046,22.522633,2016-11-03 08:34:40,1
4,114.17913100000001,22.558884,2016-11-03 08:34:42,1
0,114.10706299999998,22.544783,2016-11-03 08:34:46,1
2,113.97256499999999,22.522633,2016-11-03 08:34:48,1
1,114.0215,22.531733,2016-11-03 08:34:49,0
3,114.021698,22.5299,2016-11-03 08:34:52,1
4,114.181503,22.557234,2016-11-03 08:34:57,1
2,113.97575400000001,22.522633,2016-11-03 08:35:03,1
1,114.021965,22.531682999999997,2016-11-03 08:35:04,0
3,114.021248,22.529682,2016-11-03 08:35:12,1
4,114.182869,22.556433,2016-11-03 08:35:12,1
2,113.978798,22.522667000000002,2016-11-03 08:35:18,1
1,114.02211799999999,22.531651,2016-11-03 08:35:19,0
4,114.182869,22.556433,2016-11-03 08:35:27,1
3,114.01993600000002,22.529301,2016-11-03 08:35:32,1
2,113.982101,22.522833,2016-11-03 08:35:33,1
1,114.02310200000001,22.531467000000003,2016-11-03 08:35:43,1
4,114.182869,22.556433,2016-11-03 08:35:42,1
2,113.98456599999999,22.523216,2016-11-03 08:35:48,1
3,114.0187,22.528999,2016-11-03 08:35:52,1
4,114.183815,22.556232,2016-11-03 08:35:57,1
1,114.02393300000001,22.53145,2016-11-03 08:35:58,1
2,113.98715200000001,22.523884,2016-11-03 08:36:03,1
1,114.024368,22.531401000000002,2016-11-03 08:36:06,1
1,114.024368,22.531401000000002,2016-11-03 08:36:07,1
2,113.988235,22.52425,2016-11-03 08:36:10,1
3,114.01868400000001,22.528982,2016-11-03 08:36:12,1
4,114.184349,22.556133,2016-11-03 08:36:12,1
1,114.0252,22.5312,2016-11-03 08:36:14,1
0,114.10075400000001,22.54365,2016-11-03 08:36:15,1
0,114.10075400000001,22.54365,2016-11-03 08:36:17,1
2,113.991249,22.525517,2016-11-03 08:36:25,1
4,114.184349,22.556133,2016-11-03 08:36:27,1
0,114.10075400000001,22.54365,2016-11-03 08:36:29,1
3,114.01756999999999,22.528868,2016-11-03 08:36:32,1
1,114.02811399999999,22.530518,2016-11-03 08:36:37,1
1,114.028419,22.530451,2016-11-03 08:36:38,1
2,113.99353,22.526867000000003,2016-11-03 08:36:40,1
1,114.02932,22.530268,2016-11-03 08:36:45,1
0,114.10041799999999,22.54365,2016-11-03 08:36:44,1
4,114.18547099999999,22.556032000000002,2016-11-03 08:36:42,1
2,113.995171,22.527884,2016-11-03 08:36:49,1
3,114.01756999999999,22.528868,2016-11-03 08:36:52,1
4,114.186401,22.556,2016-11-03 08:36:57,1
0,114.09929699999999,22.543568,2016-11-03 08:36:59,1
1,114.03179899999999,22.530018,2016-11-03 08:37:00,1
2,113.997299,22.529051000000003,2016-11-03 08:37:04,1
3,114.01756999999999,22.528868,2016-11-03 08:37:12,1
2,113.998703,22.529567999999998,2016-11-03 08:37:12,1
4,114.18755300000001,22.555933,2016-11-03 08:37:12,1
0,114.09783200000001,22.543449,2016-11-03 08:37:14,1
1,114.03383600000001,22.530082999999998,2016-11-03 08:37:15,1
1,114.03546899999999,22.530251,2016-11-03 08:37:24,1
2,114.001602,22.53005,2016-11-03 08:37:27,1
4,114.188248,22.555882999999998,2016-11-03 08:37:27,1
0,114.095802,22.543383,2016-11-03 08:37:29,1
3,114.01756999999999,22.528868,2016-11-03 08:37:32,1
1,114.036484,22.530333,2016-11-03 08:37:30,1
2,114.004166,22.529867000000003,2016-11-03 08:37:42,1
4,114.188248,22.555882999999998,2016-11-03 08:37:42,1
0,114.09478,22.543417,2016-11-03 08:37:44,1
3,114.01802099999999,22.527451,2016-11-03 08:37:52,1
1,114.039833,22.530684,2016-11-03 08:37:54,1
2,114.00738500000001,22.529532999999997,2016-11-03 08:37:57,1
1,114.04056499999999,22.53075,2016-11-03 08:38:00,1
0,114.09358200000001,22.543417,2016-11-03 08:37:59,1
4,114.188248,22.555882999999998,2016-11-03 08:37:57,1
2,114.00983400000001,22.529716,2016-11-03 08:38:12,1
1,114.04243500000001,22.530932999999997,2016-11-03 08:38:15,1
3,114.02038600000002,22.525482,2016-11-03 08:38:12,1
4,114.188248,22.555882999999998,2016-11-03 08:38:12,1
0,114.091568,22.543383,2016-11-03 08:38:14,1
2,114.01246599999999,22.530317,2016-11-03 08:38:27,1
4,114.190018,22.555799,2016-11-03 08:38:27,1
1,114.04454799999999,22.531133999999998,2016-11-03 08:38:30,1
0,114.08981299999999,22.543367,2016-11-03 08:38:29,1
3,114.023003,22.523933,2016-11-03 08:38:32,1
2,114.014748,22.530884,2016-11-03 08:38:42,1
4,114.191521,22.556101,2016-11-03 08:38:42,1
1,114.045685,22.531133999999998,2016-11-03 08:38:45,1
3,114.025566,22.522551,2016-11-03 08:38:52,1
2,114.017532,22.5315,2016-11-03 08:38:57,1
4,114.193031,22.556499,2016-11-03 08:38:57,1
1,114.045914,22.530884,2016-11-03 08:39:00,1
2,114.02003500000001,22.531967,2016-11-03 08:39:12,1
1,114.04581499999999,22.530666,2016-11-03 08:39:15,1
4,114.194382,22.556967,2016-11-03 08:39:12,1
3,114.027901,22.5212,2016-11-03 08:39:12,1
2,114.022598,22.531816,2016-11-03 08:39:27,1
4,114.194771,22.5571,2016-11-03 08:39:27,1
1,114.04553200000001,22.53055,2016-11-03 08:39:30,1
3,114.02843500000002,22.52095,2016-11-03 08:39:32,1
4,114.194771,22.5571,2016-11-03 08:39:42,1
1,114.045349,22.530533,2016-11-03 08:39:45,1
3,114.02843500000002,22.52095,2016-11-03 08:39:52,1
4,114.194771,22.5571,2016-11-03 08:39:57,1
2,114.02483400000001,22.531334,2016-11-03 08:39:42,1
1,114.044968,22.5306,2016-11-03 08:40:00,1
2,114.02633700000001,22.530983,2016-11-03 08:39:50,1
2,114.02673300000001,22.530898999999998,2016-11-03 08:39:51,1
2,114.02791599999999,22.5306,2016-11-03 08:39:58,1
2,114.02935,22.530251,2016-11-03 08:40:05,1
4,114.194771,22.5571,2016-11-03 08:40:12,1
0,114.087868,22.5455,2016-11-03 08:40:12,1
1,114.04474599999999,22.53125,2016-11-03 08:40:15,1
0,114.08783000000001,22.545567000000002,2016-11-03 08:40:14,1
3,114.029747,22.520218,2016-11-03 08:40:12,1
2,114.03133400000002,22.530033,2016-11-03 08:40:20,1
4,114.194771,22.5571,2016-11-03 08:40:27,1
0,114.08778400000001,22.546049,2016-11-03 08:40:26,1
1,114.044647,22.532734,2016-11-03 08:40:30,1
3,114.03173100000001,22.519217,2016-11-03 08:40:32,1
1,114.04458600000001,22.533701,2016-11-03 08:40:38,1
2,114.03443100000001,22.530199,2016-11-03 08:40:35,1
0,114.08791399999998,22.546749,2016-11-03 08:40:41,1
4,114.194771,22.5571,2016-11-03 08:40:42,1
2,114.03582,22.53035,2016-11-03 08:40:44,1
3,114.03348500000001,22.518299,2016-11-03 08:40:52,1
1,114.044533,22.535717,2016-11-03 08:40:53,1
0,114.08838700000001,22.546734,2016-11-03 08:40:56,1
4,114.194771,22.5571,2016-11-03 08:40:57,1
2,114.038551,22.530701,2016-11-03 08:40:59,1
2,114.039948,22.530849,2016-11-03 08:41:07,1
1,114.044449,22.53825,2016-11-03 08:41:08,1
3,114.03351599999999,22.518284,2016-11-03 08:41:12,1
0,114.08843200000001,22.546734,2016-11-03 08:41:11,1
4,114.194771,22.5571,2016-11-03 08:41:12,1
1,114.044449,22.539467000000002,2016-11-03 08:41:16,1
2,114.04153400000001,22.530967999999998,2016-11-03 08:41:15,1
2,114.04274699999999,22.531098999999998,2016-11-03 08:41:22,1
0,114.08816499999999,22.547033,2016-11-03 08:41:26,1
1,114.04446399999999,22.54085,2016-11-03 08:41:31,1
4,114.194771,22.5571,2016-11-03 08:41:27,1
3,114.03528600000001,22.517349,2016-11-03 08:41:32,1
2,114.046402,22.531317,2016-11-03 08:41:37,1
0,114.08809699999999,22.547732999999997,2016-11-03 08:41:41,1
4,114.194771,22.5571,2016-11-03 08:41:42,1
1,114.044418,22.5431,2016-11-03 08:41:46,1
3,114.03733100000001,22.516233,2016-11-03 08:41:52,1
2,114.049332,22.531282,2016-11-03 08:41:52,1
0,114.08798200000001,22.548616,2016-11-03 08:41:56,1
4,114.215897,22.557318,2016-11-03 08:41:57,1
1,114.044418,22.54425,2016-11-03 08:41:54,1
2,114.05286399999999,22.531349,2016-11-03 08:42:07,1
1,114.044418,22.546034,2016-11-03 08:42:09,1
3,114.039551,22.5152,2016-11-03 08:42:12,1
0,114.087952,22.549167999999998,2016-11-03 08:42:11,1
4,114.217285,22.556984,2016-11-03 08:42:12,1
2,114.055901,22.531349,2016-11-03 08:42:22,1
1,114.04438,22.546782999999998,2016-11-03 08:42:24,1
0,114.087868,22.5492,2016-11-03 08:42:26,1
4,114.21783400000001,22.556932,2016-11-03 08:42:27,1
3,114.040314,22.51495,2016-11-03 08:42:32,1
2,114.05868500000001,22.531334,2016-11-03 08:42:37,1
1,114.04458600000001,22.54715,2016-11-03 08:42:39,1
0,114.08783000000001,22.549316,2016-11-03 08:42:41,1
4,114.21813200000001,22.556932,2016-11-03 08:42:42,1
3,114.040916,22.514584,2016-11-03 08:42:52,1
2,114.06026499999999,22.53145,2016-11-03 08:42:52,1
1,114.0466,22.547234,2016-11-03 08:42:54,1
4,114.21813200000001,22.556932,2016-11-03 08:42:57,1
2,114.061249,22.531401000000002,2016-11-03 08:43:00,1
0,114.08771499999999,22.550117,2016-11-03 08:42:56,1
1,114.04733300000001,22.547234,2016-11-03 08:43:02,1
3,114.040871,22.514433,2016-11-03 08:43:12,1
0,114.087799,22.551201000000002,2016-11-03 08:43:11,1
4,114.21813200000001,22.556932,2016-11-03 08:43:12,1
2,114.06353,22.531366000000002,2016-11-03 08:43:15,1
1,114.04733300000001,22.547251,2016-11-03 08:43:17,1
0,114.08778400000001,22.5513,2016-11-03 08:43:26,1
4,114.21813200000001,22.556932,2016-11-03 08:43:27,1
2,114.064819,22.531401000000002,2016-11-03 08:43:30,1
3,114.04066499999999,22.513683,2016-11-03 08:43:32,1
1,114.047348,22.547234,2016-11-03 08:43:32,1
1,114.047348,22.547234,2016-11-03 08:43:40,1
0,114.087769,22.551332000000002,2016-11-03 08:43:41,1
4,114.21813200000001,22.556932,2016-11-03 08:43:42,1
2,114.06696299999999,22.531401000000002,2016-11-03 08:43:45,1
3,114.04066499999999,22.513683,2016-11-03 08:43:52,1
1,114.047615,22.547318,2016-11-03 08:43:55,1
0,114.087769,22.551332000000002,2016-11-03 08:43:56,1
4,114.21813200000001,22.556932,2016-11-03 08:43:57,1
2,114.06948100000001,22.531282,2016-11-03 08:44:08,1
1,114.04763,22.548218,2016-11-03 08:44:10,1
2,114.06946599999999,22.531067,2016-11-03 08:44:09,1
3,114.03966499999999,22.513533,2016-11-03 08:44:12,1
0,114.087769,22.551332000000002,2016-11-03 08:44:11,1
4,114.21813200000001,22.556932,2016-11-03 08:44:12,1
2,114.06821399999998,22.530916,2016-11-03 08:44:23,1
1,114.047653,22.549049,2016-11-03 08:44:25,1
0,114.087769,22.551332000000002,2016-11-03 08:44:26,1
4,114.21813200000001,22.556932,2016-11-03 08:44:27,1
3,114.03921499999998,22.51265,2016-11-03 08:44:32,1
2,114.06823,22.532432999999997,2016-11-03 08:44:38,1
1,114.047531,22.550167000000002,2016-11-03 08:44:40,1
0,114.087814,22.551767,2016-11-03 08:44:41,1
4,114.218781,22.557051,2016-11-03 08:44:42,1
1,114.047798,22.550817000000002,2016-11-03 08:44:48,1
3,114.038948,22.511868,2016-11-03 08:44:52,1
2,114.06828300000001,22.534834,2016-11-03 08:44:53,1
0,114.086899,22.55175,2016-11-03 08:44:56,1
4,114.220482,22.557083,2016-11-03 08:44:57,1
2,114.06826799999999,22.535868,2016-11-03 08:45:00,1
1,114.049019,22.55105,2016-11-03 08:45:03,1
1,114.049599,22.551117,2016-11-03 08:45:09,0
1,114.04978200000001,22.551132,2016-11-03 08:45:11,1
3,114.03721599999999,22.51165,2016-11-03 08:45:12,1
0,114.086502,22.552017000000003,2016-11-03 08:45:11,1
4,114.22251899999999,22.556998999999998,2016-11-03 08:45:12,1
2,114.068184,22.53825,2016-11-03 08:45:15,1
1,114.05048400000001,22.551201000000002,2016-11-03 08:45:26,1
0,114.086479,22.552917,2016-11-03 08:45:26,1
4,114.22368600000001,22.556883,2016-11-03 08:45:27,1
2,114.06808500000001,22.540283,2016-11-03 08:45:30,1
3,114.038147,22.510782,2016-11-03 08:45:32,1
1,114.051666,22.551216,2016-11-03 08:45:41,1
4,114.22368600000001,22.556883,2016-11-03 08:45:42,1
0,114.086418,22.553048999999998,2016-11-03 08:45:41,0
3,114.039566,22.51045,2016-11-03 08:45:52,1
2,114.06752,22.5424,2016-11-03 08:45:45,1
2,114.06752,22.543432,2016-11-03 08:45:54,1
1,114.053947,22.551233,2016-11-03 08:45:56,1
0,114.086418,22.553048999999998,2016-11-03 08:45:56,0
4,114.225586,22.556601,2016-11-03 08:45:57,1
2,114.068352,22.543266,2016-11-03 08:46:09,1
1,114.055901,22.551233,2016-11-03 08:46:11,1
3,114.040848,22.510134,2016-11-03 08:46:12,1
0,114.086418,22.553048999999998,2016-11-03 08:46:11,0
4,114.227699,22.556351,2016-11-03 08:46:12,1
2,114.06783300000001,22.542868,2016-11-03 08:46:17,1
1,114.05718200000001,22.55125,2016-11-03 08:46:26,1
0,114.086197,22.553167000000002,2016-11-03 08:46:26,0
3,114.04186999999999,22.509916,2016-11-03 08:46:32,1
2,114.06536899999999,22.543332999999997,2016-11-03 08:46:32,1
4,114.22847,22.556267000000002,2016-11-03 08:46:27,1
1,114.05735,22.55125,2016-11-03 08:46:41,1
0,114.08548,22.553749,2016-11-03 08:46:41,0
4,114.229698,22.556482,2016-11-03 08:46:42,1
2,114.06313300000001,22.543067999999998,2016-11-03 08:46:47,1
3,114.04231999999999,22.509817,2016-11-03 08:46:52,1
1,114.05733500000001,22.551233,2016-11-03 08:46:56,1
0,114.08493,22.55455,2016-11-03 08:46:56,0
4,114.23148300000001,22.557467000000003,2016-11-03 08:46:57,1
2,114.06163000000001,22.543301,2016-11-03 08:47:02,1
2,114.06105,22.543467,2016-11-03 08:47:10,1
1,114.05731999999999,22.551233,2016-11-03 08:47:11,1
3,114.04333500000001,22.509666,2016-11-03 08:47:12,1
0,114.08461799999999,22.55475,2016-11-03 08:47:11,0
4,114.233047,22.558201,2016-11-03 08:47:12,1
2,114.06057,22.542717,2016-11-03 08:47:25,0
1,114.05841799999999,22.551268,2016-11-03 08:47:26,1
0,114.08436599999999,22.555082000000002,2016-11-03 08:47:26,0
4,114.23380300000001,22.558617,2016-11-03 08:47:27,1
3,114.04450200000001,22.50955,2016-11-03 08:47:32,1
2,114.060547,22.542583,2016-11-03 08:47:33,0
1,114.059982,22.551268,2016-11-03 08:47:41,1
2,114.060204,22.54215,2016-11-03 08:47:40,0
0,114.084419,22.555201,2016-11-03 08:47:41,0
4,114.23380300000001,22.558617,2016-11-03 08:47:42,1
3,114.045731,22.509466,2016-11-03 08:47:52,1
1,114.0616,22.551233,2016-11-03 08:47:56,1
2,114.060432,22.542116,2016-11-03 08:47:55,0
0,114.084846,22.5557,2016-11-03 08:47:56,0
4,114.23380300000001,22.558617,2016-11-03 08:47:57,1
3,114.046516,22.509466,2016-11-03 08:48:12,1
4,114.23380300000001,22.558617,2016-11-03 08:48:12,1
2,114.060181,22.541683,2016-11-03 08:48:10,0
0,114.08558700000002,22.556499,2016-11-03 08:48:11,0
1,114.062248,22.5511,2016-11-03 08:48:11,1
1,114.06233200000001,22.550734,2016-11-03 08:48:19,0
2,114.059937,22.541833999999998,2016-11-03 08:48:25,0
0,114.08661699999999,22.557167,2016-11-03 08:48:26,0
4,114.23380300000001,22.558617,2016-11-03 08:48:27,1
3,114.046967,22.509434,2016-11-03 08:48:32,1
1,114.062347,22.549784,2016-11-03 08:48:34,0
0,114.087181,22.556549,2016-11-03 08:48:41,0
2,114.05905200000001,22.540617,2016-11-03 08:48:40,0
4,114.23380300000001,22.558617,2016-11-03 08:48:42,1
2,114.05886799999999,22.543699,2016-11-03 08:48:49,0
3,114.047699,22.509417000000003,2016-11-03 08:48:52,1
1,114.062202,22.549583,2016-11-03 08:48:49,0
1,114.062233,22.549583,2016-11-03 08:48:57,0
0,114.088348,22.555517000000002,2016-11-03 08:48:56,0
4,114.23455,22.559233,2016-11-03 08:48:57,1
2,114.06008100000001,22.544884,2016-11-03 08:49:03,0
3,114.04861499999998,22.509466,2016-11-03 08:49:12,1
0,114.088631,22.554899,2016-11-03 08:49:11,0
1,114.062149,22.549583,2016-11-03 08:49:12,0
4,114.235634,22.560316,2016-11-03 08:49:12,1
2,114.05996699999999,22.5457,2016-11-03 08:49:19,0
1,114.06195100000001,22.549549,2016-11-03 08:49:20,0
1,114.06195100000001,22.549549,2016-11-03 08:49:21,0
0,114.08873,22.554417,2016-11-03 08:49:26,0
4,114.236984,22.561733,2016-11-03 08:49:27,1
1,114.061668,22.549618,2016-11-03 08:49:28,0
3,114.04961399999999,22.50955,2016-11-03 08:49:32,1
2,114.060303,22.545017,2016-11-03 08:49:34,0
0,114.089684,22.554083,2016-11-03 08:49:41,0
4,114.23813600000001,22.562567,2016-11-03 08:49:42,1
1,114.06115,22.549383,2016-11-03 08:49:42,0
2,114.061752,22.545732,2016-11-03 08:49:49,0
4,114.238251,22.562584,2016-11-03 08:49:50,0
3,114.0504,22.509632,2016-11-03 08:49:52,1
0,114.09005,22.554016,2016-11-03 08:49:56,0
1,114.06073,22.549282,2016-11-03 08:49:58,0
2,114.062798,22.545151,2016-11-03 08:50:04,0
4,114.238251,22.562584,2016-11-03 08:50:05,0
1,114.060387,22.549333999999998,2016-11-03 08:50:06,0
3,114.051048,22.509718,2016-11-03 08:50:12,1
0,114.090134,22.554016,2016-11-03 08:50:11,0
2,114.061966,22.543283,2016-11-03 08:50:19,0
4,114.238251,22.562584,2016-11-03 08:50:20,0
0,114.090149,22.554001,2016-11-03 08:50:26,0
3,114.05158200000001,22.509767999999998,2016-11-03 08:50:32,1
1,114.05912,22.549383,2016-11-03 08:50:30,0
2,114.062698,22.542067000000003,2016-11-03 08:50:34,0
1,114.05886799999999,22.5494,2016-11-03 08:50:36,0
4,114.238869,22.562932999999997,2016-11-03 08:50:35,0
0,114.090446,22.554016,2016-11-03 08:50:41,0
2,114.06273700000001,22.541483,2016-11-03 08:50:49,0
1,114.058647,22.5495,2016-11-03 08:50:51,0
4,114.240181,22.563566,2016-11-03 08:50:50,0
3,114.05158200000001,22.509767999999998,2016-11-03 08:50:52,1
2,114.062798,22.541483,2016-11-03 08:50:57,0
0,114.090446,22.554016,2016-11-03 08:50:56,0
1,114.058632,22.5495,2016-11-03 08:51:06,0
4,114.240517,22.5637,2016-11-03 08:51:05,0
3,114.051903,22.509317000000003,2016-11-03 08:51:12,1
2,114.06286599999999,22.541367,2016-11-03 08:51:12,0
0,114.091049,22.554167,2016-11-03 08:51:12,1
4,114.240402,22.563766,2016-11-03 08:51:20,0
0,114.09106399999999,22.555384,2016-11-03 08:51:27,1
2,114.06289699999999,22.541233,2016-11-03 08:51:27,0
1,114.058586,22.549467,2016-11-03 08:51:29,0
3,114.052132,22.508101,2016-11-03 08:51:32,1
1,114.058586,22.549467,2016-11-03 08:51:30,0
2,114.06291999999999,22.541218,2016-11-03 08:51:35,0
4,114.238998,22.563132999999997,2016-11-03 08:51:35,0
1,114.058586,22.54945,2016-11-03 08:51:37,0
0,114.09101899999999,22.557367000000003,2016-11-03 08:51:42,1
2,114.06289699999999,22.541067,2016-11-03 08:51:50,0
4,114.23733500000002,22.562182999999997,2016-11-03 08:51:50,0
3,114.052353,22.507299,2016-11-03 08:51:52,1
1,114.058586,22.54945,2016-11-03 08:51:52,0
0,114.091003,22.558201,2016-11-03 08:51:57,1
2,114.062798,22.540632000000002,2016-11-03 08:52:05,0
4,114.235634,22.560551,2016-11-03 08:52:05,0
3,114.05228400000001,22.50775,2016-11-03 08:52:07,0
0,114.091003,22.558201,2016-11-03 08:52:12,1
1,114.058586,22.549432999999997,2016-11-03 08:52:15,0
1,114.05856299999999,22.549432999999997,2016-11-03 08:52:16,0
2,114.062836,22.540318,2016-11-03 08:52:20,0
4,114.234482,22.559549,2016-11-03 08:52:20,0
1,114.058517,22.549467,2016-11-03 08:52:23,0
3,114.052269,22.507917000000003,2016-11-03 08:52:27,0
0,114.091003,22.558201,2016-11-03 08:52:27,1
2,114.06363700000001,22.540216,2016-11-03 08:52:35,0
4,114.234482,22.559549,2016-11-03 08:52:35,0
1,114.05781599999999,22.549732000000002,2016-11-03 08:52:38,0
0,114.090919,22.558167,2016-11-03 08:52:42,1
3,114.052269,22.507917000000003,2016-11-03 08:52:47,0
4,114.234482,22.559549,2016-11-03 08:52:50,0
2,114.06368300000001,22.540067999999998,2016-11-03 08:52:49,0
1,114.057503,22.55035,2016-11-03 08:52:53,0
0,114.090919,22.558167,2016-11-03 08:52:57,1
2,114.063721,22.540001,2016-11-03 08:53:05,0
4,114.234482,22.559549,2016-11-03 08:53:05,0
3,114.052048,22.509167,2016-11-03 08:53:07,0
1,114.05819699999999,22.551117,2016-11-03 08:53:08,0
0,114.090919,22.558167,2016-11-03 08:53:12,1
1,114.05856299999999,22.551149,2016-11-03 08:53:16,0
2,114.063698,22.540032999999998,2016-11-03 08:53:20,0
4,114.234482,22.559549,2016-11-03 08:53:20,0
3,114.05186499999999,22.50975,2016-11-03 08:53:27,0
0,114.090919,22.558167,2016-11-03 08:53:27,1
1,114.058968,22.551167,2016-11-03 08:53:31,0
2,114.063698,22.5401,2016-11-03 08:53:35,0
4,114.234482,22.559549,2016-11-03 08:53:35,0
0,114.090919,22.558167,2016-11-03 08:53:42,1
1,114.060547,22.551268,2016-11-03 08:53:46,0
3,114.05186499999999,22.50975,2016-11-03 08:53:47,0
2,114.063698,22.540132999999997,2016-11-03 08:53:50,0
4,114.234482,22.559549,2016-11-03 08:53:50,0
1,114.06123400000001,22.551282999999998,2016-11-03 08:53:54,0
0,114.090919,22.558167,2016-11-03 08:53:57,1
2,114.06381999999999,22.540067999999998,2016-11-03 08:54:05,0
4,114.234482,22.559549,2016-11-03 08:54:05,0
3,114.05214699999999,22.509968,2016-11-03 08:54:07,0
1,114.061699,22.551233,2016-11-03 08:54:09,0
0,114.090919,22.558167,2016-11-03 08:54:12,1
2,114.06376599999999,22.540117000000002,2016-11-03 08:54:20,0
4,114.2341,22.5597,2016-11-03 08:54:20,0
1,114.061752,22.55125,2016-11-03 08:54:24,0
3,114.052567,22.510033,2016-11-03 08:54:27,0
0,114.090584,22.559067000000002,2016-11-03 08:54:27,1
1,114.06176799999999,22.55125,2016-11-03 08:54:32,0
2,114.063736,22.540198999999998,2016-11-03 08:54:35,0
4,114.233635,22.560217,2016-11-03 08:54:35,0
0,114.089752,22.560782999999997,2016-11-03 08:54:42,1
3,114.05381799999999,22.510384,2016-11-03 08:54:47,0
2,114.063736,22.540198999999998,2016-11-03 08:54:50,0
4,114.23331499999999,22.560551,2016-11-03 08:54:50,0
1,114.061783,22.551282999999998,2016-11-03 08:54:55,0
1,114.061783,22.551282999999998,2016-11-03 08:54:56,0
0,114.089684,22.5609,2016-11-03 08:54:57,1
4,114.232803,22.561068,2016-11-03 08:55:05,0
2,114.06368300000001,22.540182,2016-11-03 08:55:03,1
3,114.05433700000002,22.510517,2016-11-03 08:55:07,0
0,114.089684,22.5609,2016-11-03 08:55:12,1
2,114.06356799999999,22.540233999999998,2016-11-03 08:55:14,1
4,114.232285,22.560949,2016-11-03 08:55:20,0
3,114.05433700000002,22.510517,2016-11-03 08:55:27,0
1,114.061798,22.551268,2016-11-03 08:55:25,0
0,114.089684,22.5609,2016-11-03 08:55:27,1
2,114.06358300000001,22.540083,2016-11-03 08:55:29,1
4,114.2314,22.560217,2016-11-03 08:55:35,0
0,114.089684,22.5609,2016-11-03 08:55:42,1
2,114.06353,22.539949,2016-11-03 08:55:44,1
1,114.061783,22.551268,2016-11-03 08:55:42,0
3,114.054581,22.511351,2016-11-03 08:55:47,0
1,114.061783,22.551268,2016-11-03 08:55:48,0
4,114.230797,22.559418,2016-11-03 08:55:50,0
1,114.061996,22.55125,2016-11-03 08:55:56,0
0,114.089767,22.560801,2016-11-03 08:55:57,1
2,114.06356799999999,22.539717,2016-11-03 08:55:59,1
4,114.23162099999999,22.55835,2016-11-03 08:56:05,0
2,114.063553,22.539682,2016-11-03 08:56:07,1
3,114.055481,22.5119,2016-11-03 08:56:07,0
1,114.06286599999999,22.551201000000002,2016-11-03 08:56:11,0
0,114.08901999999999,22.562201,2016-11-03 08:56:12,1
4,114.231682,22.557716,2016-11-03 08:56:20,0
2,114.06358300000001,22.539618,2016-11-03 08:56:22,1
1,114.064003,22.5513,2016-11-03 08:56:26,0
0,114.087997,22.564182000000002,2016-11-03 08:56:27,1
3,114.056068,22.512783,2016-11-03 08:56:27,0
4,114.230453,22.55695,2016-11-03 08:56:35,0
0,114.086983,22.5667,2016-11-03 08:56:42,1
2,114.063148,22.53945,2016-11-03 08:56:37,1
2,114.06289699999999,22.539382999999997,2016-11-03 08:56:45,1
2,114.06289699999999,22.539382999999997,2016-11-03 08:56:46,1
3,114.055733,22.513634,2016-11-03 08:56:47,0
1,114.06531499999998,22.551201000000002,2016-11-03 08:56:41,0
1,114.066048,22.551132,2016-11-03 08:56:49,0
4,114.22921799999999,22.556482,2016-11-03 08:56:50,0
0,114.085899,22.5688,2016-11-03 08:56:57,1
2,114.06289699999999,22.538616,2016-11-03 08:57:00,1
4,114.22813400000001,22.556383,2016-11-03 08:57:06,0
3,114.055733,22.513634,2016-11-03 08:57:07,0
1,114.06765,22.550716,2016-11-03 08:57:13,0
0,114.084549,22.570717000000002,2016-11-03 08:57:12,1
2,114.06304899999999,22.537466000000002,2016-11-03 08:57:15,1
1,114.06768000000001,22.550034,2016-11-03 08:57:19,0
4,114.226547,22.556566,2016-11-03 08:57:21,0
3,114.05583200000001,22.514067,2016-11-03 08:57:27,0
0,114.08388500000001,22.571301000000002,2016-11-03 08:57:27,1
2,114.060051,22.536617,2016-11-03 08:57:30,1
1,114.067764,22.54735,2016-11-03 08:57:34,0
4,114.224632,22.556801,2016-11-03 08:57:36,0
1,114.06781799999999,22.546167,2016-11-03 08:57:42,0
0,114.08323700000001,22.571733,2016-11-03 08:57:42,1
2,114.060654,22.537582,2016-11-03 08:57:45,1
3,114.05718200000001,22.514833,2016-11-03 08:57:47,0
4,114.222885,22.557068,2016-11-03 08:57:51,0
1,114.06766499999999,22.544317000000003,2016-11-03 08:57:57,0
0,114.082314,22.572132,2016-11-03 08:57:57,1
2,114.05931899999999,22.537582,2016-11-03 08:58:00,1
3,114.05484799999999,22.518083999999998,2016-11-03 09:04:48,0
1,114.068298,22.5317,2016-11-03 09:04:48,1
4,114.224686,22.552517,2016-11-03 09:04:51,0
2,114.05117,22.545151,2016-11-03 09:04:54,0
0,114.0392,22.562317,2016-11-03 09:04:57,1
2,114.05111699999999,22.545134,2016-11-03 09:05:09,0
4,114.22345,22.5525,2016-11-03 09:05:06,0
1,114.06913,22.532784,2016-11-03 09:05:11,1
0,114.040154,22.561916,2016-11-03 09:05:12,1
3,114.05484799999999,22.518083999999998,2016-11-03 09:05:08,0
1,114.06918300000001,22.532766,2016-11-03 09:05:17,1
4,114.22271699999999,22.553217,2016-11-03 09:05:21,0
2,114.051147,22.545151,2016-11-03 09:05:24,0
3,114.05484799999999,22.518083999999998,2016-11-03 09:05:28,0
0,114.04033700000001,22.561317000000003,2016-11-03 09:05:27,1
1,114.069397,22.532383,2016-11-03 09:05:32,1
4,114.221581,22.554333,2016-11-03 09:05:36,0
2,114.051216,22.5452,2016-11-03 09:05:39,0
0,114.03921499999998,22.560984,2016-11-03 09:05:42,1
1,114.069336,22.532217000000003,2016-11-03 09:05:47,1
3,114.05484799999999,22.518083999999998,2016-11-03 09:05:48,0
4,114.22098500000001,22.554832,2016-11-03 09:05:51,0
2,114.051216,22.545218,2016-11-03 09:05:54,0
1,114.06921399999999,22.532066,2016-11-03 09:05:54,1
0,114.03842900000001,22.5611,2016-11-03 09:05:57,1
3,114.05484799999999,22.518083999999998,2016-11-03 09:06:08,0
4,114.22197,22.553917000000002,2016-11-03 09:06:06,0
2,114.051201,22.546618,2016-11-03 09:06:09,0
0,114.03798700000002,22.561199,2016-11-03 09:06:12,0
1,114.067947,22.5319,2016-11-03 09:06:18,1
1,114.067947,22.5319,2016-11-03 09:06:19,1
4,114.22305300000001,22.552868,2016-11-03 09:06:21,0
2,114.05111699999999,22.547832,2016-11-03 09:06:24,0
1,114.06707,22.5319,2016-11-03 09:06:26,1
3,114.05484799999999,22.518083999999998,2016-11-03 09:06:28,0
0,114.03793300000001,22.561216,2016-11-03 09:06:27,0
4,114.22316699999999,22.552767000000003,2016-11-03 09:06:36,0
2,114.051147,22.549084,2016-11-03 09:06:39,0
1,114.06568100000001,22.531882999999997,2016-11-03 09:06:41,1
0,114.03773500000001,22.561332999999998,2016-11-03 09:06:42,0
3,114.05484799999999,22.518083999999998,2016-11-03 09:06:48,0
4,114.22316699999999,22.552767000000003,2016-11-03 09:06:51,0
2,114.051201,22.5492,2016-11-03 09:06:54,0
1,114.064568,22.531834,2016-11-03 09:06:56,1
0,114.03743,22.561234,2016-11-03 09:06:57,1
4,114.223579,22.552334,2016-11-03 09:07:06,0
3,114.05484799999999,22.518083999999998,2016-11-03 09:07:08,0
2,114.051048,22.549351,2016-11-03 09:07:09,0
1,114.06308,22.5319,2016-11-03 09:07:11,1
0,114.03778100000001,22.561199,2016-11-03 09:07:12,1
4,114.22471599999999,22.5511,2016-11-03 09:07:21,0
2,114.05003400000001,22.549333999999998,2016-11-03 09:07:24,0
1,114.060783,22.531918,2016-11-03 09:07:26,1
3,114.05484799999999,22.518083999999998,2016-11-03 09:07:28,0
0,114.03836799999999,22.5611,2016-11-03 09:07:27,1
4,114.22591399999999,22.549717,2016-11-03 09:07:36,0
2,114.04911799999999,22.549383,2016-11-03 09:07:39,0
1,114.058701,22.53175,2016-11-03 09:07:41,1
0,114.039383,22.560883,2016-11-03 09:07:42,1
3,114.05484799999999,22.518083999999998,2016-11-03 09:07:48,0
4,114.22678400000001,22.548717,2016-11-03 09:07:51,0
2,114.04808,22.5494,2016-11-03 09:07:54,0
1,114.05594599999999,22.531601000000002,2016-11-03 09:07:56,1
0,114.040283,22.561199,2016-11-03 09:07:57,1
4,114.22726399999999,22.548616,2016-11-03 09:08:06,0
3,114.05484799999999,22.518083999999998,2016-11-03 09:08:08,0
2,114.047653,22.549717,2016-11-03 09:08:09,0
1,114.05356599999999,22.531549,2016-11-03 09:08:11,1
0,114.040466,22.561466,2016-11-03 09:08:12,1
1,114.05218500000001,22.531517,2016-11-03 09:08:19,1
4,114.22798200000001,22.54895,2016-11-03 09:08:21,0
2,114.047852,22.550767999999998,2016-11-03 09:08:24,0
3,114.05484799999999,22.518083999999998,2016-11-03 09:08:28,0
0,114.040421,22.561617000000002,2016-11-03 09:08:27,1
2,114.048203,22.551018,2016-11-03 09:08:32,0
1,114.04916399999999,22.53145,2016-11-03 09:08:34,1
4,114.228752,22.549101,2016-11-03 09:08:36,0
0,114.040283,22.561884,2016-11-03 09:08:42,1
3,114.05558,22.51865,2016-11-03 09:08:48,0
1,114.046448,22.531401000000002,2016-11-03 09:08:49,1
2,114.050018,22.550983,2016-11-03 09:08:47,0
4,114.22928600000002,22.549667000000003,2016-11-03 09:08:51,0
0,114.04068000000001,22.56185,2016-11-03 09:08:57,1
2,114.05018600000001,22.550949,2016-11-03 09:09:02,0
1,114.04348,22.53125,2016-11-03 09:09:04,1
4,114.229446,22.550734,2016-11-03 09:09:06,0
3,114.058136,22.519484,2016-11-03 09:09:08,0
0,114.04173300000001,22.56035,2016-11-03 09:09:12,1
2,114.050331,22.550966,2016-11-03 09:09:17,0
1,114.04093200000001,22.531017000000002,2016-11-03 09:09:19,1
4,114.22961399999998,22.551451,2016-11-03 09:09:21,0
1,114.039452,22.530867,2016-11-03 09:09:27,1
3,114.05835,22.519448999999998,2016-11-03 09:09:28,0
2,114.05061299999998,22.551001,2016-11-03 09:09:32,0
0,114.042847,22.558267999999998,2016-11-03 09:09:27,1
4,114.22961399999998,22.551451,2016-11-03 09:09:36,0
0,114.043419,22.557333,2016-11-03 09:09:42,1
2,114.05061299999998,22.550983,2016-11-03 09:09:47,0
3,114.05835,22.519448999999998,2016-11-03 09:09:48,0
1,114.03463,22.530382,2016-11-03 09:09:50,1
1,114.03463,22.530382,2016-11-03 09:09:51,1
1,114.033134,22.530251,2016-11-03 09:09:58,1
0,114.04348,22.55735,2016-11-03 09:09:57,1
3,114.05853300000001,22.519716,2016-11-03 09:10:07,1
2,114.050652,22.550983,2016-11-03 09:10:02,0
4,114.22961399999998,22.551451,2016-11-03 09:09:51,0
4,114.22973600000002,22.552151000000002,2016-11-03 09:10:06,0
1,114.030403,22.5303,2016-11-03 09:10:13,1
0,114.04348,22.55735,2016-11-03 09:10:12,1
2,114.05068200000001,22.551018,2016-11-03 09:10:17,0
4,114.23006399999998,22.553232,2016-11-03 09:10:21,0
1,114.027634,22.530832,2016-11-03 09:10:28,1
0,114.04348,22.55735,2016-11-03 09:10:27,1
2,114.05085,22.550632,2016-11-03 09:10:31,0
3,114.058899,22.519899,2016-11-03 09:10:27,1
4,114.23011799999999,22.5541,2016-11-03 09:10:36,0
0,114.04348,22.55735,2016-11-03 09:10:42,1
1,114.025398,22.531467000000003,2016-11-03 09:10:43,1
3,114.05698400000001,22.51915,2016-11-03 09:10:47,1
2,114.05088,22.550516000000002,2016-11-03 09:10:47,0
1,114.02451299999998,22.531851,2016-11-03 09:10:51,1
4,114.23008,22.554632,2016-11-03 09:10:51,0
0,114.04348,22.55735,2016-11-03 09:10:57,1
2,114.050964,22.550532999999998,2016-11-03 09:11:02,0
1,114.02338400000001,22.532017,2016-11-03 09:11:06,1
4,114.230003,22.555283,2016-11-03 09:11:06,0
3,114.053497,22.518333,2016-11-03 09:11:07,1
0,114.04371599999999,22.556816,2016-11-03 09:11:12,1
2,114.05093400000001,22.550532999999998,2016-11-03 09:11:17,0
1,114.02228500000001,22.532301,2016-11-03 09:11:21,1
3,114.05108600000001,22.518368,2016-11-03 09:11:27,1
0,114.04405200000001,22.555401,2016-11-03 09:11:27,1
1,114.02168300000001,22.532316,2016-11-03 09:11:29,1
2,114.05086499999999,22.550367,2016-11-03 09:11:32,0
2,114.050835,22.550367,2016-11-03 09:11:40,0
0,114.04412099999999,22.553301,2016-11-03 09:11:42,1
1,114.020653,22.532351000000002,2016-11-03 09:11:44,1
3,114.05118600000002,22.520733,2016-11-03 09:11:47,1
2,114.050781,22.550333,2016-11-03 09:11:55,0
0,114.04413600000001,22.551933,2016-11-03 09:11:57,1
1,114.020119,22.5327,2016-11-03 09:11:59,1
4,114.229599,22.555782,2016-11-03 09:11:21,0
4,114.229599,22.555782,2016-11-03 09:11:36,0
4,114.229599,22.555782,2016-11-03 09:11:51,0
4,114.229599,22.555782,2016-11-03 09:12:06,0
3,114.051414,22.524282,2016-11-03 09:12:07,1
2,114.05085,22.550318,2016-11-03 09:12:10,0
0,114.04413600000001,22.551832,2016-11-03 09:12:12,1
1,114.019897,22.533768,2016-11-03 09:12:14,1
4,114.229599,22.555782,2016-11-03 09:12:21,0
2,114.05085,22.550301,2016-11-03 09:12:25,0
0,114.04413600000001,22.551832,2016-11-03 09:12:27,1
4,114.229599,22.555782,2016-11-03 09:12:36,0
1,114.01968400000001,22.534666,2016-11-03 09:12:31,1
1,114.01961499999999,22.535017,2016-11-03 09:12:37,1
2,114.05098000000001,22.55035,2016-11-03 09:12:40,0
0,114.04409799999999,22.551132,2016-11-03 09:12:42,1
3,114.051498,22.525118,2016-11-03 09:12:27,1
3,114.051498,22.525118,2016-11-03 09:12:47,1
4,114.229599,22.555782,2016-11-03 09:12:51,0
1,114.019348,22.53595,2016-11-03 09:12:52,1
2,114.05088,22.550333,2016-11-03 09:12:55,0
0,114.04412099999999,22.551067,2016-11-03 09:12:57,1
4,114.229599,22.555782,2016-11-03 09:13:06,0
3,114.051498,22.525118,2016-11-03 09:13:07,1
1,114.019051,22.535917,2016-11-03 09:13:07,1
2,114.05081899999999,22.550248999999997,2016-11-03 09:13:10,0
0,114.04412099999999,22.551067,2016-11-03 09:13:12,1
1,114.01878400000001,22.535917,2016-11-03 09:13:14,0
4,114.229599,22.555782,2016-11-03 09:13:21,0
2,114.05081899999999,22.550234,2016-11-03 09:13:25,0
3,114.051414,22.526951,2016-11-03 09:13:27,1
0,114.04412099999999,22.551067,2016-11-03 09:13:27,1
1,114.01873,22.535917,2016-11-03 09:13:30,0
2,114.050835,22.550217,2016-11-03 09:13:33,0
4,114.229599,22.555782,2016-11-03 09:13:36,0
1,114.01873,22.535917,2016-11-03 09:13:38,0
0,114.04412099999999,22.551067,2016-11-03 09:13:42,1
2,114.050919,22.550167000000002,2016-11-03 09:13:49,1
4,114.22906499999999,22.556084,2016-11-03 09:13:51,0
1,114.01868400000001,22.535868,2016-11-03 09:13:53,0
0,114.04409799999999,22.550516000000002,2016-11-03 09:13:57,1
2,114.050949,22.5499,2016-11-03 09:14:04,1
4,114.228104,22.555349,2016-11-03 09:14:06,0
1,114.018768,22.535101,2016-11-03 09:14:08,0
0,114.044182,22.548468,2016-11-03 09:14:12,1
2,114.050964,22.549882999999998,2016-11-03 09:14:19,1
4,114.22748600000001,22.554951000000003,2016-11-03 09:14:21,0
1,114.01815,22.53475,2016-11-03 09:14:23,0
2,114.050949,22.549833,2016-11-03 09:14:33,1
4,114.22748600000001,22.554951000000003,2016-11-03 09:14:36,0
1,114.016632,22.534482999999998,2016-11-03 09:14:38,0
2,114.05098000000001,22.5495,2016-11-03 09:14:49,1
4,114.22748600000001,22.554951000000003,2016-11-03 09:14:51,0
1,114.01548000000001,22.534416,2016-11-03 09:15:01,0
1,114.01543400000001,22.534433,2016-11-03 09:15:02,0
2,114.05113200000001,22.550034,2016-11-03 09:15:04,1
4,114.22748600000001,22.554951000000003,2016-11-03 09:15:06,0
1,114.015152,22.534482999999998,2016-11-03 09:15:09,0
2,114.051147,22.550933999999998,2016-11-03 09:15:19,1
4,114.227203,22.554701,2016-11-03 09:15:21,0
1,114.014168,22.535017,2016-11-03 09:15:24,0
2,114.051781,22.551117,2016-11-03 09:15:34,1
4,114.22603600000001,22.55365,2016-11-03 09:15:36,0
1,114.013481,22.537268,2016-11-03 09:15:47,0
1,114.01358,22.537416,2016-11-03 09:15:48,0
2,114.054367,22.551216,2016-11-03 09:15:49,1
4,114.224602,22.5525,2016-11-03 09:15:51,0
0,114.04438,22.531799,2016-11-03 09:16:00,1
0,114.04438,22.531682999999997,2016-11-03 09:16:02,1
1,114.01456499999999,22.537717999999998,2016-11-03 09:16:02,0
2,114.05698400000001,22.55125,2016-11-03 09:16:04,1
4,114.22348000000001,22.552584,2016-11-03 09:16:06,0
0,114.044418,22.530817000000003,2016-11-03 09:16:14,1
1,114.015717,22.538082,2016-11-03 09:16:17,0
2,114.057617,22.551282999999998,2016-11-03 09:16:19,1
4,114.22242,22.553534,2016-11-03 09:16:21,0
3,114.04236599999999,22.531233,2016-11-03 09:16:27,1
0,114.043503,22.53055,2016-11-03 09:16:29,1
1,114.016098,22.538168,2016-11-03 09:16:32,0
2,114.05758700000001,22.551268,2016-11-03 09:16:34,1
4,114.22133600000001,22.554648999999998,2016-11-03 09:16:36,0
0,114.04383100000001,22.531098999999998,2016-11-03 09:16:44,1
1,114.01673100000001,22.53825,2016-11-03 09:16:47,0
2,114.05763200000001,22.551216,2016-11-03 09:16:49,1
3,114.038597,22.5308,2016-11-03 09:16:47,1
4,114.22053500000001,22.555467999999998,2016-11-03 09:16:51,0
0,114.04531899999999,22.531218,2016-11-03 09:16:59,1
1,114.01746399999999,22.538334,2016-11-03 09:17:02,0
2,114.058853,22.551216,2016-11-03 09:17:04,1
4,114.21970400000001,22.55625,2016-11-03 09:17:06,0
3,114.035118,22.530416,2016-11-03 09:17:07,1
0,114.047119,22.531218,2016-11-03 09:17:14,1
1,114.01866899999999,22.538549,2016-11-03 09:17:17,0
2,114.06116499999999,22.551268,2016-11-03 09:17:19,1
4,114.219353,22.556499,2016-11-03 09:17:21,0
0,114.04881999999999,22.53125,2016-11-03 09:17:29,1
2,114.061501,22.551317,2016-11-03 09:17:34,1
3,114.03146399999999,22.530184,2016-11-03 09:17:27,1
4,114.219353,22.556499,2016-11-03 09:17:36,0
1,114.018951,22.538099,2016-11-03 09:17:26,0
1,114.018997,22.537782999999997,2016-11-03 09:17:33,0
1,114.019051,22.537582,2016-11-03 09:17:41,0
1,114.019066,22.5375,2016-11-03 09:17:42,0
0,114.051247,22.531233,2016-11-03 09:17:44,1
2,114.06147,22.5513,2016-11-03 09:17:49,1
3,114.02787,22.530767,2016-11-03 09:17:47,1
4,114.219353,22.556499,2016-11-03 09:17:51,0
1,114.019081,22.5366,2016-11-03 09:17:56,0
0,114.0532,22.531334,2016-11-03 09:17:59,1
2,114.061501,22.551317,2016-11-03 09:18:04,1
4,114.219353,22.556499,2016-11-03 09:18:06,0
3,114.024147,22.531733,2016-11-03 09:18:07,1
1,114.01923400000001,22.536367000000002,2016-11-03 09:18:11,0
0,114.055481,22.531349,2016-11-03 09:18:14,1
2,114.061485,22.5513,2016-11-03 09:18:19,1
4,114.21896399999999,22.556932,2016-11-03 09:18:21,0
1,114.019302,22.536217,2016-11-03 09:18:26,0
3,114.020416,22.5322,2016-11-03 09:18:27,1
0,114.057419,22.531317,2016-11-03 09:18:29,1
2,114.061485,22.551317,2016-11-03 09:18:34,1
4,114.217949,22.557234,2016-11-03 09:18:36,0
1,114.01988200000001,22.536066,2016-11-03 09:18:41,0
0,114.05978400000001,22.53125,2016-11-03 09:18:44,1
3,114.017632,22.531717,2016-11-03 09:18:47,1
2,114.061485,22.5513,2016-11-03 09:18:49,1
4,114.216881,22.55735,2016-11-03 09:18:51,0
1,114.02116399999998,22.536483999999998,2016-11-03 09:18:56,0
0,114.062202,22.531401000000002,2016-11-03 09:18:59,1
1,114.021736,22.536467000000002,2016-11-03 09:19:04,0
2,114.061501,22.551317,2016-11-03 09:19:04,1
4,114.215897,22.55735,2016-11-03 09:19:06,0
3,114.01568600000002,22.531317,2016-11-03 09:19:07,1
0,114.06368300000001,22.531567000000003,2016-11-03 09:19:14,1
2,114.06154599999999,22.551332000000002,2016-11-03 09:19:19,1
1,114.022102,22.536118,2016-11-03 09:19:19,0
4,114.21508,22.557217,2016-11-03 09:19:21,0
0,114.064163,22.531717,2016-11-03 09:19:29,1
2,114.062233,22.551268,2016-11-03 09:19:34,1
1,114.02220200000001,22.535351000000002,2016-11-03 09:19:34,0
4,114.21408100000001,22.556998999999998,2016-11-03 09:19:37,0
1,114.022148,22.5352,2016-11-03 09:19:42,0
0,114.065933,22.531532000000002,2016-11-03 09:19:44,1
3,114.01523600000002,22.532232,2016-11-03 09:19:27,1
3,114.01556399999998,22.53355,2016-11-03 09:19:47,1
2,114.06251499999999,22.551832,2016-11-03 09:19:49,1
4,114.21408100000001,22.556998999999998,2016-11-03 09:19:52,0
1,114.022003,22.53525,2016-11-03 09:19:57,0
0,114.06723000000001,22.530666,2016-11-03 09:19:59,1
2,114.06248500000001,22.552933,2016-11-03 09:20:04,1
4,114.21408100000001,22.556998999999998,2016-11-03 09:20:07,0
3,114.01433600000001,22.5347,2016-11-03 09:20:07,1
1,114.021965,22.535316,2016-11-03 09:20:12,0
4,114.21408100000001,22.556998999999998,2016-11-03 09:20:22,0
0,114.06796999999999,22.529083,2016-11-03 09:20:14,1
1,114.022034,22.535383,2016-11-03 09:20:27,0
2,114.062752,22.555149,2016-11-03 09:20:27,1
3,114.013016,22.536282999999997,2016-11-03 09:20:27,1
0,114.06736799999999,22.527651000000002,2016-11-03 09:20:29,1
4,114.21408100000001,22.556998999999998,2016-11-03 09:20:37,0
1,114.022079,22.535467,2016-11-03 09:20:42,0
2,114.062698,22.556351,2016-11-03 09:20:42,1
0,114.066254,22.525382999999998,2016-11-03 09:20:44,1
3,114.01178,22.537848999999998,2016-11-03 09:20:47,1
2,114.062653,22.557617,2016-11-03 09:20:50,1
4,114.21408100000001,22.556998999999998,2016-11-03 09:20:52,0
1,114.022079,22.535032,2016-11-03 09:20:57,0
0,114.06521599999999,22.523533,2016-11-03 09:20:59,1
2,114.062599,22.560133,2016-11-03 09:21:05,1
4,114.21408100000001,22.556998999999998,2016-11-03 09:21:07,0
1,114.02256799999999,22.534933,2016-11-03 09:21:12,0
0,114.066032,22.5226,2016-11-03 09:21:14,1
1,114.023048,22.534983,2016-11-03 09:21:20,0
2,114.06258400000002,22.56205,2016-11-03 09:21:20,1
4,114.21408100000001,22.556998999999998,2016-11-03 09:21:22,0
0,114.06788600000002,22.522133,2016-11-03 09:21:29,1
1,114.023949,22.535101,2016-11-03 09:21:35,0
2,114.062752,22.563633,2016-11-03 09:21:35,1
4,114.21408100000001,22.556998999999998,2016-11-03 09:21:37,0
2,114.06271399999999,22.564332999999998,2016-11-03 09:21:43,1
0,114.067848,22.521017,2016-11-03 09:21:44,1
1,114.024368,22.534451,2016-11-03 09:21:50,0
4,114.21408100000001,22.556998999999998,2016-11-03 09:21:52,0
2,114.06255300000001,22.565582,2016-11-03 09:21:58,1
0,114.067802,22.520884,2016-11-03 09:21:59,1
1,114.02469599999999,22.533167000000002,2016-11-03 09:22:05,0
4,114.21408100000001,22.556998999999998,2016-11-03 09:22:07,0
2,114.06248500000001,22.56715,2016-11-03 09:22:13,1
0,114.068069,22.521584,2016-11-03 09:22:14,1
1,114.02503200000001,22.5324,2016-11-03 09:22:20,0
3,114.011803,22.538816,2016-11-03 09:21:07,1
4,114.21408100000001,22.556998999999998,2016-11-03 09:22:22,0
2,114.062386,22.568768,2016-11-03 09:22:28,1
0,114.06815300000001,22.521732,2016-11-03 09:22:29,0
4,114.21408100000001,22.556998999999998,2016-11-03 09:22:37,0
3,114.011032,22.537717999999998,2016-11-03 09:21:27,1
1,114.02600100000001,22.530251,2016-11-03 09:22:43,0
2,114.06203500000001,22.56995,2016-11-03 09:22:43,1
1,114.026169,22.530033,2016-11-03 09:22:44,0
0,114.068253,22.522066,2016-11-03 09:22:44,0
3,114.008247,22.537167,2016-11-03 09:21:47,1
3,114.008232,22.537167,2016-11-03 09:22:07,1
3,114.006699,22.536949,2016-11-03 09:22:27,1
3,114.006447,22.536917000000003,2016-11-03 09:22:47,1
2,114.061966,22.5704,2016-11-03 09:22:50,1
4,114.21408100000001,22.556998999999998,2016-11-03 09:22:52,0
3,114.006248,22.537083,2016-11-03 09:22:53,0
0,114.06783300000001,22.522217,2016-11-03 09:22:59,0
1,114.027679,22.528816,2016-11-03 09:22:58,0
2,114.061668,22.571533,2016-11-03 09:23:05,1
4,114.21408100000001,22.556998999999998,2016-11-03 09:23:07,0
3,114.006248,22.537083,2016-11-03 09:23:13,0
2,114.06141699999999,22.57235,2016-11-03 09:23:20,1
1,114.030266,22.5273,2016-11-03 09:23:22,0
4,114.21408100000001,22.556998999999998,2016-11-03 09:23:22,0
3,114.006248,22.537083,2016-11-03 09:23:33,0
0,114.06583400000001,22.5228,2016-11-03 09:23:14,0
1,114.031219,22.5268,2016-11-03 09:23:28,0
0,114.06517,22.5236,2016-11-03 09:23:29,0
2,114.061249,22.57325,2016-11-03 09:23:35,1
4,114.21408100000001,22.556998999999998,2016-11-03 09:23:37,0
1,114.033134,22.525783999999998,2016-11-03 09:23:43,0
0,114.06601699999999,22.524267000000002,2016-11-03 09:23:44,0
2,114.060898,22.574984,2016-11-03 09:23:50,1
1,114.034035,22.525351,2016-11-03 09:23:51,0
4,114.21408100000001,22.556998999999998,2016-11-03 09:23:52,0
0,114.065987,22.524233,2016-11-03 09:23:59,0
4,114.21408100000001,22.556998999999998,2016-11-03 09:24:07,0
1,114.035881,22.524267000000002,2016-11-03 09:24:06,0
2,114.060585,22.57655,2016-11-03 09:24:05,1
2,114.060387,22.577433,2016-11-03 09:24:14,1
0,114.06633000000001,22.524117,2016-11-03 09:24:14,0
4,114.21408100000001,22.556998999999998,2016-11-03 09:24:22,0
2,114.059418,22.579532999999998,2016-11-03 09:24:29,1
0,114.066383,22.524117,2016-11-03 09:24:29,0
3,114.006134,22.537867000000002,2016-11-03 09:23:53,0
4,114.21408100000001,22.556998999999998,2016-11-03 09:24:37,0
3,114.00515,22.538067,2016-11-03 09:24:13,0
3,114.00408200000001,22.537701000000002,2016-11-03 09:24:33,0
2,114.05853300000001,22.581118,2016-11-03 09:24:44,1
0,114.066383,22.524117,2016-11-03 09:24:44,0
4,114.19315300000001,22.556566,2016-11-03 09:24:51,0
3,114.0028,22.537518,2016-11-03 09:24:53,0
0,114.066383,22.524117,2016-11-03 09:24:59,0
4,114.19288600000002,22.556549,2016-11-03 09:25:06,0
0,114.066383,22.524117,2016-11-03 09:25:14,0
4,114.191948,22.556299,2016-11-03 09:25:21,0
1,114.037148,22.523617,2016-11-03 09:24:21,0
1,114.037186,22.5236,2016-11-03 09:24:29,0
1,114.03716999999999,22.5236,2016-11-03 09:24:30,0
0,114.066383,22.524117,2016-11-03 09:25:29,0
1,114.03803300000001,22.523782999999998,2016-11-03 09:25:30,0
4,114.191498,22.556182999999997,2016-11-03 09:25:36,0
1,114.03836799999999,22.524166,2016-11-03 09:25:39,0
0,114.066452,22.524117,2016-11-03 09:25:44,0
4,114.19017,22.556017,2016-11-03 09:25:52,0
1,114.03886399999999,22.5245,2016-11-03 09:25:54,0
0,114.066483,22.524117,2016-11-03 09:25:59,0
4,114.1884,22.556,2016-11-03 09:26:06,0
1,114.03939799999999,22.524467,2016-11-03 09:26:09,0
0,114.066666,22.524067000000002,2016-11-03 09:26:14,0
2,114.05838,22.581432,2016-11-03 09:25:15,1
2,114.05838,22.581432,2016-11-03 09:25:23,1
2,114.05838,22.581432,2016-11-03 09:25:24,1
2,114.05838,22.581432,2016-11-03 09:25:38,1
4,114.186516,22.556048999999998,2016-11-03 09:26:21,0
2,114.05838,22.581432,2016-11-03 09:25:45,1
1,114.040398,22.523733,2016-11-03 09:26:24,0
0,114.066666,22.524067000000002,2016-11-03 09:26:29,0
4,114.18458600000001,22.556182999999997,2016-11-03 09:26:36,0
1,114.04101599999998,22.523582,2016-11-03 09:26:39,0
0,114.066666,22.524067000000002,2016-11-03 09:26:44,0
4,114.182686,22.55665,2016-11-03 09:26:52,0
1,114.04213,22.5231,2016-11-03 09:26:54,0
0,114.066666,22.524067000000002,2016-11-03 09:26:59,0
4,114.18098400000001,22.557699,2016-11-03 09:27:06,0
2,114.04338100000001,22.5963,2016-11-03 09:27:08,1
1,114.042381,22.523083,2016-11-03 09:27:09,0
2,114.04311399999999,22.596466,2016-11-03 09:27:10,1
0,114.066666,22.524067000000002,2016-11-03 09:27:14,0
2,114.04173300000001,22.596933,2016-11-03 09:27:18,1
4,114.18013,22.55835,2016-11-03 09:27:22,0
4,114.18013,22.55835,2016-11-03 09:27:27,1
2,114.039452,22.597417999999998,2016-11-03 09:27:33,1
0,114.066666,22.524067000000002,2016-11-03 09:27:29,0
4,114.179382,22.559084,2016-11-03 09:27:42,1
0,114.066666,22.524067000000002,2016-11-03 09:27:44,0
2,114.03811599999999,22.598748999999998,2016-11-03 09:27:48,1
4,114.178032,22.559998999999998,2016-11-03 09:27:57,1
0,114.066666,22.524067000000002,2016-11-03 09:27:59,0
2,114.036285,22.600567,2016-11-03 09:28:03,1
4,114.176064,22.561367,2016-11-03 09:28:12,1
0,114.066666,22.524067000000002,2016-11-03 09:28:14,0
2,114.034752,22.601967000000002,2016-11-03 09:28:18,1
4,114.17428600000001,22.562416,2016-11-03 09:28:27,1
0,114.066666,22.524067000000002,2016-11-03 09:28:29,0
2,114.034035,22.602716,2016-11-03 09:28:33,1
4,114.171783,22.562932999999997,2016-11-03 09:28:42,1
0,114.066666,22.524067000000002,2016-11-03 09:28:44,0
2,114.032303,22.604584,2016-11-03 09:28:48,1
4,114.16856399999999,22.562901,2016-11-03 09:28:57,1
0,114.066666,22.524067000000002,2016-11-03 09:28:59,0
1,114.042953,22.523782999999998,2016-11-03 09:27:24,0
2,114.03043400000001,22.606501,2016-11-03 09:29:05,1
1,114.04293100000001,22.5238,2016-11-03 09:27:32,0
1,114.0429,22.523782999999998,2016-11-03 09:27:34,0
2,114.03006699999999,22.606867,2016-11-03 09:29:10,1
4,114.16556499999999,22.562817000000003,2016-11-03 09:29:12,1
0,114.066666,22.524067000000002,2016-11-03 09:29:14,0
4,114.16278100000001,22.562799,2016-11-03 09:29:27,1
2,114.029099,22.607917999999998,2016-11-03 09:29:25,1
0,114.066666,22.524067000000002,2016-11-03 09:29:29,0
2,114.02811399999999,22.609333,2016-11-03 09:29:40,1
4,114.16003400000001,22.562267000000002,2016-11-03 09:29:42,1
0,114.06678000000001,22.523968,2016-11-03 09:29:44,0
4,114.15763100000001,22.561132,2016-11-03 09:29:57,1
2,114.026703,22.611168,2016-11-03 09:29:55,1
0,114.06680300000001,22.523968,2016-11-03 09:29:58,0
2,114.026703,22.611168,2016-11-03 09:30:10,1
0,114.06680300000001,22.523968,2016-11-03 09:30:14,0
4,114.15581499999999,22.559798999999998,2016-11-03 09:30:12,1
3,114.01411399999999,22.537733,2016-11-03 09:30:26,1
2,114.026703,22.611168,2016-11-03 09:30:25,1
4,114.154785,22.559017,2016-11-03 09:30:27,1
0,114.06680300000001,22.523968,2016-11-03 09:30:29,0
2,114.020103,22.617148999999998,2016-11-03 09:30:40,1
4,114.15338100000001,22.557899,2016-11-03 09:30:42,1
0,114.067101,22.523933,2016-11-03 09:30:44,0
3,114.01786799999999,22.53845,2016-11-03 09:30:46,1
4,114.15176399999999,22.5567,2016-11-03 09:30:57,1
0,114.06736799999999,22.523867000000003,2016-11-03 09:30:59,0
4,114.149635,22.556084,2016-11-03 09:31:12,1
0,114.067398,22.523849,2016-11-03 09:31:14,0
1,114.04458600000001,22.532017,2016-11-03 09:31:16,1
1,114.04458600000001,22.532017,2016-11-03 09:31:17,1
1,114.04458600000001,22.532351000000002,2016-11-03 09:31:18,1
1,114.04456299999998,22.533033,2016-11-03 09:31:23,1
4,114.14720200000001,22.555634,2016-11-03 09:31:27,1
0,114.067497,22.5238,2016-11-03 09:31:29,0
1,114.044518,22.535784,2016-11-03 09:31:38,1
4,114.14418,22.555567,2016-11-03 09:31:42,1
0,114.067497,22.5238,2016-11-03 09:31:44,0
1,114.044518,22.537184,2016-11-03 09:31:46,1
4,114.14168500000001,22.555849,2016-11-03 09:31:57,1
0,114.067497,22.5238,2016-11-03 09:31:59,0
1,114.044518,22.538982,2016-11-03 09:32:01,1
0,114.067497,22.5238,2016-11-03 09:32:14,0
1,114.04512,22.539467000000002,2016-11-03 09:32:16,1
4,114.139748,22.557033999999998,2016-11-03 09:32:12,1
4,114.137833,22.556433,2016-11-03 09:32:27,1
0,114.067497,22.5238,2016-11-03 09:32:29,0
1,114.046318,22.5396,2016-11-03 09:32:31,1
3,114.020981,22.539118,2016-11-03 09:31:06,1
4,114.13851899999999,22.554916,2016-11-03 09:32:42,1
3,114.02453600000001,22.539633,2016-11-03 09:31:26,1
0,114.067497,22.5238,2016-11-03 09:32:44,0
3,114.028351,22.540167,2016-11-03 09:31:46,1
3,114.030418,22.540449,2016-11-03 09:32:06,1
3,114.03157,22.540649,2016-11-03 09:32:26,1
3,114.034218,22.5411,2016-11-03 09:32:46,1
1,114.04733300000001,22.539499,2016-11-03 09:32:46,1
1,114.04766799999999,22.539082999999998,2016-11-03 09:32:54,1
4,114.138535,22.553383,2016-11-03 09:32:57,1
0,114.067497,22.5238,2016-11-03 09:32:59,0
1,114.04871399999999,22.539248999999998,2016-11-03 09:33:02,1
3,114.03743,22.5417,2016-11-03 09:33:06,1
0,114.067497,22.5238,2016-11-03 09:33:14,0
2,114.023849,22.623751000000002,2016-11-03 09:33:15,1
1,114.049034,22.539499,2016-11-03 09:33:17,0
4,114.137199,22.551233,2016-11-03 09:33:12,1
1,114.049034,22.539818,2016-11-03 09:33:25,0
4,114.135818,22.549084,2016-11-03 09:33:27,1
0,114.067734,22.523817,2016-11-03 09:33:29,0
3,114.04111499999999,22.542282,2016-11-03 09:33:26,1
2,114.0242,22.624132,2016-11-03 09:33:30,1
2,114.024216,22.624933,2016-11-03 09:33:38,1
4,114.13438400000001,22.547117,2016-11-03 09:33:42,1
3,114.044533,22.542417999999998,2016-11-03 09:33:46,1
1,114.04920200000001,22.5404,2016-11-03 09:33:40,0
0,114.06786299999999,22.523733,2016-11-03 09:33:44,0
1,114.04916399999999,22.540882,2016-11-03 09:33:55,0
2,114.02426899999999,22.625317000000003,2016-11-03 09:33:53,0
4,114.132599,22.545834,2016-11-03 09:33:57,1
0,114.067947,22.523666,2016-11-03 09:33:59,0
3,114.04726399999998,22.542433,2016-11-03 09:34:06,1
2,114.024231,22.625299,2016-11-03 09:34:08,0
1,114.049416,22.540982999999997,2016-11-03 09:34:10,0
4,114.130302,22.544532999999998,2016-11-03 09:34:12,1
0,114.067947,22.523666,2016-11-03 09:34:14,0
2,114.02424599999999,22.625282000000002,2016-11-03 09:34:23,0
1,114.05023200000001,22.54015,2016-11-03 09:34:25,0
3,114.047432,22.542433,2016-11-03 09:34:26,1
4,114.128304,22.543467,2016-11-03 09:34:27,1
0,114.06819899999999,22.523632,2016-11-03 09:34:29,0
2,114.02426899999999,22.625668,2016-11-03 09:34:38,0
1,114.050453,22.539284,2016-11-03 09:34:40,0
4,114.12656399999999,22.542732,2016-11-03 09:34:42,1
0,114.06819899999999,22.523632,2016-11-03 09:34:44,0
2,114.024216,22.625767,2016-11-03 09:34:53,0
3,114.04871399999999,22.5429,2016-11-03 09:34:46,1
1,114.050568,22.538483,2016-11-03 09:34:56,1
4,114.12455,22.541567,2016-11-03 09:34:57,1
0,114.06819899999999,22.523632,2016-11-03 09:34:59,0
2,114.024231,22.625816,2016-11-03 09:35:00,0
3,114.051666,22.542732,2016-11-03 09:35:06,1
1,114.05085,22.537782999999997,2016-11-03 09:35:11,1
4,114.123497,22.540968,2016-11-03 09:35:12,1
0,114.068367,22.523701000000003,2016-11-03 09:35:14,0
2,114.024185,22.625784,2016-11-03 09:35:15,0
1,114.051231,22.53755,2016-11-03 09:35:26,1
3,114.054581,22.542133,2016-11-03 09:35:26,1
0,114.068367,22.523701000000003,2016-11-03 09:35:29,0
4,114.12321499999999,22.5408,2016-11-03 09:35:27,1
2,114.024185,22.625784,2016-11-03 09:35:30,0
2,114.024185,22.625784,2016-11-03 09:35:39,0
1,114.05131499999999,22.5373,2016-11-03 09:35:41,1
4,114.122948,22.540518,2016-11-03 09:35:42,1
0,114.068367,22.523701000000003,2016-11-03 09:35:44,0
3,114.058098,22.542633,2016-11-03 09:35:46,1
2,114.024185,22.625784,2016-11-03 09:35:54,0
1,114.05098000000001,22.538134,2016-11-03 09:35:56,1
4,114.12207,22.539867,2016-11-03 09:35:57,1
0,114.068367,22.523701000000003,2016-11-03 09:35:59,0
2,114.024185,22.625799,2016-11-03 09:36:09,0
1,114.051018,22.538366,2016-11-03 09:36:10,1
3,114.06241599999998,22.542667,2016-11-03 09:36:06,1
0,114.068436,22.523849,2016-11-03 09:36:14,0
4,114.121201,22.539267000000002,2016-11-03 09:36:12,1
2,114.024185,22.625834,2016-11-03 09:36:24,0
1,114.05111699999999,22.538549,2016-11-03 09:36:26,1
4,114.12046799999999,22.538883,2016-11-03 09:36:27,1
0,114.068436,22.523849,2016-11-03 09:36:29,0
2,114.024185,22.625868,2016-11-03 09:36:39,0
1,114.051369,22.5397,2016-11-03 09:36:41,1
4,114.11948400000001,22.5392,2016-11-03 09:36:42,1
0,114.06831399999999,22.523916,2016-11-03 09:36:44,0
2,114.024216,22.625882999999998,2016-11-03 09:36:54,0
1,114.051353,22.541833999999998,2016-11-03 09:36:56,1
4,114.11851499999999,22.54015,2016-11-03 09:36:57,1
0,114.06831399999999,22.523916,2016-11-03 09:36:59,0
2,114.024231,22.625882999999998,2016-11-03 09:37:02,0
3,114.06678000000001,22.542767,2016-11-03 09:36:27,1
3,114.07060200000001,22.54285,2016-11-03 09:36:47,1
3,114.073669,22.542982000000002,2016-11-03 09:37:06,1
1,114.051353,22.543882,2016-11-03 09:37:11,1
0,114.06819899999999,22.524082,2016-11-03 09:37:14,0
4,114.11741599999999,22.539801,2016-11-03 09:37:12,1
2,114.024185,22.625868,2016-11-03 09:37:17,0
1,114.05158200000001,22.54525,2016-11-03 09:37:26,1
3,114.07553100000001,22.542999,2016-11-03 09:37:27,1
4,114.11588300000001,22.539267000000002,2016-11-03 09:37:27,1
0,114.06819899999999,22.524082,2016-11-03 09:37:29,0
2,114.02408600000001,22.6259,2016-11-03 09:37:32,0
1,114.05306999999999,22.54545,2016-11-03 09:37:41,1
0,114.06819899999999,22.524082,2016-11-03 09:37:44,0
3,114.07553100000001,22.542999,2016-11-03 09:37:47,1
4,114.11393000000001,22.538517000000002,2016-11-03 09:37:42,1
2,114.023918,22.626417,2016-11-03 09:37:47,0
1,114.054901,22.545366,2016-11-03 09:37:56,1
0,114.06819899999999,22.524082,2016-11-03 09:37:59,0
4,114.11178600000001,22.538017,2016-11-03 09:37:57,1
2,114.023468,22.627684,2016-11-03 09:38:02,0
1,114.055901,22.545401000000002,2016-11-03 09:38:11,1
3,114.07553100000001,22.542999,2016-11-03 09:38:07,1
4,114.1091,22.537649,2016-11-03 09:38:12,1
0,114.068184,22.523832000000002,2016-11-03 09:38:14,0
2,114.02343,22.627684,2016-11-03 09:38:17,0
1,114.05731999999999,22.545433,2016-11-03 09:38:26,1
3,114.076935,22.543051000000002,2016-11-03 09:38:27,1
4,114.10666699999999,22.537083,2016-11-03 09:38:27,1
0,114.06801599999999,22.523817,2016-11-03 09:38:29,0
2,114.02348300000001,22.627666,2016-11-03 09:38:32,0
1,114.057503,22.545401000000002,2016-11-03 09:38:41,1
4,114.105103,22.537767000000002,2016-11-03 09:38:42,1
0,114.06788600000002,22.523849,2016-11-03 09:38:44,0
3,114.07973500000001,22.543266,2016-11-03 09:38:47,1
2,114.023399,22.6278,2016-11-03 09:38:47,0
1,114.05796799999999,22.545417999999998,2016-11-03 09:38:56,1
4,114.105934,22.538567,2016-11-03 09:38:57,1
0,114.06783300000001,22.523849,2016-11-03 09:38:59,0
2,114.02338400000001,22.627684,2016-11-03 09:39:02,0
1,114.058502,22.545433,2016-11-03 09:39:04,1
3,114.08159599999999,22.543516,2016-11-03 09:39:07,1
4,114.10686499999998,22.540001,2016-11-03 09:39:12,1
0,114.067467,22.524033,2016-11-03 09:39:16,1
2,114.023766,22.626117999999998,2016-11-03 09:39:17,0
1,114.059219,22.545616,2016-11-03 09:39:19,1
3,114.08159599999999,22.543516,2016-11-03 09:39:27,1
4,114.10681899999999,22.540916,2016-11-03 09:39:27,1
2,114.02383400000001,22.624983,2016-11-03 09:39:32,0
1,114.059532,22.545616,2016-11-03 09:39:34,0
4,114.10681899999999,22.540916,2016-11-03 09:39:42,1
0,114.067551,22.524517000000003,2016-11-03 09:39:30,1
0,114.06701699999999,22.525167,2016-11-03 09:39:44,1
2,114.02381899999999,22.624416,2016-11-03 09:39:47,0
1,114.059715,22.5457,2016-11-03 09:39:49,0
3,114.084534,22.543266,2016-11-03 09:39:47,1
2,114.023849,22.624332,2016-11-03 09:39:55,0
4,114.10681899999999,22.540916,2016-11-03 09:39:57,1
0,114.06723000000001,22.526117000000003,2016-11-03 09:39:59,1
1,114.059753,22.54595,2016-11-03 09:40:04,0
3,114.08856999999999,22.543417,2016-11-03 09:40:07,1
2,114.023918,22.624332,2016-11-03 09:40:09,0
4,114.10681899999999,22.540916,2016-11-03 09:40:12,1
0,114.06796999999999,22.528098999999997,2016-11-03 09:40:14,1
1,114.06008100000001,22.54595,2016-11-03 09:40:19,0
2,114.02386499999999,22.624384,2016-11-03 09:40:19,0
2,114.023804,22.624517,2016-11-03 09:40:25,0
3,114.09196499999999,22.543484,2016-11-03 09:40:27,1
4,114.10681899999999,22.540916,2016-11-03 09:40:27,1
0,114.06828300000001,22.530018,2016-11-03 09:40:29,1
1,114.060181,22.54595,2016-11-03 09:40:34,0
2,114.023849,22.624582,2016-11-03 09:40:40,0
1,114.060181,22.545868,2016-11-03 09:40:42,0
4,114.106117,22.541332,2016-11-03 09:40:42,1
4,114.106117,22.541332,2016-11-03 09:40:43,0
3,114.093719,22.543383,2016-11-03 09:40:47,1
1,114.060501,22.5455,2016-11-03 09:40:57,0
2,114.023903,22.624634,2016-11-03 09:40:55,0
4,114.106117,22.541332,2016-11-03 09:40:58,0
0,114.068253,22.532118,2016-11-03 09:40:44,1
0,114.06819899999999,22.534032999999997,2016-11-03 09:40:59,1
3,114.09553500000001,22.54335,2016-11-03 09:41:07,1
1,114.06161499999999,22.545633,2016-11-03 09:41:12,0
2,114.02386499999999,22.624599,2016-11-03 09:41:10,0
4,114.10563700000002,22.541267,2016-11-03 09:41:13,0
0,114.068169,22.536266,2016-11-03 09:41:14,1
2,114.02386499999999,22.6241,2016-11-03 09:41:25,1
3,114.09768700000001,22.543449,2016-11-03 09:41:27,1
4,114.104881,22.540867000000002,2016-11-03 09:41:27,0
1,114.062431,22.545218,2016-11-03 09:41:27,0
0,114.06813000000001,22.538632999999997,2016-11-03 09:41:29,1
2,114.02381899999999,22.624332,2016-11-03 09:41:40,1
0,114.068382,22.540951,2016-11-03 09:41:44,1
1,114.062614,22.543182,2016-11-03 09:41:44,0
4,114.10479699999999,22.540417,2016-11-03 09:41:43,0
3,114.098831,22.543417,2016-11-03 09:41:47,1
1,114.062653,22.542467000000002,2016-11-03 09:41:50,0
2,114.024033,22.624434,2016-11-03 09:41:55,1
4,114.105202,22.540267999999998,2016-11-03 09:41:58,0
0,114.068901,22.542182999999998,2016-11-03 09:41:59,1
1,114.06266799999999,22.541401,2016-11-03 09:41:59,0
1,114.062767,22.540567000000003,2016-11-03 09:42:05,0
3,114.099998,22.543432,2016-11-03 09:42:07,1
2,114.024033,22.624399,2016-11-03 09:42:10,1
4,114.105202,22.540267999999998,2016-11-03 09:42:13,0
0,114.068665,22.544233,2016-11-03 09:42:14,1
4,114.105202,22.540267999999998,2016-11-03 09:42:15,1
2,114.02407099999999,22.62385,2016-11-03 09:42:25,1
1,114.062798,22.539351,2016-11-03 09:42:20,0
3,114.10202,22.5438,2016-11-03 09:42:27,1
0,114.068001,22.546183,2016-11-03 09:42:29,1
4,114.10613300000001,22.539551,2016-11-03 09:42:30,1
1,114.06282,22.539101000000002,2016-11-03 09:42:35,0
2,114.024414,22.621901,2016-11-03 09:42:40,1
0,114.068031,22.5467,2016-11-03 09:42:44,1
4,114.106003,22.538782,2016-11-03 09:42:45,1
3,114.10416399999998,22.544184,2016-11-03 09:42:47,1
1,114.062836,22.538601,2016-11-03 09:42:50,0
2,114.024597,22.620567,2016-11-03 09:42:55,1
0,114.068031,22.5467,2016-11-03 09:42:59,1
4,114.104332,22.538483,2016-11-03 09:43:00,1
1,114.062851,22.537582,2016-11-03 09:43:04,0
3,114.10583500000001,22.544148999999997,2016-11-03 09:43:07,1
2,114.02456699999999,22.62055,2016-11-03 09:43:10,1
4,114.102318,22.538383,2016-11-03 09:43:15,1
0,114.068031,22.5467,2016-11-03 09:43:14,1
1,114.06273700000001,22.537083,2016-11-03 09:43:20,0
2,114.02475,22.619882999999998,2016-11-03 09:43:25,1
3,114.10873400000001,22.545017,2016-11-03 09:43:27,1
4,114.099998,22.5383,2016-11-03 09:43:30,1
0,114.068031,22.5467,2016-11-03 09:43:29,1
1,114.062653,22.536699,2016-11-03 09:43:35,0
2,114.02546699999999,22.618116,2016-11-03 09:43:40,1
0,114.06801599999999,22.546833,2016-11-03 09:43:44,1
4,114.09783200000001,22.538267,2016-11-03 09:43:45,1
3,114.11118300000001,22.545834,2016-11-03 09:43:47,1
1,114.062569,22.535517000000002,2016-11-03 09:43:50,0
2,114.02604699999999,22.617067000000002,2016-11-03 09:43:55,1
0,114.067986,22.547951,2016-11-03 09:43:59,1
4,114.09601599999999,22.538183,2016-11-03 09:44:00,1
1,114.06278200000001,22.534166,2016-11-03 09:44:05,0
3,114.112633,22.546301,2016-11-03 09:44:07,1
2,114.02561999999999,22.616516,2016-11-03 09:44:09,1
4,114.09353600000001,22.538151,2016-11-03 09:44:15,1
0,114.067947,22.549282,2016-11-03 09:44:14,1
1,114.06286599999999,22.532167,2016-11-03 09:44:20,0
2,114.02362099999999,22.615368,2016-11-03 09:44:25,1
3,114.114166,22.546534,2016-11-03 09:44:27,1
0,114.067947,22.549868,2016-11-03 09:44:29,1
4,114.090797,22.538134,2016-11-03 09:44:30,1
2,114.022415,22.6147,2016-11-03 09:44:33,1
1,114.06289699999999,22.530367000000002,2016-11-03 09:44:35,0
1,114.062881,22.529716,2016-11-03 09:44:43,0
4,114.087997,22.53755,2016-11-03 09:44:45,1
0,114.06796999999999,22.5499,2016-11-03 09:44:44,1
3,114.115852,22.5464,2016-11-03 09:44:47,1
2,114.01986699999999,22.613332999999997,2016-11-03 09:44:49,1
1,114.062798,22.528917,2016-11-03 09:44:58,0
0,114.06796999999999,22.5499,2016-11-03 09:44:59,1
4,114.08521999999999,22.537434,2016-11-03 09:45:00,1
2,114.017784,22.61235,2016-11-03 09:45:03,1
3,114.115936,22.546417,2016-11-03 09:45:07,1
1,114.062836,22.52825,2016-11-03 09:45:13,0
0,114.067986,22.549917,2016-11-03 09:45:14,1
4,114.08373300000001,22.537416,2016-11-03 09:45:15,1
2,114.01531999999999,22.611267,2016-11-03 09:45:18,1
3,114.116547,22.546368,2016-11-03 09:45:27,1
1,114.062599,22.527932999999997,2016-11-03 09:45:28,0
4,114.082901,22.537399,2016-11-03 09:45:30,1
2,114.01387,22.608967,2016-11-03 09:45:33,1
3,114.117065,22.546633,2016-11-03 09:45:47,1
4,114.08243600000002,22.537399,2016-11-03 09:45:45,1
1,114.06203500000001,22.527849,2016-11-03 09:45:42,0
4,114.081703,22.5373,2016-11-03 09:46:00,1
1,114.061996,22.527718,2016-11-03 09:45:51,0
1,114.061798,22.527651000000002,2016-11-03 09:46:00,0
1,114.06176799999999,22.527582000000002,2016-11-03 09:46:06,0
3,114.11681399999999,22.547649,2016-11-03 09:46:07,1
0,114.067902,22.554701,2016-11-03 09:45:59,1
0,114.06788600000002,22.556433,2016-11-03 09:46:14,1
4,114.080597,22.53685,2016-11-03 09:46:15,1
1,114.06047099999999,22.527599,2016-11-03 09:46:22,1
3,114.11666899999999,22.54785,2016-11-03 09:46:27,1
2,114.01321399999999,22.608017,2016-11-03 09:45:42,1
2,114.01231399999999,22.607332,2016-11-03 09:45:49,1
2,114.011536,22.606832999999998,2016-11-03 09:45:55,1
2,114.010551,22.606068,2016-11-03 09:46:05,1
2,114.009697,22.605133,2016-11-03 09:46:13,1
2,114.00908700000001,22.604401,2016-11-03 09:46:20,1
2,114.00886499999999,22.604151,2016-11-03 09:46:22,1
0,114.067902,22.557333,2016-11-03 09:46:29,1
4,114.079765,22.5362,2016-11-03 09:46:30,1
1,114.059952,22.527634,2016-11-03 09:46:30,1
1,114.059952,22.527634,2016-11-03 09:46:31,1
2,114.007103,22.602551000000002,2016-11-03 09:46:35,1
1,114.05931899999999,22.527517,2016-11-03 09:46:38,1
0,114.067917,22.557432000000002,2016-11-03 09:46:44,1
4,114.0793,22.53565,2016-11-03 09:46:45,1
3,114.11696599999999,22.548,2016-11-03 09:46:47,1
2,114.00554699999999,22.601368,2016-11-03 09:46:50,1
1,114.059349,22.526583,2016-11-03 09:46:52,1
0,114.067917,22.557432000000002,2016-11-03 09:46:59,1
4,114.07906299999999,22.535282000000002,2016-11-03 09:47:00,1
2,114.004135,22.599768,2016-11-03 09:47:05,1
3,114.117798,22.547716,2016-11-03 09:47:07,1
1,114.05931899999999,22.526532999999997,2016-11-03 09:47:08,1
0,114.067917,22.557432000000002,2016-11-03 09:47:14,1
1,114.059303,22.526532999999997,2016-11-03 09:47:16,1
4,114.078598,22.534384,2016-11-03 09:47:15,1
2,114.003983,22.59955,2016-11-03 09:47:20,1
3,114.117798,22.547716,2016-11-03 09:47:27,1
0,114.067917,22.557432000000002,2016-11-03 09:47:29,1
4,114.078346,22.533934,2016-11-03 09:47:30,1
1,114.05925,22.526382,2016-11-03 09:47:30,1
2,114.003914,22.599483,2016-11-03 09:47:35,1
0,114.067917,22.557432000000002,2016-11-03 09:47:44,1
1,114.059402,22.5256,2016-11-03 09:47:46,1
4,114.077919,22.533068,2016-11-03 09:47:45,1
3,114.11916399999998,22.547483,2016-11-03 09:47:47,1
2,114.00383000000001,22.599417000000003,2016-11-03 09:47:50,1
0,114.067917,22.557432000000002,2016-11-03 09:47:59,1
4,114.077133,22.532118,2016-11-03 09:48:00,1
1,114.0597,22.52445,2016-11-03 09:48:01,1
2,114.00331899999999,22.5987,2016-11-03 09:48:05,1
3,114.121002,22.547684,2016-11-03 09:48:07,1
1,114.05976899999999,22.524282,2016-11-03 09:48:09,1
3,114.12148300000001,22.547783,2016-11-03 09:48:15,0
0,114.067917,22.557432000000002,2016-11-03 09:48:14,1
4,114.07638500000002,22.531866,2016-11-03 09:48:15,1
2,114.00193,22.597134,2016-11-03 09:48:20,1
1,114.05981399999999,22.5243,2016-11-03 09:48:24,1
0,114.067917,22.557432000000002,2016-11-03 09:48:29,1
1,114.05981399999999,22.524282,2016-11-03 09:48:32,1
4,114.074753,22.531834,2016-11-03 09:48:30,1
3,114.121498,22.5478,2016-11-03 09:48:35,0
2,114.00008400000002,22.59515,2016-11-03 09:48:35,1
4,114.073196,22.531834,2016-11-03 09:48:45,1
0,114.067917,22.557432000000002,2016-11-03 09:48:44,1
1,114.059799,22.52425,2016-11-03 09:48:47,1
0,114.067917,22.557432000000002,2016-11-03 09:48:59,1
3,114.121498,22.5478,2016-11-03 09:48:55,0
4,114.07177,22.531799,2016-11-03 09:49:00,1
1,114.059753,22.52425,2016-11-03 09:49:02,1
2,113.998901,22.594316,2016-11-03 09:48:43,1
2,113.99718500000002,22.593451,2016-11-03 09:48:53,1
2,113.996399,22.5931,2016-11-03 09:48:59,1
2,113.99569699999999,22.592716,2016-11-03 09:49:07,1
2,113.99569699999999,22.592716,2016-11-03 09:49:08,1
0,114.06788600000002,22.55855,2016-11-03 09:49:14,1
2,113.995415,22.592417,2016-11-03 09:49:15,1
4,114.06950400000001,22.531767000000002,2016-11-03 09:49:15,1
3,114.12218500000002,22.548117,2016-11-03 09:49:15,0
1,114.05988300000001,22.524134,2016-11-03 09:49:17,1
1,114.059952,22.523767000000003,2016-11-03 09:49:25,1
2,113.99416399999998,22.5919,2016-11-03 09:49:30,1
0,114.067802,22.560066,2016-11-03 09:49:29,1
4,114.066551,22.53175,2016-11-03 09:49:30,1
3,114.12218500000002,22.548117,2016-11-03 09:49:35,0
3,114.12218500000002,22.548117,2016-11-03 09:49:36,1
1,114.06008100000001,22.522783,2016-11-03 09:49:40,1
0,114.06774899999999,22.561951,2016-11-03 09:49:44,1
4,114.063553,22.531682999999997,2016-11-03 09:49:45,1
2,113.99213400000001,22.591984,2016-11-03 09:49:45,1
2,113.99106599999999,22.591534,2016-11-03 09:49:53,1
2,113.99106599999999,22.591534,2016-11-03 09:49:54,1
3,114.12363400000001,22.548651,2016-11-03 09:49:56,1
0,114.06768000000001,22.563882999999997,2016-11-03 09:49:59,1
1,114.06023400000001,22.521917000000002,2016-11-03 09:49:55,1
4,114.06073,22.531668,2016-11-03 09:50:00,1
2,113.989319,22.590616,2016-11-03 09:50:08,1
1,114.06033300000001,22.521549,2016-11-03 09:50:03,1
1,114.06053200000001,22.521334,2016-11-03 09:50:12,1
0,114.06766499999999,22.566167999999998,2016-11-03 09:50:14,1
3,114.12442,22.548883,2016-11-03 09:50:16,1
1,114.06057,22.521383,2016-11-03 09:50:18,1
2,113.98701499999999,22.589701,2016-11-03 09:50:23,1
0,114.06770300000001,22.56785,2016-11-03 09:50:29,1
1,114.060616,22.521433,2016-11-03 09:50:33,1
3,114.12505300000001,22.548967,2016-11-03 09:50:36,1
2,113.98613,22.589333,2016-11-03 09:50:38,1
0,114.06768000000001,22.56905,2016-11-03 09:50:44,1
1,114.060616,22.52145,2016-11-03 09:50:48,1
2,113.985901,22.589233,2016-11-03 09:50:53,1
3,114.12505300000001,22.548967,2016-11-03 09:50:56,1
0,114.067551,22.570316000000002,2016-11-03 09:50:59,1
1,114.060631,22.5214,2016-11-03 09:51:03,1
2,113.985703,22.589184,2016-11-03 09:51:08,1
1,114.060837,22.521032,2016-11-03 09:51:11,1
3,114.12505300000001,22.548967,2016-11-03 09:51:16,1
0,114.067497,22.57185,2016-11-03 09:51:14,1
2,113.985703,22.589117,2016-11-03 09:51:23,1
1,114.061798,22.520184,2016-11-03 09:51:26,1
4,114.057953,22.531584,2016-11-03 09:50:15,1
4,114.055481,22.531532000000002,2016-11-03 09:50:30,1
3,114.12505300000001,22.548967,2016-11-03 09:51:36,1
2,113.985649,22.589117,2016-11-03 09:51:38,1
0,114.067314,22.573833,2016-11-03 09:51:29,1
0,114.066231,22.57605,2016-11-03 09:51:44,1
4,114.040848,22.531017000000002,2016-11-03 09:51:50,1
2,113.98558,22.589132,2016-11-03 09:51:53,1
1,114.062614,22.519582999999997,2016-11-03 09:51:49,1
3,114.125748,22.549432999999997,2016-11-03 09:51:56,1
1,114.06263,22.519567000000002,2016-11-03 09:51:50,1
1,114.06266799999999,22.51955,2016-11-03 09:51:57,1
2,113.984932,22.58885,2016-11-03 09:52:08,1
0,114.06433100000001,22.577382999999998,2016-11-03 09:51:59,1
1,114.06263,22.51955,2016-11-03 09:52:12,1
4,114.03836799999999,22.53075,2016-11-03 09:52:05,1
0,114.06143200000001,22.578117000000002,2016-11-03 09:52:14,1
3,114.12586999999999,22.550632,2016-11-03 09:52:16,1
4,114.03566699999999,22.530466,2016-11-03 09:52:20,1
2,113.98494699999999,22.5888,2016-11-03 09:52:23,1
1,114.06273700000001,22.519533,2016-11-03 09:52:27,1
0,114.058548,22.578417,2016-11-03 09:52:29,1
3,114.12588500000001,22.552601,2016-11-03 09:52:36,1
4,114.032997,22.530199,2016-11-03 09:52:35,1
2,113.98494699999999,22.5888,2016-11-03 09:52:38,1
1,114.062698,22.51955,2016-11-03 09:52:35,1
1,114.06263,22.519567000000002,2016-11-03 09:52:50,1
4,114.03035,22.530251,2016-11-03 09:52:50,1
2,113.98494699999999,22.588818,2016-11-03 09:52:53,1
2,113.983452,22.583717,2016-11-03 09:59:40,1
0,114.049751,22.645468,2016-11-03 09:59:41,1
1,114.063217,22.52585,2016-11-03 09:59:43,1
1,114.063271,22.526417000000002,2016-11-03 09:59:49,1
4,113.953499,22.523582,2016-11-03 09:59:50,1
2,113.983452,22.583717,2016-11-03 09:59:55,1
0,114.04993400000001,22.6486,2016-11-03 09:59:56,1
3,114.135902,22.566732000000002,2016-11-03 09:59:57,1
1,114.06318700000001,22.527866,2016-11-03 10:00:04,1
4,113.95093500000002,22.523867000000003,2016-11-03 10:00:05,1
2,113.98768600000001,22.568233,2016-11-03 10:00:10,1
0,114.049797,22.651768,2016-11-03 10:00:11,1
3,114.136948,22.56765,2016-11-03 10:00:17,1
1,114.063148,22.528917,2016-11-03 10:00:19,1
4,113.94823500000001,22.524166,2016-11-03 10:00:20,1
2,113.98732,22.566732000000002,2016-11-03 10:00:25,1
1,114.063065,22.5294,2016-11-03 10:00:27,1
0,114.049667,22.655199,2016-11-03 10:00:26,1
4,113.945053,22.524467,2016-11-03 10:00:35,1
3,114.137833,22.568533,2016-11-03 10:00:37,1
2,113.986717,22.56575,2016-11-03 10:00:40,1
0,114.049553,22.658466,2016-11-03 10:00:41,1
1,114.063034,22.530932999999997,2016-11-03 10:00:42,1
4,113.941864,22.524532,2016-11-03 10:00:50,1
2,113.985519,22.56485,2016-11-03 10:00:55,1
3,114.138046,22.569098999999998,2016-11-03 10:00:57,1
0,114.05003400000001,22.661382999999997,2016-11-03 10:00:56,1
1,114.06296499999999,22.532784,2016-11-03 10:00:57,1
4,113.939102,22.524668,2016-11-03 10:01:05,1
2,113.9841,22.563917,2016-11-03 10:01:10,1
1,114.06295,22.534401000000003,2016-11-03 10:01:12,1
0,114.050316,22.661516,2016-11-03 10:01:11,1
3,114.13723,22.569117000000002,2016-11-03 10:01:17,1
0,114.050316,22.661516,2016-11-03 10:01:26,1
1,114.063004,22.534533,2016-11-03 10:01:27,1
3,114.136581,22.569433,2016-11-03 10:01:32,0
4,113.936501,22.524798999999998,2016-11-03 10:01:20,1
2,113.983131,22.560568,2016-11-03 10:01:34,1
0,114.051064,22.661333,2016-11-03 10:01:41,1
1,114.062836,22.535116,2016-11-03 10:01:42,1
2,113.98307,22.559683,2016-11-03 10:01:40,1
1,114.06278200000001,22.535717,2016-11-03 10:01:50,1
4,113.933784,22.524834,2016-11-03 10:01:35,1
4,113.93081699999999,22.524866,2016-11-03 10:01:50,1
3,114.136581,22.569433,2016-11-03 10:01:52,0
2,113.981583,22.558232999999998,2016-11-03 10:01:55,1
0,114.051781,22.6612,2016-11-03 10:01:56,1
1,114.06273700000001,22.536882000000002,2016-11-03 10:02:05,1
4,113.929367,22.52545,2016-11-03 10:02:05,1
2,113.97928600000002,22.557751,2016-11-03 10:02:10,1
3,114.13773300000001,22.568983,2016-11-03 10:02:12,0
0,114.051781,22.6612,2016-11-03 10:02:11,1
1,114.062798,22.537283,2016-11-03 10:02:20,1
4,113.92987099999999,22.526768,2016-11-03 10:02:20,1
2,113.97723400000001,22.557266000000002,2016-11-03 10:02:25,1
0,114.051781,22.6612,2016-11-03 10:02:26,1
3,114.136749,22.567751,2016-11-03 10:02:32,0
1,114.062836,22.537268,2016-11-03 10:02:35,1
4,113.930054,22.527233,2016-11-03 10:02:35,1
2,113.97658500000001,22.557167,2016-11-03 10:02:40,1
0,114.051781,22.6612,2016-11-03 10:02:41,1
1,114.062836,22.537268,2016-11-03 10:02:50,1
4,113.930153,22.527651000000002,2016-11-03 10:02:50,1
3,114.13563500000001,22.566517,2016-11-03 10:02:52,0
2,113.97548700000002,22.556883,2016-11-03 10:02:55,1
0,114.051781,22.6612,2016-11-03 10:02:56,1
1,114.06286599999999,22.537283,2016-11-03 10:03:05,1
4,113.929901,22.527201,2016-11-03 10:03:05,1
3,114.13486499999999,22.565468,2016-11-03 10:03:12,0
0,114.051781,22.6612,2016-11-03 10:03:11,1
2,113.971901,22.557318,2016-11-03 10:03:19,1
1,114.06296499999999,22.53735,2016-11-03 10:03:20,1
4,113.929268,22.525766,2016-11-03 10:03:20,1
3,114.13486499999999,22.565468,2016-11-03 10:03:22,1
0,114.051781,22.6612,2016-11-03 10:03:26,1
2,113.96988700000001,22.557882,2016-11-03 10:03:34,1
1,114.063019,22.537399,2016-11-03 10:03:35,1
4,113.928482,22.523832000000002,2016-11-03 10:03:35,1
3,114.13386499999999,22.564516,2016-11-03 10:03:42,1
0,114.051781,22.6612,2016-11-03 10:03:41,1
2,113.969284,22.558901000000002,2016-11-03 10:03:42,1
1,114.06308,22.537533,2016-11-03 10:03:50,1
4,113.927917,22.521967,2016-11-03 10:03:50,1
0,114.05208600000002,22.661182,2016-11-03 10:03:56,1
2,113.967751,22.5602,2016-11-03 10:03:57,1
3,114.13316299999998,22.563732,2016-11-03 10:04:02,1
1,114.06296499999999,22.538667999999998,2016-11-03 10:04:05,1
4,113.927719,22.520582,2016-11-03 10:04:05,1
0,114.052315,22.662132,2016-11-03 10:04:10,1
2,113.964134,22.557699,2016-11-03 10:04:12,1
1,114.06295,22.541134,2016-11-03 10:04:20,1
4,113.927582,22.520184,2016-11-03 10:04:20,1
2,113.96293600000001,22.557617,2016-11-03 10:04:20,1
3,114.132301,22.56275,2016-11-03 10:04:22,1
0,114.05248300000001,22.663317000000003,2016-11-03 10:04:26,1
1,114.062881,22.543516,2016-11-03 10:04:35,1
2,113.96228,22.558968,2016-11-03 10:04:35,1
4,113.927551,22.518998999999997,2016-11-03 10:04:35,1
3,114.131149,22.56205,2016-11-03 10:04:42,1
0,114.05248300000001,22.663317000000003,2016-11-03 10:04:41,1
1,114.062798,22.544701,2016-11-03 10:04:43,1
1,114.062767,22.54505,2016-11-03 10:04:45,1
4,113.92748300000001,22.5175,2016-11-03 10:04:50,1
1,114.062698,22.546049,2016-11-03 10:04:51,1
0,114.05248300000001,22.663317000000003,2016-11-03 10:04:56,1
3,114.128403,22.561083,2016-11-03 10:05:02,1
1,114.062798,22.547333,2016-11-03 10:05:06,1
2,113.96196699999999,22.559299,2016-11-03 10:05:05,1
4,113.927536,22.51565,2016-11-03 10:05:05,1
0,114.05248300000001,22.663317000000003,2016-11-03 10:05:11,1
2,113.961929,22.558567,2016-11-03 10:05:13,1
1,114.062836,22.547318,2016-11-03 10:05:14,1
3,114.12611399999999,22.559732,2016-11-03 10:05:22,1
0,114.052582,22.663567,2016-11-03 10:05:26,1
2,113.961731,22.5569,2016-11-03 10:05:28,1
1,114.062851,22.547318,2016-11-03 10:05:29,1
2,113.961548,22.555733,2016-11-03 10:05:35,1
1,114.062851,22.5473,2016-11-03 10:05:37,1
4,113.927467,22.513317,2016-11-03 10:05:20,1
3,114.12563300000001,22.559467,2016-11-03 10:05:42,1
0,114.05261999999999,22.663767,2016-11-03 10:05:41,1
2,113.96118200000001,22.5534,2016-11-03 10:05:49,1
1,114.062851,22.547234,2016-11-03 10:05:52,1
0,114.052765,22.664133,2016-11-03 10:05:56,1
1,114.062836,22.547216,2016-11-03 10:06:00,1
3,114.12563300000001,22.559467,2016-11-03 10:06:02,1
2,113.960831,22.551018,2016-11-03 10:06:05,1
0,114.05304699999999,22.664783,2016-11-03 10:06:11,1
1,114.062851,22.547216,2016-11-03 10:06:15,1
3,114.12563300000001,22.559467,2016-11-03 10:06:22,1
4,113.927353,22.511517,2016-11-03 10:05:35,1
4,113.92721599999999,22.50935,2016-11-03 10:05:50,1
2,113.96053300000001,22.548384,2016-11-03 10:06:23,1
0,114.053398,22.665483,2016-11-03 10:06:26,1
2,113.96035,22.547649,2016-11-03 10:06:29,1
1,114.06282,22.548367000000002,2016-11-03 10:06:30,1
1,114.06273700000001,22.549417000000002,2016-11-03 10:06:38,1
4,113.92765,22.504633,2016-11-03 10:06:40,1
3,114.12563300000001,22.559467,2016-11-03 10:06:42,1
2,113.96015200000001,22.546284,2016-11-03 10:06:44,1
4,113.92781799999999,22.503401,2016-11-03 10:06:55,1
3,114.12453500000001,22.558901000000002,2016-11-03 10:07:02,1
0,114.05341299999999,22.665483,2016-11-03 10:06:41,1
1,114.06255300000001,22.550432,2016-11-03 10:06:47,1
1,114.062469,22.550966,2016-11-03 10:06:53,1
0,114.053551,22.665701000000002,2016-11-03 10:06:56,1
2,113.959953,22.544701,2016-11-03 10:06:59,1
2,113.959747,22.543966,2016-11-03 10:07:07,1
1,114.06401799999999,22.55125,2016-11-03 10:07:08,1
0,114.05368,22.665951,2016-11-03 10:07:11,1
4,113.927521,22.502832,2016-11-03 10:07:10,1
3,114.122635,22.557833,2016-11-03 10:07:22,1
2,113.958801,22.5436,2016-11-03 10:07:22,1
1,114.065987,22.5511,2016-11-03 10:07:23,1
4,113.926018,22.50275,2016-11-03 10:07:25,1
0,114.05428300000001,22.666616,2016-11-03 10:07:26,1
1,114.066551,22.551067,2016-11-03 10:07:31,1
2,113.95648200000001,22.5436,2016-11-03 10:07:37,1
4,113.924484,22.502684,2016-11-03 10:07:40,1
3,114.12116999999999,22.558132,2016-11-03 10:07:42,1
0,114.054832,22.6668,2016-11-03 10:07:41,1
1,114.066597,22.5511,2016-11-03 10:07:46,1
2,113.953949,22.543501000000003,2016-11-03 10:07:52,1
4,113.92318,22.502632000000002,2016-11-03 10:07:55,1
0,114.055618,22.666,2016-11-03 10:07:56,1
1,114.06662,22.5511,2016-11-03 10:08:01,1
3,114.11993400000001,22.559549,2016-11-03 10:08:02,1
4,113.922417,22.502582999999998,2016-11-03 10:08:10,1
0,114.056099,22.66555,2016-11-03 10:08:11,1
1,114.067917,22.550966,2016-11-03 10:08:16,1
3,114.11747,22.558867000000003,2016-11-03 10:08:22,1
4,113.92205,22.502582999999998,2016-11-03 10:08:25,1
0,114.056099,22.66555,2016-11-03 10:08:26,0
4,113.92201999999999,22.501734,2016-11-03 10:08:40,1
0,114.056099,22.66555,2016-11-03 10:08:40,0
1,114.070801,22.55105,2016-11-03 10:08:41,1
3,114.11377,22.5588,2016-11-03 10:08:42,1
4,113.92206599999999,22.501333,2016-11-03 10:08:51,0
0,114.056099,22.66555,2016-11-03 10:08:56,0
3,114.10949699999999,22.558733,2016-11-03 10:09:02,1
1,114.073669,22.551233,2016-11-03 10:09:02,1
4,113.92206599999999,22.501333,2016-11-03 10:09:06,0
1,114.073898,22.551268,2016-11-03 10:09:10,1
0,114.055931,22.66535,2016-11-03 10:09:11,0
4,113.92206599999999,22.501333,2016-11-03 10:09:21,0
3,114.10506399999998,22.558718,2016-11-03 10:09:22,1
1,114.074051,22.551268,2016-11-03 10:09:25,1
0,114.05583200000001,22.665518,2016-11-03 10:09:26,0
1,114.074432,22.5513,2016-11-03 10:09:33,1
2,113.937752,22.543083,2016-11-03 10:09:35,1
4,113.92206599999999,22.501333,2016-11-03 10:09:36,0
3,114.10234799999999,22.558733,2016-11-03 10:09:42,1
0,114.05513,22.666432999999998,2016-11-03 10:09:41,0
2,113.937614,22.543083,2016-11-03 10:09:37,1
1,114.07510400000001,22.551382,2016-11-03 10:09:48,1
4,113.92206599999999,22.501333,2016-11-03 10:09:51,0
2,113.935951,22.543067999999998,2016-11-03 10:09:55,1
0,114.05497,22.666782,2016-11-03 10:09:56,0
3,114.101685,22.559616000000002,2016-11-03 10:10:02,1
1,114.07526399999999,22.551416,2016-11-03 10:10:03,1
3,114.101685,22.559616000000002,2016-11-03 10:10:06,0
2,113.93476899999999,22.54295,2016-11-03 10:10:05,1
4,113.92206599999999,22.501333,2016-11-03 10:10:06,0
0,114.05497,22.666782,2016-11-03 10:10:11,0
1,114.075249,22.551451,2016-11-03 10:10:18,1
2,113.93325,22.542932999999998,2016-11-03 10:10:20,1
4,113.92203500000001,22.500917,2016-11-03 10:10:21,0
0,114.055153,22.666833999999998,2016-11-03 10:10:26,0
1,114.07523300000001,22.551451,2016-11-03 10:10:33,1
2,113.93128200000001,22.54285,2016-11-03 10:10:35,1
4,113.92199699999999,22.501717000000003,2016-11-03 10:10:36,0
0,114.054001,22.666651,2016-11-03 10:10:41,0
1,114.075249,22.551434,2016-11-03 10:10:48,1
2,113.931183,22.5429,2016-11-03 10:10:50,1
4,113.922081,22.502582999999998,2016-11-03 10:10:51,0
0,114.05286399999999,22.665001,2016-11-03 10:10:56,0
1,114.075249,22.551416,2016-11-03 10:11:03,1
4,113.923203,22.502648999999998,2016-11-03 10:11:06,0
2,113.930916,22.54285,2016-11-03 10:11:05,0
0,114.05236799999999,22.66375,2016-11-03 10:11:10,0
2,113.93076299999998,22.542917000000003,2016-11-03 10:11:14,0
1,114.075249,22.551416,2016-11-03 10:11:18,1
4,113.923897,22.502632000000002,2016-11-03 10:11:21,0
0,114.052132,22.6621,2016-11-03 10:11:26,0
2,113.930702,22.54295,2016-11-03 10:11:29,0
1,114.075249,22.551416,2016-11-03 10:11:33,1
4,113.92472099999999,22.502666,2016-11-03 10:11:36,0
0,114.0522,22.661633,2016-11-03 10:11:41,0
2,113.930679,22.542917000000003,2016-11-03 10:11:44,0
1,114.07526399999999,22.551434,2016-11-03 10:11:48,1
4,113.925735,22.502716,2016-11-03 10:11:51,0
0,114.052231,22.6604,2016-11-03 10:11:56,0
2,113.930649,22.54285,2016-11-03 10:11:59,0
1,114.07526399999999,22.551451,2016-11-03 10:12:03,1
3,114.101685,22.55965,2016-11-03 10:10:29,0
3,114.10131799999999,22.560833,2016-11-03 10:10:49,0
3,114.101303,22.561132,2016-11-03 10:11:09,0
3,114.101303,22.561132,2016-11-03 10:11:29,0
3,114.101303,22.561132,2016-11-03 10:11:32,0
3,114.101547,22.56185,2016-11-03 10:11:54,0
3,114.102699,22.561783,2016-11-03 10:12:05,0
4,113.92593400000001,22.502733,2016-11-03 10:12:06,0
0,114.052299,22.6593,2016-11-03 10:12:11,0
2,113.93056499999999,22.542917000000003,2016-11-03 10:12:14,0
1,114.07526399999999,22.551468,2016-11-03 10:12:18,1
4,113.92593400000001,22.502733,2016-11-03 10:12:21,0
0,114.052383,22.6574,2016-11-03 10:12:26,0
2,113.92966499999999,22.542932999999998,2016-11-03 10:12:29,0
1,114.07581299999998,22.551482999999998,2016-11-03 10:12:33,1
3,114.10351599999998,22.561701,2016-11-03 10:12:27,0
3,114.10351599999998,22.561701,2016-11-03 10:12:36,0
4,113.92593400000001,22.502733,2016-11-03 10:12:36,0
0,114.052498,22.655033,2016-11-03 10:12:41,0
2,113.92838300000001,22.54295,2016-11-03 10:12:44,0
1,114.076797,22.551517,2016-11-03 10:12:48,1
4,113.92643000000001,22.502684,2016-11-03 10:12:51,0
1,114.077118,22.551533,2016-11-03 10:12:56,1
0,114.05278,22.652651000000002,2016-11-03 10:12:56,0
2,113.926247,22.54315,2016-11-03 10:12:59,0
4,113.92736799999999,22.502701000000002,2016-11-03 10:13:06,0
1,114.07806399999998,22.5516,2016-11-03 10:13:11,1
2,113.92627,22.544001,2016-11-03 10:13:14,0
4,113.92759699999999,22.502733,2016-11-03 10:13:21,0
0,114.053169,22.650551,2016-11-03 10:13:11,0
0,114.05356599999999,22.648398999999998,2016-11-03 10:13:26,0
1,114.07963600000001,22.5516,2016-11-03 10:13:26,1
2,113.926918,22.542868,2016-11-03 10:13:29,0
1,114.07993300000001,22.551617,2016-11-03 10:13:34,1
3,114.10376699999999,22.561684,2016-11-03 10:12:59,0
3,114.10376699999999,22.561684,2016-11-03 10:13:07,0
3,114.103996,22.56115,2016-11-03 10:13:30,0
3,114.10396599999999,22.560484,2016-11-03 10:13:36,0
4,113.92759699999999,22.502733,2016-11-03 10:13:36,0
2,113.926918,22.542101000000002,2016-11-03 10:13:37,0
0,114.053848,22.646917000000002,2016-11-03 10:13:41,0
1,114.08107,22.551666,2016-11-03 10:13:49,1
4,113.92759699999999,22.502733,2016-11-03 10:13:51,0
2,113.926918,22.540518,2016-11-03 10:13:52,0
0,114.05413100000001,22.645384,2016-11-03 10:13:56,0
1,114.082268,22.551666,2016-11-03 10:14:04,1
4,113.92759699999999,22.502733,2016-11-03 10:14:06,0
2,113.926918,22.5382,2016-11-03 10:14:07,0
3,114.10396599999999,22.559784,2016-11-03 10:13:59,0
3,114.10396599999999,22.559784,2016-11-03 10:14:08,0
0,114.054451,22.6436,2016-11-03 10:14:11,0
1,114.08358,22.551783,2016-11-03 10:14:19,1
2,113.92686499999999,22.536266,2016-11-03 10:14:22,0
4,113.92759699999999,22.502733,2016-11-03 10:14:21,0
0,114.054802,22.641648999999997,2016-11-03 10:14:26,0
1,114.08476999999999,22.551733,2016-11-03 10:14:34,1
4,113.92759699999999,22.502733,2016-11-03 10:14:36,0
2,113.92611699999999,22.535534,2016-11-03 10:14:37,0
2,113.925583,22.535583,2016-11-03 10:14:45,0
0,114.05506899999999,22.640133,2016-11-03 10:14:41,0
1,114.08601399999999,22.551701,2016-11-03 10:14:49,1
4,113.928101,22.503067,2016-11-03 10:14:51,0
2,113.92443100000001,22.535517000000002,2016-11-03 10:15:00,0
1,114.08708200000001,22.551733,2016-11-03 10:15:04,1
4,113.92808500000001,22.50345,2016-11-03 10:15:06,0
0,114.054947,22.638082999999998,2016-11-03 10:14:56,0
3,114.10396599999999,22.558018,2016-11-03 10:14:31,0
3,114.10396599999999,22.557249,2016-11-03 10:14:41,0
3,114.10392,22.556583,2016-11-03 10:15:04,0
3,114.10410300000001,22.556133,2016-11-03 10:15:11,0
4,113.92808500000001,22.50345,2016-11-03 10:15:10,1
0,114.055199,22.636833,2016-11-03 10:15:11,0
2,113.923653,22.535517000000002,2016-11-03 10:15:15,0
0,114.055283,22.636682999999998,2016-11-03 10:15:26,0
4,113.927765,22.504816,2016-11-03 10:15:25,1
2,113.92308,22.535667,2016-11-03 10:15:30,0
4,113.927383,22.506849,2016-11-03 10:15:40,1
0,114.055283,22.636682999999998,2016-11-03 10:15:41,0
2,113.922882,22.536333,2016-11-03 10:15:45,0
4,113.927116,22.507998999999998,2016-11-03 10:15:55,1
0,114.055283,22.636682999999998,2016-11-03 10:15:56,0
2,113.92276799999999,22.5364,2016-11-03 10:16:00,0
4,113.92551399999999,22.507967,2016-11-03 10:16:10,1
0,114.055283,22.636682999999998,2016-11-03 10:16:11,0
2,113.92276799999999,22.536432,2016-11-03 10:16:15,0
1,114.08953100000001,22.55175,2016-11-03 10:16:15,1
1,114.09008,22.551767,2016-11-03 10:16:23,1
4,113.92392,22.507982000000002,2016-11-03 10:16:25,1
0,114.055283,22.636682999999998,2016-11-03 10:16:26,0
2,113.92289699999999,22.536516,2016-11-03 10:16:30,0
1,114.090179,22.551849,2016-11-03 10:16:38,1
4,113.92392,22.507982000000002,2016-11-03 10:16:40,1
0,114.055283,22.636682999999998,2016-11-03 10:16:41,0
2,113.922882,22.5366,2016-11-03 10:16:45,0
1,114.090202,22.551916000000002,2016-11-03 10:16:53,1
4,113.92392,22.507982000000002,2016-11-03 10:16:56,1
0,114.055283,22.636682999999998,2016-11-03 10:16:56,0
2,113.922852,22.536734,2016-11-03 10:17:00,1
1,114.090347,22.551983,2016-11-03 10:17:08,1
4,113.92343100000001,22.507967,2016-11-03 10:17:11,1
0,114.055397,22.636351,2016-11-03 10:17:11,0
1,114.090897,22.551884,2016-11-03 10:17:23,1
0,114.055397,22.636368,2016-11-03 10:17:26,0
2,113.922417,22.539467000000002,2016-11-03 10:17:25,1
2,113.922302,22.540333,2016-11-03 10:17:32,1
1,114.09113300000001,22.553066,2016-11-03 10:17:38,1
2,113.922119,22.541332,2016-11-03 10:17:40,1
0,114.055397,22.636368,2016-11-03 10:17:41,0
4,113.92186699999999,22.507917000000003,2016-11-03 10:17:26,1
4,113.92078400000001,22.5079,2016-11-03 10:17:41,1
3,114.103348,22.555767000000003,2016-11-03 10:15:33,0
3,114.102921,22.555799,2016-11-03 10:15:42,0
3,114.102249,22.556182999999997,2016-11-03 10:16:05,0
3,114.10185200000001,22.5569,2016-11-03 10:16:13,0
3,114.10137900000001,22.558149,2016-11-03 10:16:36,0
3,114.10143300000001,22.558416,2016-11-03 10:16:46,0
3,114.103867,22.558451,2016-11-03 10:17:08,0
3,114.10408000000001,22.5578,2016-11-03 10:17:17,0
3,114.10416399999998,22.555817,2016-11-03 10:17:40,0
3,114.10406499999999,22.555099,2016-11-03 10:17:49,0
4,113.920448,22.507917000000003,2016-11-03 10:17:56,1
0,114.055397,22.636368,2016-11-03 10:17:56,0
1,114.09103400000001,22.55575,2016-11-03 10:18:01,1
1,114.09103400000001,22.55595,2016-11-03 10:18:02,1
1,114.09101899999999,22.556566,2016-11-03 10:18:09,1
2,113.92266799999999,22.543167,2016-11-03 10:18:04,1
2,113.92186699999999,22.544132,2016-11-03 10:18:10,1
0,114.055397,22.636368,2016-11-03 10:18:11,0
4,113.920448,22.507917000000003,2016-11-03 10:18:11,1
1,114.090965,22.557632,2016-11-03 10:18:24,1
4,113.920448,22.507917000000003,2016-11-03 10:18:26,1
0,114.055397,22.636368,2016-11-03 10:18:26,0
1,114.090965,22.557667000000002,2016-11-03 10:18:32,1
2,113.92248500000001,22.545218,2016-11-03 10:18:25,1
4,113.920448,22.507917000000003,2016-11-03 10:18:40,1
0,114.055397,22.636368,2016-11-03 10:18:41,0
2,113.92246999999999,22.545883,2016-11-03 10:18:40,1
1,114.09095,22.55765,2016-11-03 10:18:47,1
3,114.104118,22.553516000000002,2016-11-03 10:18:11,0
3,114.104118,22.553516000000002,2016-11-03 10:18:21,0
3,114.10408000000001,22.553516000000002,2016-11-03 10:18:43,0
3,114.10408000000001,22.553516000000002,2016-11-03 10:18:50,0
4,113.920448,22.507917000000003,2016-11-03 10:18:55,1
0,114.055397,22.636368,2016-11-03 10:18:56,0
1,114.090919,22.557617,2016-11-03 10:19:02,1
2,113.92278300000001,22.547318,2016-11-03 10:19:04,1
4,113.920448,22.507917000000003,2016-11-03 10:19:10,1
0,114.055397,22.636368,2016-11-03 10:19:11,0
1,114.090897,22.557617,2016-11-03 10:19:16,1
3,114.10408000000001,22.553516000000002,2016-11-03 10:19:13,0
3,114.10408000000001,22.553516000000002,2016-11-03 10:19:20,0
4,113.920448,22.507917000000003,2016-11-03 10:19:26,1
0,114.055397,22.636368,2016-11-03 10:19:26,0
1,114.09083600000001,22.5576,2016-11-03 10:19:32,1
2,113.92289699999999,22.549032,2016-11-03 10:19:25,1
2,113.92293500000001,22.5495,2016-11-03 10:19:33,1
2,113.92293500000001,22.5495,2016-11-03 10:19:34,1
3,114.10408000000001,22.553516000000002,2016-11-03 10:19:41,0
4,113.91976899999999,22.507917000000003,2016-11-03 10:19:40,1
0,114.055481,22.635834,2016-11-03 10:19:41,0
1,114.090797,22.557582999999997,2016-11-03 10:19:47,1
2,113.92308,22.550484,2016-11-03 10:19:48,1
4,113.919601,22.507917000000003,2016-11-03 10:19:56,1
0,114.055298,22.63555,2016-11-03 10:19:56,0
3,114.10408000000001,22.553516000000002,2016-11-03 10:20:01,0
1,114.09082,22.5576,2016-11-03 10:20:02,1
2,113.92308,22.551517,2016-11-03 10:20:03,1
4,113.919601,22.507917000000003,2016-11-03 10:20:10,1
0,114.05598400000001,22.636217000000002,2016-11-03 10:20:11,0
1,114.09083600000001,22.5583,2016-11-03 10:20:17,1
2,113.92308,22.551916000000002,2016-11-03 10:20:18,1
3,114.103935,22.553167000000002,2016-11-03 10:20:21,0
4,113.919601,22.507917000000003,2016-11-03 10:20:25,1
0,114.05703000000001,22.63685,2016-11-03 10:20:26,0
1,114.089348,22.558451,2016-11-03 10:20:32,1
2,113.923119,22.552567,2016-11-03 10:20:33,1
3,114.10563700000002,22.553217,2016-11-03 10:20:41,0
2,113.923119,22.552799,2016-11-03 10:20:40,1
4,113.919601,22.507917000000003,2016-11-03 10:20:41,1
0,114.05736499999999,22.637051,2016-11-03 10:20:41,0
1,114.08751699999999,22.558384,2016-11-03 10:20:49,1
1,114.086685,22.558384,2016-11-03 10:20:54,1
4,113.919601,22.507917000000003,2016-11-03 10:20:55,1
2,113.923203,22.553182999999997,2016-11-03 10:20:55,1
0,114.058365,22.637698999999998,2016-11-03 10:20:56,0
3,114.10590400000001,22.553133,2016-11-03 10:21:01,0
1,114.084251,22.55835,2016-11-03 10:21:10,1
4,113.919601,22.507917000000003,2016-11-03 10:21:10,1
2,113.92303500000001,22.553867,2016-11-03 10:21:10,1
0,114.05853300000001,22.637832999999997,2016-11-03 10:21:11,0
2,113.92305,22.554648999999998,2016-11-03 10:21:19,1
3,114.10590400000001,22.553133,2016-11-03 10:21:21,0
1,114.08186299999998,22.558317000000002,2016-11-03 10:21:25,1
4,113.919601,22.507917000000003,2016-11-03 10:21:25,1
0,114.058968,22.6381,2016-11-03 10:21:26,0
2,113.92303500000001,22.554716,2016-11-03 10:21:34,1
3,114.10655200000001,22.552999,2016-11-03 10:21:41,0
4,113.919601,22.507917000000003,2016-11-03 10:21:40,1
0,114.059219,22.63825,2016-11-03 10:21:42,1
1,114.078934,22.558283,2016-11-03 10:21:40,1
1,114.07737,22.55825,2016-11-03 10:21:48,1
2,113.92316399999999,22.555,2016-11-03 10:21:49,1
4,113.919151,22.507917000000003,2016-11-03 10:21:56,1
2,113.92353100000001,22.555032999999998,2016-11-03 10:21:57,1
0,114.060898,22.638733,2016-11-03 10:22:00,1
3,114.10741399999999,22.553034,2016-11-03 10:22:01,0
1,114.074699,22.558232999999998,2016-11-03 10:22:03,1
4,113.919151,22.507917000000003,2016-11-03 10:22:11,1
2,113.924484,22.554916,2016-11-03 10:22:12,1
3,114.10783400000001,22.5539,2016-11-03 10:22:21,0
0,114.06186699999999,22.638767,2016-11-03 10:22:14,1
4,113.919151,22.507917000000003,2016-11-03 10:22:25,1
2,113.92631499999999,22.554968,2016-11-03 10:22:27,1
0,114.062302,22.638832,2016-11-03 10:22:27,1
3,114.108452,22.555149,2016-11-03 10:22:41,0
4,113.919151,22.507917000000003,2016-11-03 10:22:41,1
2,113.928467,22.555017000000003,2016-11-03 10:22:42,1
0,114.06282,22.638132000000002,2016-11-03 10:22:42,1
4,113.919151,22.507917000000003,2016-11-03 10:22:55,1
2,113.931114,22.554817,2016-11-03 10:22:57,1
0,114.063469,22.63685,2016-11-03 10:22:57,1
3,114.108299,22.555668,2016-11-03 10:23:01,0
2,113.932533,22.554951000000003,2016-11-03 10:23:05,1
4,113.919151,22.507917000000003,2016-11-03 10:23:11,1
0,114.06428500000001,22.634732999999997,2016-11-03 10:23:12,1
1,114.072235,22.558232999999998,2016-11-03 10:22:18,1
1,114.071381,22.558216,2016-11-03 10:22:26,1
1,114.071198,22.558216,2016-11-03 10:22:28,1
1,114.070633,22.558201,2016-11-03 10:22:34,1
1,114.069771,22.558184,2016-11-03 10:22:42,1
1,114.069519,22.558184,2016-11-03 10:22:44,1
1,114.068367,22.558149,2016-11-03 10:22:57,1
1,114.06756599999999,22.558167,2016-11-03 10:23:05,1
1,114.067352,22.558167,2016-11-03 10:23:07,1
1,114.066704,22.558117000000003,2016-11-03 10:23:13,1
2,113.93436399999999,22.554832,2016-11-03 10:23:20,1
3,114.108299,22.555668,2016-11-03 10:23:21,0
1,114.065651,22.558083,2016-11-03 10:23:21,1
4,113.919151,22.507917000000003,2016-11-03 10:23:26,1
0,114.064682,22.633582999999998,2016-11-03 10:23:27,1
1,114.06331599999999,22.558149,2016-11-03 10:23:36,1
2,113.93446399999999,22.5534,2016-11-03 10:23:35,1
3,114.108299,22.555668,2016-11-03 10:23:41,0
4,113.919151,22.507917000000003,2016-11-03 10:23:41,1
0,114.064682,22.633582999999998,2016-11-03 10:23:42,1
2,113.934448,22.552799,2016-11-03 10:23:43,1
4,113.91885400000001,22.508017000000002,2016-11-03 10:23:55,1
3,114.108299,22.555668,2016-11-03 10:24:01,0
4,113.91748,22.508948999999998,2016-11-03 10:24:11,1
3,114.108299,22.555668,2016-11-03 10:24:21,0
0,114.064682,22.633582999999998,2016-11-03 10:23:57,1
2,113.934402,22.552851,2016-11-03 10:23:58,1
4,113.91613000000001,22.510033,2016-11-03 10:24:26,1
3,114.108299,22.555668,2016-11-03 10:24:41,0
4,113.9161,22.51005,2016-11-03 10:24:40,1
3,114.10783400000001,22.556017,2016-11-03 10:24:52,1
0,114.064682,22.633582999999998,2016-11-03 10:24:12,1
2,113.934418,22.552767000000003,2016-11-03 10:24:13,1
1,114.06113400000001,22.559366,2016-11-03 10:24:01,1
1,114.06053200000001,22.559967,2016-11-03 10:24:07,1
1,114.05968500000002,22.560766,2016-11-03 10:24:15,1
1,114.05946399999999,22.560984,2016-11-03 10:24:17,1
2,113.934799,22.552668,2016-11-03 10:24:20,1
0,114.06483500000002,22.633232,2016-11-03 10:24:27,1
1,114.05798300000001,22.562383999999998,2016-11-03 10:24:30,1
2,113.936752,22.552567,2016-11-03 10:24:35,1
4,113.9161,22.51005,2016-11-03 10:24:56,1
0,114.06523100000001,22.6318,2016-11-03 10:24:42,1
1,114.056366,22.562366,2016-11-03 10:24:45,1
2,113.937599,22.5527,2016-11-03 10:24:50,1
1,114.055351,22.562282999999997,2016-11-03 10:24:53,1
0,114.065483,22.630817,2016-11-03 10:24:57,1
2,113.93782,22.552584,2016-11-03 10:25:05,1
1,114.053001,22.56255,2016-11-03 10:25:08,1
4,113.9161,22.51005,2016-11-03 10:25:10,1
3,114.10681899999999,22.556482,2016-11-03 10:25:12,1
0,114.065483,22.630817,2016-11-03 10:25:12,1
2,113.93808,22.552532,2016-11-03 10:25:20,1
1,114.051033,22.562517,2016-11-03 10:25:23,1
0,114.065483,22.630817,2016-11-03 10:25:27,1
2,113.938148,22.552616,2016-11-03 10:25:29,0
3,114.10590400000001,22.5564,2016-11-03 10:25:32,1
1,114.04893500000001,22.561117000000003,2016-11-03 10:25:38,1
2,113.93818700000001,22.552567,2016-11-03 10:25:44,0
4,113.915649,22.510767,2016-11-03 10:25:26,1
4,113.916199,22.5114,2016-11-03 10:25:41,1
0,114.065483,22.630817,2016-11-03 10:25:42,1
3,114.10455300000001,22.556517000000003,2016-11-03 10:25:52,1
4,113.916519,22.511717,2016-11-03 10:25:56,1
2,113.93816399999999,22.552601,2016-11-03 10:25:59,0
2,113.93816399999999,22.552584,2016-11-03 10:26:07,0
2,113.93816399999999,22.552584,2016-11-03 10:26:08,0
0,114.06563600000001,22.6301,2016-11-03 10:25:57,1
1,114.046051,22.558733,2016-11-03 10:26:01,1
1,114.045952,22.558634,2016-11-03 10:26:03,1
1,114.045868,22.558567,2016-11-03 10:26:09,1
4,113.91666399999998,22.511917,2016-11-03 10:26:11,1
3,114.104134,22.55695,2016-11-03 10:26:12,1
0,114.06594799999999,22.6283,2016-11-03 10:26:12,1
2,113.938271,22.552517,2016-11-03 10:26:15,0
1,114.04585300000001,22.55855,2016-11-03 10:26:17,1
4,113.917351,22.512934,2016-11-03 10:26:26,1
0,114.06631499999999,22.62615,2016-11-03 10:26:27,1
2,113.938599,22.552418,2016-11-03 10:26:30,0
1,114.044716,22.557667000000002,2016-11-03 10:26:32,1
3,114.103996,22.558232999999998,2016-11-03 10:26:32,1
4,113.917801,22.513617,2016-11-03 10:26:41,1
2,113.93963600000001,22.552467,2016-11-03 10:26:45,0
1,114.044083,22.557199,2016-11-03 10:26:47,1
3,114.103996,22.558232999999998,2016-11-03 10:26:52,1
4,113.918365,22.514317000000002,2016-11-03 10:26:56,1
2,113.93993400000001,22.552683,2016-11-03 10:27:00,0
1,114.044083,22.557217,2016-11-03 10:27:02,1
4,113.91891499999998,22.514882999999998,2016-11-03 10:27:11,1
3,114.104202,22.559168,2016-11-03 10:27:12,1
1,114.043053,22.556801,2016-11-03 10:27:17,1
0,114.066818,22.623768,2016-11-03 10:26:42,1
0,114.066833,22.623217,2016-11-03 10:26:57,1
0,114.066833,22.623217,2016-11-03 10:27:12,1
4,113.91898300000001,22.514933,2016-11-03 10:27:26,1
0,114.06680300000001,22.623082999999998,2016-11-03 10:27:24,1
0,114.066833,22.623016,2016-11-03 10:27:27,1
3,114.105286,22.558832000000002,2016-11-03 10:27:32,1
1,114.041367,22.556417,2016-11-03 10:27:32,1
0,114.06703200000001,22.62175,2016-11-03 10:27:42,1
4,113.91958600000001,22.514732000000002,2016-11-03 10:27:41,1
1,114.041,22.556566,2016-11-03 10:27:47,1
4,113.919601,22.5147,2016-11-03 10:27:45,0
3,114.10388200000001,22.558733,2016-11-03 10:27:52,1
0,114.067131,22.620167000000002,2016-11-03 10:27:57,1
4,113.919601,22.5147,2016-11-03 10:28:00,0
1,114.04097,22.556549,2016-11-03 10:28:02,1
3,114.10161599999999,22.558683,2016-11-03 10:28:12,1
0,114.06723000000001,22.618282,2016-11-03 10:28:12,1
4,113.919601,22.5147,2016-11-03 10:28:15,0
1,114.04093200000001,22.556549,2016-11-03 10:28:17,1
0,114.06765,22.616716,2016-11-03 10:28:27,1
4,113.919601,22.5147,2016-11-03 10:28:30,0
1,114.040398,22.556601,2016-11-03 10:28:32,1
2,113.940483,22.549917,2016-11-03 10:28:35,1
0,114.06858100000001,22.615017,2016-11-03 10:28:42,1
4,113.92001299999998,22.514333999999998,2016-11-03 10:28:45,0
1,114.038918,22.556168,2016-11-03 10:28:47,1
2,113.940552,22.549982,2016-11-03 10:28:48,1
0,114.069565,22.61385,2016-11-03 10:28:57,1
1,114.038147,22.556417,2016-11-03 10:29:02,1
2,113.941071,22.549618,2016-11-03 10:29:03,1
1,114.03778100000001,22.557016,2016-11-03 10:29:10,1
0,114.07036599999999,22.612867,2016-11-03 10:29:12,1
2,113.941399,22.547466,2016-11-03 10:29:18,1
3,114.099686,22.558617,2016-11-03 10:28:35,1
3,114.099648,22.558634,2016-11-03 10:28:55,1
3,114.099648,22.558634,2016-11-03 10:29:15,1
3,114.099648,22.558634,2016-11-03 10:29:23,1
1,114.03694899999999,22.558117000000003,2016-11-03 10:29:25,0
4,113.92057,22.512684,2016-11-03 10:29:30,0
0,114.07036599999999,22.611601,2016-11-03 10:29:27,1
1,114.03668200000001,22.558451,2016-11-03 10:29:34,0
2,113.940498,22.545182999999998,2016-11-03 10:29:33,1
0,114.06955,22.610317000000002,2016-11-03 10:29:42,1
4,113.92036399999999,22.512051,2016-11-03 10:29:45,0
2,113.940514,22.543568,2016-11-03 10:29:48,1
1,114.036667,22.558416,2016-11-03 10:29:41,0
4,113.920349,22.511999,2016-11-03 10:30:00,0
1,114.036667,22.558384,2016-11-03 10:29:49,0
1,114.036667,22.558384,2016-11-03 10:29:50,0
1,114.03668200000001,22.558367,2016-11-03 10:30:04,0
0,114.06846599999999,22.6092,2016-11-03 10:29:57,1
2,113.94053600000001,22.541767,2016-11-03 10:30:03,1
2,113.940353,22.541401,2016-11-03 10:30:11,1
2,113.9403,22.541267,2016-11-03 10:30:13,1
4,113.920349,22.511999,2016-11-03 10:30:15,0
0,114.067047,22.608299,2016-11-03 10:30:12,1
1,114.03668200000001,22.55835,2016-11-03 10:30:19,0
2,113.940018,22.5411,2016-11-03 10:30:19,1
4,113.920647,22.512117,2016-11-03 10:30:30,0
1,114.03668200000001,22.558332,2016-11-03 10:30:34,0
2,113.938919,22.540533,2016-11-03 10:30:34,1
0,114.065804,22.607599,2016-11-03 10:30:26,1
0,114.06498,22.607166,2016-11-03 10:30:42,1
4,113.921204,22.513332000000002,2016-11-03 10:30:45,0
1,114.03641499999999,22.558149,2016-11-03 10:30:49,0
2,113.93798100000001,22.539766,2016-11-03 10:30:49,1
3,114.099617,22.558649,2016-11-03 10:29:46,1
3,114.099617,22.558649,2016-11-03 10:29:55,1
3,114.099617,22.558649,2016-11-03 10:30:18,1
3,114.099617,22.558649,2016-11-03 10:30:24,1
3,114.099617,22.558649,2016-11-03 10:30:47,1
3,114.099617,22.558649,2016-11-03 10:30:55,1
0,114.06295,22.606068,2016-11-03 10:30:57,1
4,113.921654,22.514549,2016-11-03 10:31:00,0
1,114.03566699999999,22.557449,2016-11-03 10:31:04,0
2,113.93713400000001,22.538816,2016-11-03 10:31:04,1
0,114.06143200000001,22.6052,2016-11-03 10:31:12,1
4,113.921982,22.516268,2016-11-03 10:31:15,0
1,114.035271,22.557016,2016-11-03 10:31:12,0
2,113.93616499999999,22.537666,2016-11-03 10:31:19,1
1,114.034821,22.556618,2016-11-03 10:31:21,0
1,114.03458400000001,22.556383,2016-11-03 10:31:27,0
0,114.060135,22.604032999999998,2016-11-03 10:31:27,1
2,113.936401,22.537117000000002,2016-11-03 10:31:34,1
4,113.92216499999999,22.517166,2016-11-03 10:31:30,0
1,114.034203,22.555849,2016-11-03 10:31:42,0
4,113.92216499999999,22.517166,2016-11-03 10:31:45,0
2,113.93718,22.536182,2016-11-03 10:31:49,1
0,114.05871599999999,22.601801000000002,2016-11-03 10:31:42,1
1,114.034821,22.555317000000002,2016-11-03 10:31:57,0
0,114.057915,22.599466,2016-11-03 10:31:56,1
2,113.93708000000001,22.53545,2016-11-03 10:32:04,1
3,114.09678600000001,22.558582,2016-11-03 10:31:17,1
3,114.095032,22.55855,2016-11-03 10:31:27,1
3,114.091698,22.558532999999997,2016-11-03 10:31:49,1
3,114.091553,22.558532999999997,2016-11-03 10:32:00,1
1,114.034737,22.554867,2016-11-03 10:32:12,0
0,114.0569,22.596518,2016-11-03 10:32:12,1
2,113.93705,22.535418,2016-11-03 10:32:19,1
4,113.92216499999999,22.517166,2016-11-03 10:32:00,0
4,113.92216499999999,22.517166,2016-11-03 10:32:15,0
1,114.034081,22.554132,2016-11-03 10:32:27,0
0,114.05563400000001,22.594267000000002,2016-11-03 10:32:27,1
4,113.922234,22.517483,2016-11-03 10:32:30,0
2,113.93705,22.5354,2016-11-03 10:32:34,1
1,114.03492,22.554701,2016-11-03 10:32:42,0
0,114.05553400000001,22.594133,2016-11-03 10:32:42,1
4,113.922302,22.518316,2016-11-03 10:32:45,0
2,113.937401,22.53455,2016-11-03 10:32:49,1
0,114.051483,22.592667000000002,2016-11-03 10:32:57,1
4,113.922546,22.519266000000002,2016-11-03 10:33:00,0
0,114.05061299999998,22.592567000000003,2016-11-03 10:33:12,1
2,113.93823200000001,22.532383,2016-11-03 10:33:12,1
4,113.923119,22.5207,2016-11-03 10:33:15,0
2,113.93823200000001,22.532316,2016-11-03 10:33:14,1
2,113.93836999999999,22.532432999999997,2016-11-03 10:33:20,1
0,114.05016299999998,22.592518,2016-11-03 10:33:27,1
4,113.92368300000001,22.522133,2016-11-03 10:33:31,0
2,113.93710300000001,22.531384,2016-11-03 10:33:35,1
0,114.049797,22.592533,2016-11-03 10:33:42,1
4,113.92408,22.523167,2016-11-03 10:33:46,0
2,113.935181,22.5299,2016-11-03 10:33:50,1
0,114.04911799999999,22.592501000000002,2016-11-03 10:33:57,1
2,113.934647,22.529234,2016-11-03 10:33:57,1
4,113.92446899999999,22.523867000000003,2016-11-03 10:34:01,0
2,113.934334,22.528366000000002,2016-11-03 10:34:07,1
0,114.048569,22.592449,2016-11-03 10:34:12,1
2,113.934219,22.528067,2016-11-03 10:34:13,1
4,113.92458300000001,22.52445,2016-11-03 10:34:16,0
0,114.048065,22.592484,2016-11-03 10:34:26,1
2,113.933929,22.527348999999997,2016-11-03 10:34:27,1
4,113.92458300000001,22.52445,2016-11-03 10:34:31,0
2,113.93412,22.5273,2016-11-03 10:34:36,1
0,114.047684,22.592417,2016-11-03 10:34:42,1
4,113.92458300000001,22.52445,2016-11-03 10:34:46,0
2,113.934036,22.526917,2016-11-03 10:34:51,0
0,114.04746999999999,22.592434,2016-11-03 10:34:57,1
3,114.09153,22.558532999999997,2016-11-03 10:32:22,1
3,114.090599,22.558532999999997,2016-11-03 10:32:32,1
3,114.087402,22.558434,2016-11-03 10:32:55,1
3,114.084953,22.558367,2016-11-03 10:33:09,1
3,114.08065,22.558283,2016-11-03 10:33:32,1
3,114.07901799999999,22.55825,2016-11-03 10:33:41,1
3,114.074547,22.558267999999998,2016-11-03 10:34:04,1
3,114.071602,22.558216,2016-11-03 10:34:24,1
3,114.068947,22.558184,2016-11-03 10:34:44,1
3,114.06826799999999,22.558216,2016-11-03 10:34:58,1
4,113.92458300000001,22.52445,2016-11-03 10:35:01,0
2,113.934082,22.526951,2016-11-03 10:35:06,0
0,114.047096,22.592382,2016-11-03 10:35:12,1
4,113.92458300000001,22.52445,2016-11-03 10:35:16,0
2,113.93413500000001,22.526982999999998,2016-11-03 10:35:21,0
3,114.06768000000001,22.558216,2016-11-03 10:35:19,1
1,114.03553000000001,22.554832,2016-11-03 10:35:27,0
0,114.046219,22.592318,2016-11-03 10:35:27,1
1,114.03551499999999,22.554832,2016-11-03 10:35:29,0
4,113.92458300000001,22.52445,2016-11-03 10:35:31,0
2,113.934082,22.526982999999998,2016-11-03 10:35:35,0
1,114.035583,22.554482999999998,2016-11-03 10:35:42,0
0,114.043671,22.5923,2016-11-03 10:35:42,1
4,113.925583,22.525101,2016-11-03 10:35:46,0
2,113.933434,22.525949,2016-11-03 10:35:51,0
1,114.035652,22.553248999999997,2016-11-03 10:35:57,0
0,114.040985,22.592817,2016-11-03 10:35:57,1
4,113.92663600000002,22.524817000000002,2016-11-03 10:36:01,0
3,114.066116,22.558167,2016-11-03 10:35:39,1
3,114.063271,22.558267999999998,2016-11-03 10:35:59,1
2,113.93301399999999,22.524967,2016-11-03 10:36:05,0
1,114.035751,22.5522,2016-11-03 10:36:12,0
0,114.038269,22.593467999999998,2016-11-03 10:36:12,1
2,113.932404,22.524732999999998,2016-11-03 10:36:14,0
4,113.927902,22.524483,2016-11-03 10:36:16,0
3,114.060547,22.560033999999998,2016-11-03 10:36:19,1
1,114.035881,22.551767,2016-11-03 10:36:28,0
0,114.035683,22.594101000000002,2016-11-03 10:36:27,1
2,113.92991599999999,22.522766,2016-11-03 10:36:29,0
4,113.929298,22.524332,2016-11-03 10:36:31,0
3,114.05853300000001,22.561916,2016-11-03 10:36:39,1
0,114.032471,22.594767,2016-11-03 10:36:42,1
2,113.927849,22.525284,2016-11-03 10:36:44,0
4,113.93083200000001,22.524767,2016-11-03 10:36:46,0
2,113.92656699999999,22.525617999999998,2016-11-03 10:36:54,0
0,114.029633,22.594932999999997,2016-11-03 10:36:57,1
3,114.05798300000001,22.562416,2016-11-03 10:36:59,1
2,113.925797,22.525883,2016-11-03 10:37:00,0
4,113.93243400000001,22.524599,2016-11-03 10:37:01,0
0,114.02646599999999,22.594683,2016-11-03 10:37:12,1
2,113.92420200000001,22.526382,2016-11-03 10:37:15,0
4,113.93373100000001,22.5242,2016-11-03 10:37:16,0
3,114.05553400000001,22.562483,2016-11-03 10:37:19,1
2,113.923553,22.526417000000002,2016-11-03 10:37:23,0
0,114.02386499999999,22.594101000000002,2016-11-03 10:37:27,1
4,113.935616,22.524166,2016-11-03 10:37:31,0
2,113.92296599999999,22.526751,2016-11-03 10:37:38,0
3,114.05308500000001,22.562634,2016-11-03 10:37:39,1
0,114.02096599999999,22.593184,2016-11-03 10:37:42,1
4,113.937881,22.524099,2016-11-03 10:37:46,0
2,113.921669,22.527166,2016-11-03 10:37:53,0
0,114.01836399999999,22.592318,2016-11-03 10:37:57,1
4,113.939552,22.524017,2016-11-03 10:38:01,0
3,114.05066699999999,22.56245,2016-11-03 10:37:59,1
2,113.92291999999999,22.528548999999998,2016-11-03 10:38:08,0
0,114.01536599999999,22.591299,2016-11-03 10:38:12,1
4,113.940849,22.523433999999998,2016-11-03 10:38:16,0
3,114.04823300000001,22.56065,2016-11-03 10:38:19,1
2,113.922867,22.529132999999998,2016-11-03 10:38:23,0
4,113.940918,22.521832999999997,2016-11-03 10:38:31,0
0,114.01276399999999,22.590467,2016-11-03 10:38:27,1
2,113.92338600000001,22.528617999999998,2016-11-03 10:38:37,0
3,114.04668400000001,22.559348999999997,2016-11-03 10:38:39,1
0,114.00968200000001,22.590134,2016-11-03 10:38:42,1
4,113.94088,22.521467,2016-11-03 10:38:46,0
2,113.923103,22.527767,2016-11-03 10:38:53,0
0,114.007034,22.590467,2016-11-03 10:38:57,1
3,114.045998,22.558733,2016-11-03 10:38:59,1
4,113.94088,22.521467,2016-11-03 10:39:01,0
2,113.92318,22.527201,2016-11-03 10:39:08,0
0,114.003952,22.5909,2016-11-03 10:39:12,1
2,113.923286,22.526617,2016-11-03 10:39:15,0
4,113.941032,22.521967,2016-11-03 10:39:16,0
3,114.04525,22.558132,2016-11-03 10:39:19,1
3,114.04512,22.558033,2016-11-03 10:39:23,0
0,114.001152,22.5909,2016-11-03 10:39:27,1
2,113.92218000000001,22.526217000000003,2016-11-03 10:39:30,0
4,113.941048,22.523649,2016-11-03 10:39:31,0
2,113.92123400000001,22.526667,2016-11-03 10:39:39,0
3,114.04508200000001,22.558018,2016-11-03 10:39:43,0
0,113.99821499999999,22.590232999999998,2016-11-03 10:39:42,1
4,113.94101699999999,22.5254,2016-11-03 10:39:46,0
2,113.921021,22.526699,2016-11-03 10:39:54,0
1,114.035896,22.551767,2016-11-03 10:39:56,0
0,113.99606299999999,22.589382,2016-11-03 10:39:57,1
1,114.03595,22.5518,2016-11-03 10:40:00,0
4,113.94108600000001,22.527117,2016-11-03 10:40:01,0
3,114.044853,22.557782999999997,2016-11-03 10:40:03,0
2,113.92112,22.526751,2016-11-03 10:40:09,0
0,113.99344599999999,22.588283999999998,2016-11-03 10:40:12,1
1,114.03661299999999,22.552099,2016-11-03 10:40:15,0
4,113.94223000000001,22.527317,2016-11-03 10:40:16,0
2,113.92115,22.526783,2016-11-03 10:40:24,0
3,114.04422,22.55735,2016-11-03 10:40:23,0
0,113.99106599999999,22.587366,2016-11-03 10:40:27,1
4,113.94319899999999,22.52725,2016-11-03 10:40:31,0
1,114.03743,22.552517,2016-11-03 10:40:38,0
2,113.92115,22.526783,2016-11-03 10:40:39,0
0,113.988235,22.586767000000002,2016-11-03 10:40:42,1
3,114.0438,22.557234,2016-11-03 10:40:43,0
4,113.94448100000001,22.5273,2016-11-03 10:40:46,0
2,113.920998,22.526833,2016-11-03 10:40:47,0
1,114.03748300000001,22.552584,2016-11-03 10:40:55,0
0,113.985367,22.586468,2016-11-03 10:40:57,1
1,114.03748300000001,22.552584,2016-11-03 10:40:59,1
4,113.944847,22.527282999999997,2016-11-03 10:41:01,0
2,113.920601,22.527,2016-11-03 10:41:02,0
3,114.04293100000001,22.55855,2016-11-03 10:41:03,0
2,113.920502,22.526934,2016-11-03 10:41:10,0
0,113.982101,22.586018,2016-11-03 10:41:12,1
4,113.945549,22.527348999999997,2016-11-03 10:41:16,0
1,114.038521,22.553082999999997,2016-11-03 10:41:16,1
3,114.041702,22.560782999999997,2016-11-03 10:41:23,0
0,113.97914899999999,22.58625,2016-11-03 10:41:27,1
2,113.919449,22.526982999999998,2016-11-03 10:41:25,0
1,114.03923,22.553267,2016-11-03 10:41:31,1
4,113.94722,22.527399,2016-11-03 10:41:31,0
2,113.919067,22.527184,2016-11-03 10:41:40,0
0,113.97583,22.586282999999998,2016-11-03 10:41:42,1
3,114.041496,22.562932999999997,2016-11-03 10:41:43,0
4,113.947479,22.528049,2016-11-03 10:41:46,0
1,114.041229,22.55335,2016-11-03 10:41:54,1
1,114.041229,22.55335,2016-11-03 10:41:55,1
2,113.91905200000001,22.527217999999998,2016-11-03 10:41:55,0
0,113.97298400000001,22.586132,2016-11-03 10:41:57,1
4,113.947502,22.528868,2016-11-03 10:42:01,0
1,114.041832,22.553283999999998,2016-11-03 10:42:02,1
3,114.043465,22.56395,2016-11-03 10:42:03,0
2,113.91902900000001,22.527217999999998,2016-11-03 10:42:10,0
0,113.970001,22.584932000000002,2016-11-03 10:42:12,1
4,113.947533,22.529034,2016-11-03 10:42:16,0
1,114.042999,22.553417,2016-11-03 10:42:17,1
3,114.046051,22.56455,2016-11-03 10:42:23,0
2,113.919067,22.527267000000002,2016-11-03 10:42:25,0
0,113.96808600000001,22.583134,2016-11-03 10:42:27,1
1,114.043549,22.552982,2016-11-03 10:42:32,1
4,113.947533,22.529034,2016-11-03 10:42:31,0
2,113.919151,22.527332,2016-11-03 10:42:40,0
0,113.966698,22.580583999999998,2016-11-03 10:42:42,1
3,114.04871399999999,22.5646,2016-11-03 10:42:43,0
1,114.043648,22.551983,2016-11-03 10:42:47,1
4,113.947533,22.529034,2016-11-03 10:42:46,0
2,113.91848,22.527384,2016-11-03 10:42:55,0
0,113.966103,22.578318,2016-11-03 10:42:57,1
4,113.947533,22.529034,2016-11-03 10:43:01,0
1,114.043449,22.551517,2016-11-03 10:43:02,1
3,114.049332,22.56365,2016-11-03 10:43:03,0
2,113.917,22.527617000000003,2016-11-03 10:43:10,0
1,114.04303,22.551416,2016-11-03 10:43:10,1
4,113.947533,22.529034,2016-11-03 10:43:16,0
2,113.916519,22.52775,2016-11-03 10:43:18,0
3,114.04976699999999,22.562433,2016-11-03 10:43:23,0
1,114.042847,22.551434,2016-11-03 10:43:25,1
2,113.916451,22.528667000000002,2016-11-03 10:43:33,0
1,114.04246499999999,22.551083,2016-11-03 10:43:40,1
2,113.91653400000001,22.528883,2016-11-03 10:43:40,0
3,114.04918700000002,22.561367,2016-11-03 10:43:43,0
4,113.947533,22.529034,2016-11-03 10:43:46,0
0,113.966553,22.569151,2016-11-03 10:43:42,1
1,114.042519,22.55105,2016-11-03 10:43:55,1
2,113.916634,22.5292,2016-11-03 10:43:55,0
0,113.965919,22.566467000000003,2016-11-03 10:43:57,1
4,113.947533,22.529034,2016-11-03 10:44:01,0
3,114.04726399999998,22.559867999999998,2016-11-03 10:44:03,0
1,114.042519,22.551117,2016-11-03 10:44:10,1
2,113.91653400000001,22.529249,2016-11-03 10:44:10,0
4,113.947533,22.529034,2016-11-03 10:44:16,0
0,113.963631,22.564217000000003,2016-11-03 10:44:12,1
3,114.045753,22.558598999999997,2016-11-03 10:44:23,0
1,114.042549,22.551067,2016-11-03 10:44:25,1
2,113.916451,22.529051000000003,2016-11-03 10:44:26,1
0,113.960999,22.563351,2016-11-03 10:44:27,1
4,113.947533,22.529034,2016-11-03 10:44:31,0
2,113.916496,22.528717,2016-11-03 10:44:34,1
1,114.04246499999999,22.550467,2016-11-03 10:44:40,0
0,113.958069,22.5637,2016-11-03 10:44:42,1
3,114.045303,22.558201,2016-11-03 10:44:43,0
4,113.947533,22.529034,2016-11-03 10:44:46,0
1,114.04221299999999,22.550182,2016-11-03 10:44:48,0
2,113.91642,22.527666,2016-11-03 10:44:49,1
0,113.95563500000002,22.56415,2016-11-03 10:44:57,1
4,113.947533,22.529034,2016-11-03 10:45:01,0
3,114.045052,22.557966,2016-11-03 10:45:03,0
1,114.04160300000001,22.549732000000002,2016-11-03 10:45:03,0
2,113.915451,22.527282999999997,2016-11-03 10:45:04,1
0,113.95421599999999,22.565132000000002,2016-11-03 10:45:12,1
2,113.915451,22.527282999999997,2016-11-03 10:45:12,1
4,113.947533,22.529034,2016-11-03 10:45:16,0
1,114.040733,22.549482,2016-11-03 10:45:18,0
3,114.04401399999999,22.5571,2016-11-03 10:45:23,0
0,113.95383500000001,22.5669,2016-11-03 10:45:27,1
2,113.915451,22.527317,2016-11-03 10:45:27,1
4,113.947533,22.529034,2016-11-03 10:45:31,0
1,114.04052,22.549583,2016-11-03 10:45:33,0
2,113.915451,22.527317,2016-11-03 10:45:35,1
3,114.04401399999999,22.5571,2016-11-03 10:45:43,0
0,113.952301,22.567833,2016-11-03 10:45:42,1
4,113.947533,22.529034,2016-11-03 10:45:46,0
1,114.039299,22.549367999999998,2016-11-03 10:45:48,0
2,113.91543600000001,22.527317,2016-11-03 10:45:50,1
0,113.95221699999999,22.566366,2016-11-03 10:45:57,1
4,113.947533,22.529034,2016-11-03 10:46:01,0
3,114.04401399999999,22.5571,2016-11-03 10:46:03,0
1,114.037682,22.54895,2016-11-03 10:46:03,0
2,113.91543600000001,22.527317,2016-11-03 10:46:05,1
0,113.95261399999998,22.565201000000002,2016-11-03 10:46:12,1
4,113.947533,22.529034,2016-11-03 10:46:16,0
1,114.03679699999999,22.548767,2016-11-03 10:46:18,0
2,113.915016,22.527166,2016-11-03 10:46:20,1
3,114.04401399999999,22.5571,2016-11-03 10:46:23,0
4,113.947533,22.529034,2016-11-03 10:46:31,0
1,114.03679699999999,22.548782,2016-11-03 10:46:33,0
2,113.914185,22.52685,2016-11-03 10:46:35,1
0,113.952583,22.563967,2016-11-03 10:46:27,1
3,114.043297,22.556816,2016-11-03 10:46:43,0
0,113.952751,22.562348999999998,2016-11-03 10:46:42,1
4,113.947533,22.529034,2016-11-03 10:46:46,0
1,114.036301,22.5487,2016-11-03 10:46:48,0
2,113.91276599999999,22.526332999999997,2016-11-03 10:46:50,1
1,114.03603400000001,22.548651,2016-11-03 10:46:56,0
0,113.952751,22.560917,2016-11-03 10:46:56,1
4,113.947533,22.529034,2016-11-03 10:47:01,0
3,114.041054,22.556482,2016-11-03 10:47:03,0
2,113.911018,22.525949,2016-11-03 10:47:05,1
1,114.03492,22.548433,2016-11-03 10:47:11,0
4,113.947533,22.529034,2016-11-03 10:47:16,0
2,113.91053000000001,22.525917,2016-11-03 10:47:20,1
3,114.038963,22.556267000000002,2016-11-03 10:47:23,0
0,113.952652,22.560484,2016-11-03 10:47:12,1
0,113.95266699999999,22.55995,2016-11-03 10:47:27,1
4,113.947533,22.529034,2016-11-03 10:47:31,0
2,113.910202,22.5259,2016-11-03 10:47:35,1
1,114.034081,22.5501,2016-11-03 10:47:35,1
1,114.034035,22.550333,2016-11-03 10:47:36,1
0,113.95261399999998,22.5588,2016-11-03 10:47:42,1
1,114.03392,22.551067,2016-11-03 10:47:43,1
3,114.037865,22.556784,2016-11-03 10:47:43,0
4,113.947533,22.529034,2016-11-03 10:47:46,0
2,113.910164,22.525883,2016-11-03 10:47:50,1
0,113.952499,22.557367000000003,2016-11-03 10:47:56,1
1,114.033546,22.55295,2016-11-03 10:47:58,1
4,113.947533,22.529034,2016-11-03 10:48:01,0
3,114.03696399999998,22.558001,2016-11-03 10:48:03,0
2,113.910202,22.525883,2016-11-03 10:48:05,1
0,113.951118,22.556984,2016-11-03 10:48:12,1
1,114.032913,22.553984,2016-11-03 10:48:13,1
4,113.947533,22.529034,2016-11-03 10:48:16,0
2,113.910233,22.525883,2016-11-03 10:48:20,1
3,114.03598000000001,22.558968,2016-11-03 10:48:23,0
0,113.95003500000001,22.556534,2016-11-03 10:48:27,1
4,113.947533,22.529034,2016-11-03 10:48:31,0
2,113.910233,22.52585,2016-11-03 10:48:35,1
0,113.94871499999999,22.556168,2016-11-03 10:48:42,1
3,114.034935,22.559767,2016-11-03 10:48:43,0
4,113.947533,22.529034,2016-11-03 10:48:46,0
2,113.91021699999999,22.525833,2016-11-03 10:48:50,1
4,113.947533,22.529034,2016-11-03 10:49:01,0
3,114.033768,22.560817999999998,2016-11-03 10:49:03,0
0,113.9468,22.555668,2016-11-03 10:48:57,1
2,113.91021699999999,22.525883,2016-11-03 10:49:05,1
0,113.94391599999999,22.555201,2016-11-03 10:49:12,1
4,113.947533,22.529034,2016-11-03 10:49:16,0
2,113.910133,22.525932,2016-11-03 10:49:20,1
3,114.03276799999999,22.560101,2016-11-03 10:49:23,0
0,113.94165,22.555166,2016-11-03 10:49:27,1
2,113.90931699999999,22.5256,2016-11-03 10:49:35,1
0,113.93890400000001,22.55555,2016-11-03 10:49:42,1
4,113.947533,22.529034,2016-11-03 10:49:31,0
4,113.947533,22.529034,2016-11-03 10:49:46,0
2,113.909233,22.524233,2016-11-03 10:49:50,1
1,114.02998400000001,22.556048999999998,2016-11-03 10:48:45,1
1,114.029648,22.556351,2016-11-03 10:48:52,1
1,114.02908300000001,22.556801,2016-11-03 10:49:00,1
1,114.02908300000001,22.556801,2016-11-03 10:49:01,1
1,114.02821399999999,22.557501000000002,2016-11-03 10:49:15,1
1,114.02766399999999,22.557934,2016-11-03 10:49:23,1
3,114.031601,22.558832000000002,2016-11-03 10:49:43,0
0,113.93618000000001,22.5555,2016-11-03 10:49:57,1
4,113.947533,22.529034,2016-11-03 10:50:01,0
3,114.03058600000001,22.557833,2016-11-03 10:50:03,0
2,113.908615,22.522301000000002,2016-11-03 10:50:05,1
0,113.933052,22.555349,2016-11-03 10:50:12,1
2,113.908051,22.52145,2016-11-03 10:50:13,1
4,113.947533,22.529034,2016-11-03 10:50:16,0
3,114.02998400000001,22.557199,2016-11-03 10:50:23,0
0,113.930435,22.55525,2016-11-03 10:50:27,1
2,113.90765400000001,22.520634,2016-11-03 10:50:28,1
4,113.947533,22.529034,2016-11-03 10:50:31,0
3,114.029816,22.557016,2016-11-03 10:50:43,0
4,113.947533,22.529034,2016-11-03 10:50:46,0
2,113.90491499999999,22.517866,2016-11-03 10:50:51,1
4,113.947533,22.529034,2016-11-03 10:51:01,0
3,114.029816,22.557016,2016-11-03 10:51:03,0
2,113.904381,22.517483,2016-11-03 10:51:06,1
4,113.947533,22.529034,2016-11-03 10:51:17,0
2,113.904053,22.517134,2016-11-03 10:51:21,1
3,114.029816,22.557016,2016-11-03 10:51:23,0
4,113.947533,22.529034,2016-11-03 10:51:32,0
2,113.903999,22.517082000000002,2016-11-03 10:51:36,1
3,114.029335,22.556732,2016-11-03 10:51:43,0
4,113.947533,22.529034,2016-11-03 10:51:47,0
1,114.021584,22.5604,2016-11-03 10:51:50,1
2,113.90403,22.517151000000002,2016-11-03 10:51:51,1
1,114.020798,22.560333,2016-11-03 10:51:58,1
4,113.947533,22.529034,2016-11-03 10:52:02,0
3,114.028053,22.557716,2016-11-03 10:52:03,0
2,113.903999,22.517117000000002,2016-11-03 10:52:06,1
0,113.911217,22.552868,2016-11-03 10:52:14,1
1,114.01847099999999,22.560316,2016-11-03 10:52:13,1
0,113.910896,22.552717,2016-11-03 10:52:16,1
4,113.947533,22.529034,2016-11-03 10:52:17,0
2,113.903999,22.517117000000002,2016-11-03 10:52:21,1
1,114.016953,22.560316,2016-11-03 10:52:21,1
3,114.02593200000001,22.559317,2016-11-03 10:52:23,0
0,113.909714,22.5522,2016-11-03 10:52:25,1
4,113.947533,22.529034,2016-11-03 10:52:32,0
1,114.014214,22.560066,2016-11-03 10:52:36,1
2,113.903999,22.517117000000002,2016-11-03 10:52:36,1
0,113.908165,22.551817,2016-11-03 10:52:40,1
3,114.024803,22.56175,2016-11-03 10:52:43,0
4,113.947533,22.529034,2016-11-03 10:52:47,0
1,114.01121499999999,22.559217,2016-11-03 10:52:51,1
2,113.90398400000001,22.517117000000002,2016-11-03 10:52:51,1
0,113.907898,22.552,2016-11-03 10:52:55,1
4,113.947533,22.529034,2016-11-03 10:53:01,0
3,114.02533000000001,22.5627,2016-11-03 10:53:03,0
2,113.904068,22.517183,2016-11-03 10:53:06,1
1,114.008881,22.558232999999998,2016-11-03 10:53:06,1
0,113.907349,22.552782,2016-11-03 10:53:10,1
1,114.007751,22.557734,2016-11-03 10:53:14,1
4,113.947533,22.529034,2016-11-03 10:53:16,0
2,113.90396899999999,22.517032999999998,2016-11-03 10:53:21,1
3,114.027565,22.563101,2016-11-03 10:53:23,0
0,113.90646399999999,22.554466,2016-11-03 10:53:25,1
1,114.00565300000001,22.556832999999997,2016-11-03 10:53:29,1
4,113.947533,22.529034,2016-11-03 10:53:31,0
2,113.903198,22.516268,2016-11-03 10:53:36,1
1,114.004547,22.5564,2016-11-03 10:53:37,1
0,113.90536499999999,22.555933,2016-11-03 10:53:40,1
3,114.02903,22.563368,2016-11-03 10:53:43,0
4,113.947533,22.529034,2016-11-03 10:53:46,0
2,113.90194699999999,22.515017,2016-11-03 10:53:51,1
0,113.90416699999999,22.55715,2016-11-03 10:53:55,1
4,113.947533,22.529034,2016-11-03 10:54:01,0
3,114.029831,22.563932,2016-11-03 10:54:03,0
2,113.900749,22.513817,2016-11-03 10:54:06,1
0,113.902679,22.558718,2016-11-03 10:54:10,1
4,113.947533,22.529034,2016-11-03 10:54:16,0
2,113.899597,22.512698999999998,2016-11-03 10:54:21,1
3,114.02946499999999,22.565451,2016-11-03 10:54:23,0
4,113.947533,22.529034,2016-11-03 10:54:31,0
0,113.902229,22.559151,2016-11-03 10:54:25,1
2,113.898117,22.511217000000002,2016-11-03 10:54:36,1
0,113.902229,22.559151,2016-11-03 10:54:40,1
3,114.03013600000001,22.566882999999997,2016-11-03 10:54:43,0
4,113.947533,22.529034,2016-11-03 10:54:46,0
2,113.8965,22.51025,2016-11-03 10:54:51,1
0,113.902229,22.559151,2016-11-03 10:54:55,1
4,113.947533,22.529034,2016-11-03 10:55:01,0
3,114.03081499999999,22.567368,2016-11-03 10:55:03,0
1,114.001236,22.555933,2016-11-03 10:54:00,1
1,114.00093100000001,22.555918,2016-11-03 10:54:01,1
1,114.0,22.555882999999998,2016-11-03 10:54:08,1
1,113.998779,22.555866,2016-11-03 10:54:16,1
2,113.895981,22.509951,2016-11-03 10:55:06,1
0,113.9021,22.559233,2016-11-03 10:55:10,1
4,113.94789899999999,22.530067000000003,2016-11-03 10:55:17,0
2,113.89595,22.509951,2016-11-03 10:55:21,1
3,114.032082,22.5669,2016-11-03 10:55:23,0
0,113.901665,22.559584,2016-11-03 10:55:25,1
2,113.895569,22.509632,2016-11-03 10:55:29,1
4,113.94901999999999,22.530148999999998,2016-11-03 10:55:31,0
0,113.90173300000001,22.5599,2016-11-03 10:55:40,1
3,114.03306599999999,22.566584,2016-11-03 10:55:43,0
2,113.89486699999999,22.50885,2016-11-03 10:55:44,1
4,113.949951,22.530216,2016-11-03 10:55:46,0
0,113.90173300000001,22.5599,2016-11-03 10:55:55,1
2,113.89353200000001,22.507116,2016-11-03 10:55:59,1
2,113.892899,22.506132,2016-11-03 10:56:07,1
2,113.89218100000001,22.504832999999998,2016-11-03 10:56:22,1
0,113.90173300000001,22.5599,2016-11-03 10:56:25,1
2,113.89191399999999,22.504499,2016-11-03 10:56:37,1
0,113.90173300000001,22.5599,2016-11-03 10:56:40,1
1,113.97676799999999,22.557033999999998,2016-11-03 10:56:48,1
2,113.89138,22.503432999999998,2016-11-03 10:56:52,1
1,113.97592900000001,22.556883,2016-11-03 10:56:56,1
3,114.03306599999999,22.566584,2016-11-03 10:56:03,0
2,113.890419,22.501883,2016-11-03 10:57:07,1
4,113.95015,22.533082999999998,2016-11-03 10:56:16,0
0,113.903267,22.561317000000003,2016-11-03 10:57:10,1
3,114.03306599999999,22.566584,2016-11-03 10:56:23,0
2,113.889351,22.50095,2016-11-03 10:57:22,1
4,113.950401,22.534917999999998,2016-11-03 10:56:32,0
1,113.972214,22.556998999999998,2016-11-03 10:57:26,1
2,113.889198,22.500851,2016-11-03 10:57:37,1
0,113.903397,22.561449,2016-11-03 10:57:40,1
1,113.970329,22.557699,2016-11-03 10:57:41,0
4,113.95151499999999,22.535534,2016-11-03 10:56:47,0
1,113.970367,22.557751,2016-11-03 10:57:57,0
4,113.952751,22.535366,2016-11-03 10:57:01,0
0,113.903397,22.561449,2016-11-03 10:58:10,1
1,113.970047,22.557934,2016-11-03 10:58:12,0
2,113.88787099999999,22.499367000000003,2016-11-03 10:58:15,1
0,113.903397,22.561449,2016-11-03 10:58:25,1
1,113.96826899999999,22.557949,2016-11-03 10:58:27,0
4,113.956268,22.534983,2016-11-03 10:57:32,0
0,113.903397,22.561449,2016-11-03 10:58:40,1
3,114.03649899999999,22.565718,2016-11-03 10:57:43,0
2,113.886665,22.498317999999998,2016-11-03 10:58:45,1
4,113.958321,22.534651,2016-11-03 10:57:47,0
2,113.886665,22.498317999999998,2016-11-03 10:58:53,1
0,113.903481,22.561501,2016-11-03 10:58:55,1
1,113.96505,22.557833,2016-11-03 10:58:50,0
1,113.964684,22.557751,2016-11-03 10:58:52,0
1,113.963699,22.557568,2016-11-03 10:58:58,0
3,114.03875,22.565732999999998,2016-11-03 10:58:04,0
1,113.96266899999999,22.557917,2016-11-03 10:59:06,0
4,113.959015,22.532417000000002,2016-11-03 10:58:17,0
3,114.040001,22.563433,2016-11-03 10:58:24,0
4,113.959053,22.530898999999998,2016-11-03 10:58:32,0
4,113.96008300000001,22.530916,2016-11-03 10:58:46,0
2,113.88606999999999,22.497351000000002,2016-11-03 10:59:23,1
0,113.903481,22.561501,2016-11-03 10:59:25,1
3,114.041451,22.560717,2016-11-03 10:58:44,0
1,113.96206699999999,22.559217,2016-11-03 10:59:30,0
4,113.96098300000001,22.531017000000002,2016-11-03 10:59:02,0
1,113.96196699999999,22.558649,2016-11-03 10:59:36,0
0,113.903481,22.561501,2016-11-03 10:59:40,1
4,113.962318,22.531532000000002,2016-11-03 10:59:32,0
3,114.042503,22.558767,2016-11-03 10:59:04,0
4,113.96228,22.533167000000002,2016-11-03 10:59:47,0
1,113.9617,22.556334,2016-11-03 10:59:51,0
2,113.887215,22.495167000000002,2016-11-03 10:59:53,1
0,113.903481,22.561501,2016-11-03 10:59:55,1
3,114.04335,22.557249,2016-11-03 10:59:24,0
3,114.04248,22.556601,2016-11-03 10:59:44,0
4,113.96302,22.5333,2016-11-03 11:00:02,0
3,114.04068000000001,22.556433,2016-11-03 11:00:04,0
1,113.96136499999999,22.55415,2016-11-03 11:00:06,0
2,113.88756599999999,22.4939,2016-11-03 11:00:08,1
0,113.903603,22.561567,2016-11-03 11:00:10,1
2,113.887749,22.492932999999997,2016-11-03 11:00:16,1
4,113.96498100000001,22.5326,2016-11-03 11:00:17,0
1,113.961197,22.553101,2016-11-03 11:00:21,0
3,114.04036699999999,22.556383,2016-11-03 11:00:24,0
0,113.903931,22.56185,2016-11-03 11:00:25,1
2,113.887703,22.491217000000002,2016-11-03 11:00:31,1
4,113.96698,22.531866,2016-11-03 11:00:32,0
1,113.961197,22.553066,2016-11-03 11:00:36,0
0,113.903931,22.56185,2016-11-03 11:00:40,1
3,114.04036699999999,22.556383,2016-11-03 11:00:44,0
1,113.961151,22.55275,2016-11-03 11:00:44,0
2,113.88776399999999,22.490732,2016-11-03 11:00:46,1
4,113.969398,22.531,2016-11-03 11:00:47,0
0,113.903931,22.56185,2016-11-03 11:00:55,1
1,113.961868,22.552517,2016-11-03 11:00:59,0
2,113.88713100000001,22.490999,2016-11-03 11:01:01,1
4,113.971733,22.530184,2016-11-03 11:01:02,0
3,114.04036699999999,22.556383,2016-11-03 11:01:04,0
0,113.903931,22.56185,2016-11-03 11:01:10,1
1,113.962585,22.552,2016-11-03 11:01:14,0
2,113.88649699999999,22.491132999999998,2016-11-03 11:01:16,1
4,113.973114,22.529699,2016-11-03 11:01:17,0
3,114.039452,22.5562,2016-11-03 11:01:24,0
0,113.903931,22.56185,2016-11-03 11:01:25,1
1,113.963402,22.55155,2016-11-03 11:01:29,0
2,113.88743600000001,22.490334,2016-11-03 11:01:31,1
4,113.973114,22.529699,2016-11-03 11:01:32,0
0,113.903931,22.56185,2016-11-03 11:01:40,1
3,114.03875,22.556133,2016-11-03 11:01:44,0
1,113.964104,22.551718,2016-11-03 11:01:44,0
4,113.973785,22.529484,2016-11-03 11:01:47,0
0,113.903931,22.56185,2016-11-03 11:01:55,1
2,113.888268,22.48855,2016-11-03 11:01:55,1
1,113.96448500000001,22.551767,2016-11-03 11:01:59,0
2,113.888268,22.488016000000002,2016-11-03 11:02:01,1
4,113.975548,22.528851,2016-11-03 11:02:02,0
3,114.03875,22.556133,2016-11-03 11:02:04,0
0,113.903931,22.56185,2016-11-03 11:02:10,1
1,113.964569,22.551783,2016-11-03 11:02:14,0
2,113.88831299999998,22.48675,2016-11-03 11:02:16,1
4,113.97783700000001,22.528217,2016-11-03 11:02:17,0
3,114.03706399999999,22.555933,2016-11-03 11:02:24,0
0,113.903931,22.56185,2016-11-03 11:02:25,1
1,113.96481299999999,22.551817,2016-11-03 11:02:29,0
2,113.888084,22.4858,2016-11-03 11:02:31,1
4,113.980347,22.528617999999998,2016-11-03 11:02:32,0
0,113.903931,22.56185,2016-11-03 11:02:40,1
1,113.965446,22.5522,2016-11-03 11:02:44,0
3,114.034752,22.55475,2016-11-03 11:02:44,0
4,113.98283400000001,22.529083,2016-11-03 11:02:47,0
1,113.965736,22.552366,2016-11-03 11:02:52,0
2,113.887901,22.485001,2016-11-03 11:02:45,1
0,113.903931,22.56185,2016-11-03 11:02:55,1
4,113.98553500000001,22.529532999999997,2016-11-03 11:03:02,0
2,113.887901,22.484632,2016-11-03 11:03:01,1
3,114.03437,22.554333,2016-11-03 11:03:04,0
1,113.96633100000001,22.552401,2016-11-03 11:03:07,0
0,113.90396899999999,22.562067000000003,2016-11-03 11:03:10,1
4,113.98773200000001,22.529917,2016-11-03 11:03:17,0
2,113.88874799999999,22.484333,2016-11-03 11:03:16,1
1,113.96637,22.552467,2016-11-03 11:03:22,0
3,114.035248,22.554282999999998,2016-11-03 11:03:24,0
0,113.90336599999999,22.562732999999998,2016-11-03 11:03:25,1
1,113.966454,22.552532,2016-11-03 11:03:30,0
4,113.988281,22.530018,2016-11-03 11:03:32,0
2,113.88946499999999,22.484734,2016-11-03 11:03:31,1
0,113.90332,22.562767,2016-11-03 11:03:40,0
3,114.03551499999999,22.553066,2016-11-03 11:03:44,0
1,113.967102,22.552584,2016-11-03 11:03:45,0
4,113.988281,22.530018,2016-11-03 11:03:47,0
2,113.889481,22.484818,2016-11-03 11:03:45,0
1,113.96766699999999,22.552584,2016-11-03 11:03:53,0
1,113.96783400000001,22.552584,2016-11-03 11:03:55,0
0,113.90332,22.562767,2016-11-03 11:03:55,0
4,113.989182,22.530199,2016-11-03 11:04:02,0
3,114.035629,22.552401,2016-11-03 11:04:04,0
2,113.88942,22.4848,2016-11-03 11:04:01,0
1,113.96888,22.552517,2016-11-03 11:04:08,0
0,113.90332,22.562767,2016-11-03 11:04:10,0
4,113.990067,22.53035,2016-11-03 11:04:17,0
3,114.035629,22.552401,2016-11-03 11:04:24,0
0,113.90332,22.562767,2016-11-03 11:04:25,0
1,113.96988700000001,22.5527,2016-11-03 11:04:23,0
4,113.990334,22.530367000000002,2016-11-03 11:04:32,0
2,113.889503,22.484818,2016-11-03 11:04:31,0
1,113.97088600000001,22.552151000000002,2016-11-03 11:04:38,0
2,113.88951899999999,22.48485,2016-11-03 11:04:39,0
0,113.903015,22.562967,2016-11-03 11:04:40,0
3,114.035629,22.552401,2016-11-03 11:04:44,0
4,113.990334,22.530367000000002,2016-11-03 11:04:47,0
1,113.97201499999998,22.551767,2016-11-03 11:04:53,0
2,113.88953400000001,22.484818,2016-11-03 11:04:54,0
0,113.90258,22.563433,2016-11-03 11:04:55,0
4,113.990334,22.530367000000002,2016-11-03 11:05:02,0
3,114.035629,22.552401,2016-11-03 11:05:04,0
1,113.97253400000001,22.552151000000002,2016-11-03 11:05:08,0
2,113.88887,22.484484,2016-11-03 11:05:09,0
0,113.90213,22.56385,2016-11-03 11:05:10,0
4,113.990334,22.530367000000002,2016-11-03 11:05:17,0
1,113.973785,22.553267,2016-11-03 11:05:23,0
3,114.035629,22.552401,2016-11-03 11:05:24,0
0,113.90203100000001,22.5639,2016-11-03 11:05:25,0
2,113.88780200000001,22.484716,2016-11-03 11:05:24,0
2,113.888,22.485149,2016-11-03 11:05:32,0
4,113.990334,22.530367000000002,2016-11-03 11:05:32,0
1,113.974747,22.553333,2016-11-03 11:05:38,0
0,113.90216799999999,22.563551,2016-11-03 11:05:40,0
3,114.035629,22.552401,2016-11-03 11:05:44,0
4,113.990334,22.530367000000002,2016-11-03 11:05:47,0
2,113.888168,22.485968,2016-11-03 11:05:48,0
1,113.975121,22.552882999999998,2016-11-03 11:05:46,0
0,113.902534,22.563217,2016-11-03 11:05:55,0
1,113.97648600000001,22.551718,2016-11-03 11:06:01,0
4,113.990334,22.530367000000002,2016-11-03 11:06:02,0
3,114.035629,22.552401,2016-11-03 11:06:04,0
2,113.88818400000001,22.487083,2016-11-03 11:06:03,0
0,113.90287,22.562932999999997,2016-11-03 11:06:10,0
1,113.978035,22.550667,2016-11-03 11:06:17,0
4,113.990334,22.530367000000002,2016-11-03 11:06:17,0
2,113.888268,22.488433999999998,2016-11-03 11:06:18,0
3,114.035629,22.552401,2016-11-03 11:06:24,0
0,113.90353400000001,22.562282999999997,2016-11-03 11:06:25,0
1,113.97921799999999,22.550051,2016-11-03 11:06:32,0
4,113.990334,22.530367000000002,2016-11-03 11:06:32,0
2,113.88773300000001,22.489849,2016-11-03 11:06:33,0
0,113.90366399999999,22.562201,2016-11-03 11:06:40,0
3,114.035629,22.552401,2016-11-03 11:06:44,0
1,113.97996499999999,22.549383,2016-11-03 11:06:47,0
4,113.990334,22.530367000000002,2016-11-03 11:06:47,0
1,113.98031599999999,22.5492,2016-11-03 11:06:55,0
0,113.90366399999999,22.562201,2016-11-03 11:06:55,0
2,113.886902,22.491167,2016-11-03 11:06:57,0
4,113.990334,22.530367000000002,2016-11-03 11:07:02,0
3,114.035629,22.552401,2016-11-03 11:07:04,0
2,113.887184,22.490801,2016-11-03 11:07:03,0
1,113.980934,22.549,2016-11-03 11:07:10,0
0,113.90366399999999,22.562201,2016-11-03 11:07:10,0
4,113.990334,22.530367000000002,2016-11-03 11:07:17,0
2,113.887634,22.490582999999997,2016-11-03 11:07:18,0
3,114.035629,22.552401,2016-11-03 11:07:24,0
1,113.98113300000001,22.548932999999998,2016-11-03 11:07:25,0
0,113.90366399999999,22.562201,2016-11-03 11:07:25,0
4,113.990334,22.530367000000002,2016-11-03 11:07:32,0
2,113.888046,22.490499,2016-11-03 11:07:33,0
0,113.90366399999999,22.562201,2016-11-03 11:07:40,0
3,114.035629,22.552401,2016-11-03 11:07:44,0
4,113.990334,22.530367000000002,2016-11-03 11:07:47,0
1,113.982735,22.547701,2016-11-03 11:07:48,0
2,113.88818400000001,22.491501,2016-11-03 11:07:48,0
0,113.90366399999999,22.562201,2016-11-03 11:07:55,0
1,113.98436699999999,22.546332999999997,2016-11-03 11:08:03,0
4,113.990334,22.530367000000002,2016-11-03 11:08:02,0
2,113.88777900000001,22.493834,2016-11-03 11:08:03,0
3,114.035629,22.552401,2016-11-03 11:08:04,0
0,113.90381599999999,22.562332,2016-11-03 11:08:10,0
4,113.990334,22.530367000000002,2016-11-03 11:08:17,0
1,113.985519,22.545366,2016-11-03 11:08:18,0
2,113.88738300000001,22.495333,2016-11-03 11:08:18,0
3,114.035629,22.552401,2016-11-03 11:08:24,0
1,113.986198,22.544783,2016-11-03 11:08:26,0
0,113.904198,22.561768,2016-11-03 11:08:25,0
4,113.990334,22.530367000000002,2016-11-03 11:08:32,0
2,113.88728300000001,22.49655,2016-11-03 11:08:33,0
0,113.90486899999999,22.561033,2016-11-03 11:08:40,0
1,113.98798400000001,22.543633,2016-11-03 11:08:41,0
3,114.035629,22.552401,2016-11-03 11:08:44,0
4,113.990334,22.530367000000002,2016-11-03 11:08:47,0
2,113.887199,22.496733,2016-11-03 11:08:48,0
0,113.90535,22.560534,2016-11-03 11:08:55,0
1,113.99025,22.543568,2016-11-03 11:08:58,0
4,113.990334,22.530367000000002,2016-11-03 11:09:02,0
3,114.035629,22.552401,2016-11-03 11:09:04,0
2,113.887199,22.496733,2016-11-03 11:09:03,0
1,113.990852,22.543516,2016-11-03 11:09:04,0
0,113.905533,22.560333,2016-11-03 11:09:10,0
4,113.990334,22.530367000000002,2016-11-03 11:09:17,0
2,113.887199,22.496733,2016-11-03 11:09:18,0
1,113.991501,22.542267000000002,2016-11-03 11:09:19,0
3,114.035629,22.552401,2016-11-03 11:09:24,0
2,113.88760400000001,22.497833,2016-11-03 11:09:33,0
1,113.99181399999999,22.540518,2016-11-03 11:09:34,0
0,113.905899,22.559967,2016-11-03 11:09:25,0
0,113.90608200000001,22.559816,2016-11-03 11:09:40,0
4,113.990334,22.530367000000002,2016-11-03 11:09:32,0
3,114.035629,22.552401,2016-11-03 11:09:44,0
4,113.990334,22.530367000000002,2016-11-03 11:09:47,0
2,113.88746599999999,22.497816,2016-11-03 11:09:48,0
1,113.992149,22.538467,2016-11-03 11:09:49,0
0,113.90608200000001,22.559816,2016-11-03 11:09:55,0
4,113.990334,22.530367000000002,2016-11-03 11:10:02,0
1,113.99231699999999,22.537083,2016-11-03 11:10:04,0
3,114.035629,22.552401,2016-11-03 11:10:04,0
2,113.88746599999999,22.497816,2016-11-03 11:10:03,0
0,113.90625,22.559584,2016-11-03 11:10:10,0
4,113.990334,22.530367000000002,2016-11-03 11:10:17,0
2,113.886467,22.49815,2016-11-03 11:10:18,0
1,113.992516,22.535816,2016-11-03 11:10:19,0
3,114.035629,22.552401,2016-11-03 11:10:24,0
0,113.90648700000001,22.559299,2016-11-03 11:10:25,0
4,113.990334,22.530367000000002,2016-11-03 11:10:32,0
2,113.887703,22.499166,2016-11-03 11:10:33,0
1,113.992531,22.535816,2016-11-03 11:10:34,0
0,113.90716599999999,22.558666,2016-11-03 11:10:40,0
3,114.035629,22.552401,2016-11-03 11:10:44,0
4,113.990334,22.530367000000002,2016-11-03 11:10:47,0
2,113.888466,22.499866,2016-11-03 11:10:48,0
1,113.992554,22.535833,2016-11-03 11:10:49,0
0,113.90751599999999,22.558384,2016-11-03 11:10:55,0
4,113.990334,22.530367000000002,2016-11-03 11:11:02,0
2,113.888847,22.500418,2016-11-03 11:11:03,0
3,114.035629,22.552401,2016-11-03 11:11:04,0
1,113.99256899999999,22.535833,2016-11-03 11:11:04,0
0,113.907753,22.558416,2016-11-03 11:11:10,0
4,113.990334,22.530367000000002,2016-11-03 11:11:17,0
2,113.88971699999999,22.50115,2016-11-03 11:11:18,0
1,113.99258400000001,22.535851,2016-11-03 11:11:19,0
3,114.035629,22.552401,2016-11-03 11:11:24,0
0,113.908096,22.558683,2016-11-03 11:11:25,0
4,113.990334,22.530367000000002,2016-11-03 11:11:32,0
2,113.890549,22.501867,2016-11-03 11:11:33,0
1,113.99258400000001,22.535767,2016-11-03 11:11:34,0
0,113.90906499999998,22.559366,2016-11-03 11:11:40,0
3,114.035629,22.552401,2016-11-03 11:11:44,0
2,113.891319,22.503166,2016-11-03 11:11:48,0
4,113.990334,22.530367000000002,2016-11-03 11:11:47,0
1,113.99276699999999,22.534482999999998,2016-11-03 11:11:49,0
0,113.909851,22.559932999999997,2016-11-03 11:11:55,0
1,113.99288200000001,22.533934,2016-11-03 11:11:57,0
2,113.89166999999999,22.503851,2016-11-03 11:11:55,0
4,113.990334,22.530367000000002,2016-11-03 11:12:02,0
3,114.035629,22.552401,2016-11-03 11:12:04,0
0,113.910316,22.560266,2016-11-03 11:12:10,0
2,113.891853,22.504066,2016-11-03 11:12:10,0
1,113.99301899999999,22.532667,2016-11-03 11:12:12,0
4,113.990334,22.530367000000002,2016-11-03 11:12:17,0
1,113.993149,22.532017,2016-11-03 11:12:20,0
3,114.035629,22.552401,2016-11-03 11:12:24,0
0,113.910629,22.560432000000002,2016-11-03 11:12:25,0
2,113.891602,22.503933,2016-11-03 11:12:25,0
4,113.990334,22.530367000000002,2016-11-03 11:12:32,0
1,113.99337,22.530617000000003,2016-11-03 11:12:35,0
0,113.911514,22.559584,2016-11-03 11:12:40,0
2,113.89173100000001,22.503901000000003,2016-11-03 11:12:40,0
3,114.035629,22.552401,2016-11-03 11:12:44,0
4,113.990334,22.530367000000002,2016-11-03 11:12:47,0
1,113.993652,22.528799,2016-11-03 11:12:50,0
0,113.91338300000001,22.559116,2016-11-03 11:12:55,0
2,113.891701,22.503901000000003,2016-11-03 11:12:55,0
4,113.990334,22.530367000000002,2016-11-03 11:13:02,0
3,114.035629,22.552401,2016-11-03 11:13:04,0
1,113.994019,22.526583,2016-11-03 11:13:05,0
2,113.891701,22.503918,2016-11-03 11:13:10,0
1,113.994118,22.525667000000002,2016-11-03 11:13:13,0
4,113.990334,22.530367000000002,2016-11-03 11:13:17,0
3,114.035629,22.552401,2016-11-03 11:13:24,0
2,113.8918,22.50415,2016-11-03 11:13:19,0
0,113.915916,22.559182999999997,2016-11-03 11:13:10,0
0,113.916435,22.559168,2016-11-03 11:13:25,0
1,113.99346899999999,22.525049,2016-11-03 11:13:28,0
4,113.990334,22.530367000000002,2016-11-03 11:13:32,0
2,113.892601,22.50565,2016-11-03 11:13:34,0
0,113.916435,22.559168,2016-11-03 11:13:40,0
2,113.893303,22.506718,2016-11-03 11:13:42,0
1,113.992851,22.526016000000002,2016-11-03 11:13:43,0
3,114.035629,22.552401,2016-11-03 11:13:44,0
4,113.990334,22.530367000000002,2016-11-03 11:13:47,0
0,113.916435,22.559168,2016-11-03 11:13:55,0
2,113.894585,22.508484,2016-11-03 11:13:57,0
1,113.99416399999998,22.526966,2016-11-03 11:13:58,0
4,113.990334,22.530367000000002,2016-11-03 11:14:02,0
3,114.035629,22.552401,2016-11-03 11:14:04,0
0,113.916481,22.559217,2016-11-03 11:14:10,0
2,113.89583600000002,22.509783,2016-11-03 11:14:12,0
1,113.99553700000001,22.528116,2016-11-03 11:14:13,0
4,113.990334,22.530367000000002,2016-11-03 11:14:17,0
3,114.035629,22.552401,2016-11-03 11:14:24,0
0,113.91758,22.5592,2016-11-03 11:14:25,0
2,113.898117,22.510932999999998,2016-11-03 11:14:27,0
4,113.990334,22.530367000000002,2016-11-03 11:14:32,0
1,113.997368,22.5291,2016-11-03 11:14:28,0
1,113.998581,22.529551,2016-11-03 11:14:36,0
1,113.998901,22.52965,2016-11-03 11:14:37,0
0,113.918884,22.558982999999998,2016-11-03 11:14:40,0
2,113.899551,22.5126,2016-11-03 11:14:42,0
3,114.035629,22.552401,2016-11-03 11:14:44,0
1,113.99991599999998,22.529882,2016-11-03 11:14:44,0
4,113.990334,22.530367000000002,2016-11-03 11:14:47,0
2,113.900116,22.513067000000003,2016-11-03 11:14:50,0
0,113.91871599999999,22.557768,2016-11-03 11:14:55,0
1,114.00281499999998,22.530033,2016-11-03 11:14:59,0
4,113.990334,22.530367000000002,2016-11-03 11:15:03,0
3,114.035629,22.552401,2016-11-03 11:15:04,0
2,113.90018500000001,22.513082999999998,2016-11-03 11:15:05,0
0,113.918365,22.556,2016-11-03 11:15:10,0
1,114.00533300000001,22.529734,2016-11-03 11:15:14,0
4,113.990334,22.530367000000002,2016-11-03 11:15:18,0
2,113.900131,22.51305,2016-11-03 11:15:20,0
3,114.035629,22.552401,2016-11-03 11:15:24,0
0,113.918297,22.554282999999998,2016-11-03 11:15:25,0
1,114.008202,22.529516,2016-11-03 11:15:29,0
4,113.990334,22.530367000000002,2016-11-03 11:15:33,0
2,113.900131,22.513067000000003,2016-11-03 11:15:35,0
0,113.91832,22.553682000000002,2016-11-03 11:15:40,0
1,114.01075,22.529867000000003,2016-11-03 11:15:44,0
3,114.035629,22.552401,2016-11-03 11:15:44,0
4,113.990334,22.530367000000002,2016-11-03 11:15:48,0
2,113.900116,22.513067000000003,2016-11-03 11:15:50,0
0,113.91848,22.55385,2016-11-03 11:15:55,0
1,114.01366399999999,22.53055,2016-11-03 11:15:59,0
4,113.990334,22.530367000000002,2016-11-03 11:16:03,0
3,114.035629,22.552401,2016-11-03 11:16:04,0
2,113.900253,22.513117,2016-11-03 11:16:05,0
0,113.918549,22.554867,2016-11-03 11:16:10,0
1,114.016167,22.531133999999998,2016-11-03 11:16:14,0
4,113.990334,22.530367000000002,2016-11-03 11:16:18,0
2,113.901215,22.514167999999998,2016-11-03 11:16:20,0
3,114.035629,22.552401,2016-11-03 11:16:24,0
0,113.918732,22.555232999999998,2016-11-03 11:16:25,0
1,114.01893600000001,22.531717,2016-11-03 11:16:29,0
4,113.990334,22.530367000000002,2016-11-03 11:16:33,0
2,113.902603,22.515532999999998,2016-11-03 11:16:35,0
1,114.02037,22.5319,2016-11-03 11:16:37,0
0,113.92001299999998,22.555283,2016-11-03 11:16:40,0
3,114.035629,22.552401,2016-11-03 11:16:44,0
4,113.990334,22.530367000000002,2016-11-03 11:16:47,0
2,113.90353400000001,22.516382,2016-11-03 11:16:50,0
1,114.022667,22.531816,2016-11-03 11:16:52,0
0,113.92171499999999,22.55525,2016-11-03 11:16:55,0
4,113.990334,22.530367000000002,2016-11-03 11:17:02,0
3,114.035629,22.552401,2016-11-03 11:17:04,0
2,113.90446499999999,22.516001,2016-11-03 11:17:05,0
0,113.923317,22.555149,2016-11-03 11:17:10,0
2,113.904999,22.515734,2016-11-03 11:17:13,0
4,113.990334,22.530367000000002,2016-11-03 11:17:17,0
3,114.035629,22.552401,2016-11-03 11:17:24,0
0,113.924484,22.55505,2016-11-03 11:17:25,0
2,113.906052,22.515232,2016-11-03 11:17:28,0
4,113.990334,22.530367000000002,2016-11-03 11:17:32,0
1,114.02456699999999,22.531317,2016-11-03 11:17:07,0
1,114.02533000000001,22.530849,2016-11-03 11:17:15,0
1,114.02533000000001,22.530849,2016-11-03 11:17:16,0
1,114.02606999999999,22.530001000000002,2016-11-03 11:17:23,0
1,114.02698500000001,22.529132999999998,2016-11-03 11:17:31,0
1,114.02698500000001,22.529132999999998,2016-11-03 11:17:32,0
0,113.92618600000002,22.555032999999998,2016-11-03 11:17:40,0
2,113.907234,22.514833,2016-11-03 11:17:43,0
3,114.035629,22.552401,2016-11-03 11:17:44,0
1,114.02896899999999,22.528098999999997,2016-11-03 11:17:46,0
4,113.990334,22.530367000000002,2016-11-03 11:17:47,0
0,113.92778,22.555,2016-11-03 11:17:55,0
2,113.9077,22.514732000000002,2016-11-03 11:17:58,0
4,113.990334,22.530367000000002,2016-11-03 11:18:02,0
3,114.035629,22.552401,2016-11-03 11:18:04,0
1,114.03138,22.526833,2016-11-03 11:18:09,0
1,114.03138,22.526833,2016-11-03 11:18:10,0
2,113.908546,22.514566000000002,2016-11-03 11:18:13,0
4,113.990334,22.530367000000002,2016-11-03 11:18:17,0
0,113.92935200000001,22.555017000000003,2016-11-03 11:18:10,0
0,113.92952,22.554083,2016-11-03 11:18:25,0
2,113.909203,22.514549,2016-11-03 11:18:28,0
1,114.03218100000001,22.526318,2016-11-03 11:18:24,0
1,114.03220400000001,22.5263,2016-11-03 11:18:33,0
1,114.03220400000001,22.526283,2016-11-03 11:18:39,0
0,113.928734,22.554533,2016-11-03 11:18:40,0
2,113.909485,22.514601000000003,2016-11-03 11:18:43,0
3,114.035629,22.552401,2016-11-03 11:18:24,0
4,113.990334,22.530367000000002,2016-11-03 11:18:32,0
1,114.03220400000001,22.526283,2016-11-03 11:18:47,0
3,114.035629,22.552401,2016-11-03 11:18:44,0
4,113.990334,22.530367000000002,2016-11-03 11:18:47,0
0,113.92876399999999,22.556116,2016-11-03 11:18:55,0
4,113.990334,22.530367000000002,2016-11-03 11:18:56,1
2,113.909554,22.514833,2016-11-03 11:18:58,0
1,114.03218100000001,22.526283,2016-11-03 11:19:02,0
3,114.035629,22.552401,2016-11-03 11:19:04,0
1,114.032402,22.526167,2016-11-03 11:19:10,0
0,113.928886,22.55735,2016-11-03 11:19:10,0
4,113.99192,22.530701,2016-11-03 11:19:11,1
2,113.909035,22.515133,2016-11-03 11:19:13,0
3,114.035629,22.552401,2016-11-03 11:19:24,0
1,114.033813,22.525482,2016-11-03 11:19:25,0
0,113.928932,22.55765,2016-11-03 11:19:25,0
2,113.908501,22.515368,2016-11-03 11:19:28,0
4,113.99286699999999,22.530916,2016-11-03 11:19:26,1
1,114.035248,22.5247,2016-11-03 11:19:40,0
0,113.92901599999999,22.558184,2016-11-03 11:19:40,0
4,113.99286699999999,22.530916,2016-11-03 11:19:41,1
2,113.90871399999999,22.515949,2016-11-03 11:19:43,0
3,114.035629,22.552401,2016-11-03 11:19:44,0
4,113.99286699999999,22.530916,2016-11-03 11:19:56,1
2,113.909599,22.517782,2016-11-03 11:19:58,0
3,114.035629,22.552401,2016-11-03 11:20:04,0
2,113.90988200000001,22.518101,2016-11-03 11:20:05,0
0,113.9291,22.558532999999997,2016-11-03 11:19:55,0
0,113.92928300000001,22.559549,2016-11-03 11:20:10,0
4,113.99286699999999,22.530916,2016-11-03 11:20:11,1
2,113.910133,22.518232,2016-11-03 11:20:20,0
3,114.035629,22.552401,2016-11-03 11:20:24,0
0,113.92963400000001,22.559683,2016-11-03 11:20:25,0
4,113.993248,22.531017000000002,2016-11-03 11:20:26,1
2,113.91006499999999,22.518167000000002,2016-11-03 11:20:35,0
0,113.92963400000001,22.559683,2016-11-03 11:20:40,0
4,113.99326299999998,22.532332999999998,2016-11-03 11:20:41,1
3,114.035629,22.552401,2016-11-03 11:20:44,0
2,113.910271,22.518232,2016-11-03 11:20:51,1
0,113.92963400000001,22.559683,2016-11-03 11:20:55,0
4,113.99308,22.533732999999998,2016-11-03 11:20:56,1
3,114.035629,22.552401,2016-11-03 11:21:04,0
2,113.911484,22.519051,2016-11-03 11:21:06,1
0,113.92963400000001,22.559683,2016-11-03 11:21:10,0
4,113.99308,22.533732999999998,2016-11-03 11:21:11,1
2,113.912186,22.519533,2016-11-03 11:21:14,1
3,114.035629,22.552401,2016-11-03 11:21:24,0
2,113.912636,22.520082000000002,2016-11-03 11:21:23,1
0,113.92963400000001,22.559683,2016-11-03 11:21:25,0
4,113.99299599999999,22.5343,2016-11-03 11:21:26,1
2,113.91291799999999,22.520451,2016-11-03 11:21:29,1
0,113.92963400000001,22.559683,2016-11-03 11:21:40,0
4,113.99271399999999,22.535868,2016-11-03 11:21:41,1
3,114.035629,22.552401,2016-11-03 11:21:44,0
2,113.9132,22.521067000000002,2016-11-03 11:21:44,1
0,113.92984799999999,22.5597,2016-11-03 11:21:55,0
4,113.99247,22.537533,2016-11-03 11:21:56,1
2,113.91390200000001,22.5224,2016-11-03 11:21:59,1
3,114.035629,22.552401,2016-11-03 11:22:04,0
0,113.93121299999999,22.559767,2016-11-03 11:22:10,0
4,113.99247,22.537617,2016-11-03 11:22:11,1
2,113.91435200000001,22.523382,2016-11-03 11:22:14,1
2,113.91431399999999,22.523332999999997,2016-11-03 11:22:22,1
3,114.035629,22.552401,2016-11-03 11:22:24,0
0,113.93281599999999,22.55975,2016-11-03 11:22:25,0
4,113.99237099999999,22.53825,2016-11-03 11:22:26,1
2,113.914383,22.52355,2016-11-03 11:22:37,1
0,113.93398300000001,22.55975,2016-11-03 11:22:40,0
4,113.99203500000002,22.539917000000003,2016-11-03 11:22:41,1
3,114.035629,22.552401,2016-11-03 11:22:44,0
2,113.91452,22.524918,2016-11-03 11:22:52,1
0,113.93398300000001,22.55975,2016-11-03 11:22:55,0
4,113.99173,22.542032,2016-11-03 11:22:56,1
3,114.035629,22.552401,2016-11-03 11:23:04,0
2,113.914803,22.526684,2016-11-03 11:23:07,1
0,113.935051,22.559816,2016-11-03 11:23:10,0
4,113.99166899999999,22.543383,2016-11-03 11:23:11,1
2,113.91466499999999,22.527184,2016-11-03 11:23:22,1
3,114.035629,22.552401,2016-11-03 11:23:24,0
0,113.93638600000001,22.559816,2016-11-03 11:23:25,0
4,113.99166899999999,22.543383,2016-11-03 11:23:26,1
2,113.91476399999999,22.526899,2016-11-03 11:23:37,1
0,113.93804899999999,22.559834,2016-11-03 11:23:40,0
4,113.99166899999999,22.543383,2016-11-03 11:23:41,1
3,114.035629,22.552401,2016-11-03 11:23:44,0
2,113.914803,22.526833,2016-11-03 11:23:52,1
0,113.94003300000001,22.559917000000002,2016-11-03 11:23:55,0
4,113.99166899999999,22.543383,2016-11-03 11:23:56,1
3,114.035629,22.552401,2016-11-03 11:24:04,0
2,113.914818,22.526867000000003,2016-11-03 11:24:07,1
0,113.940353,22.559967,2016-11-03 11:24:10,0
4,113.99166899999999,22.543383,2016-11-03 11:24:11,1
2,113.91478000000001,22.526833,2016-11-03 11:24:22,1
3,114.035629,22.552401,2016-11-03 11:24:24,0
0,113.940399,22.559998999999998,2016-11-03 11:24:25,0
4,113.99166899999999,22.543383,2016-11-03 11:24:26,1
2,113.91461899999999,22.52755,2016-11-03 11:24:37,1
0,113.940399,22.559998999999998,2016-11-03 11:24:40,0
4,113.99140200000001,22.543782999999998,2016-11-03 11:24:41,1
3,114.035629,22.552401,2016-11-03 11:24:44,0
2,113.914497,22.528816,2016-11-03 11:24:52,1
0,113.940933,22.559932999999997,2016-11-03 11:24:55,0
4,113.989281,22.543982999999997,2016-11-03 11:24:56,1
3,114.035629,22.552401,2016-11-03 11:25:04,0
2,113.91426799999999,22.529751,2016-11-03 11:25:07,1
0,113.941185,22.5599,2016-11-03 11:25:10,0
4,113.98674799999999,22.544783,2016-11-03 11:25:11,1
2,113.91401699999999,22.530617000000003,2016-11-03 11:25:15,1
3,114.035629,22.552401,2016-11-03 11:25:24,0
0,113.94146699999999,22.559851000000002,2016-11-03 11:25:25,0
4,113.98616799999999,22.545282,2016-11-03 11:25:26,1
2,113.91375,22.531816,2016-11-03 11:25:30,1
1,114.036301,22.523916,2016-11-03 11:25:35,0
2,113.91390200000001,22.532818,2016-11-03 11:25:38,1
0,113.94146699999999,22.559851000000002,2016-11-03 11:25:40,0
4,113.98616799999999,22.545282,2016-11-03 11:25:41,1
3,114.035629,22.552401,2016-11-03 11:25:44,0
2,113.913948,22.533082999999998,2016-11-03 11:25:40,1
2,113.91411599999999,22.533966,2016-11-03 11:25:47,1
0,113.94146699999999,22.559851000000002,2016-11-03 11:25:55,0
4,113.98476399999998,22.546467,2016-11-03 11:25:56,1
2,113.914383,22.535168,2016-11-03 11:26:02,1
3,114.035629,22.552401,2016-11-03 11:26:04,0
0,113.94146699999999,22.559851000000002,2016-11-03 11:26:10,0
4,113.982681,22.548218,2016-11-03 11:26:11,1
2,113.914368,22.53595,2016-11-03 11:26:17,1
3,114.035629,22.552401,2016-11-03 11:26:24,0
0,113.94146699999999,22.559851000000002,2016-11-03 11:26:25,0
2,113.914452,22.536633,2016-11-03 11:26:32,1
4,113.980667,22.549682999999998,2016-11-03 11:26:26,1
0,113.94162,22.559668,2016-11-03 11:26:40,0
4,113.980019,22.550034,2016-11-03 11:26:41,1
3,114.035629,22.552401,2016-11-03 11:26:44,0
2,113.91468,22.537933,2016-11-03 11:26:47,1
0,113.94162,22.559668,2016-11-03 11:26:55,0
4,113.980019,22.550034,2016-11-03 11:26:56,1
2,113.91478000000001,22.538667999999998,2016-11-03 11:27:02,1
3,114.035629,22.552401,2016-11-03 11:27:04,0
2,113.914818,22.538651,2016-11-03 11:27:10,1
0,113.94162,22.559668,2016-11-03 11:27:10,0
4,113.980019,22.550034,2016-11-03 11:27:11,1
3,114.035629,22.552401,2016-11-03 11:27:24,0
2,113.914833,22.539118,2016-11-03 11:27:25,1
4,113.97948500000001,22.550318,2016-11-03 11:27:26,1
0,113.94162,22.559668,2016-11-03 11:27:25,0
2,113.91497,22.540318,2016-11-03 11:27:40,1
0,113.94162,22.559668,2016-11-03 11:27:40,0
4,113.977531,22.551416,2016-11-03 11:27:41,1
3,114.035629,22.552401,2016-11-03 11:27:44,0
4,113.975349,22.553082999999997,2016-11-03 11:27:56,1
3,114.035629,22.552401,2016-11-03 11:28:04,0
4,113.974503,22.553867,2016-11-03 11:28:11,1
0,113.94162,22.559668,2016-11-03 11:27:55,0
2,113.91507,22.541,2016-11-03 11:27:48,1
0,113.94162,22.559668,2016-11-03 11:28:10,0
2,113.91521499999999,22.541718,2016-11-03 11:27:57,1
2,113.91533700000001,22.542116,2016-11-03 11:28:03,1
2,113.915352,22.542467000000002,2016-11-03 11:28:12,1
2,113.915154,22.542932999999998,2016-11-03 11:28:18,1
3,114.035629,22.552401,2016-11-03 11:28:24,0
0,113.94162,22.559668,2016-11-03 11:28:25,0
4,113.973183,22.554983,2016-11-03 11:28:26,1
2,113.916,22.543217000000002,2016-11-03 11:28:33,1
0,113.94162,22.559668,2016-11-03 11:28:40,0
4,113.971397,22.55645,2016-11-03 11:28:41,1
3,114.035629,22.552401,2016-11-03 11:28:44,0
2,113.917953,22.543118,2016-11-03 11:28:50,1
0,113.94162,22.559668,2016-11-03 11:28:55,0
2,113.918152,22.543118,2016-11-03 11:28:55,1
4,113.96948200000001,22.557768,2016-11-03 11:28:56,1
3,114.035629,22.552401,2016-11-03 11:29:04,0
0,113.94162,22.559668,2016-11-03 11:29:10,0
4,113.966949,22.557734,2016-11-03 11:29:11,1
2,113.918152,22.543132999999997,2016-11-03 11:29:10,1
2,113.918152,22.543167,2016-11-03 11:29:19,1
3,114.035629,22.552401,2016-11-03 11:29:24,0
0,113.94162,22.559668,2016-11-03 11:29:24,0
4,113.963867,22.557234,2016-11-03 11:29:26,1
2,113.91826599999999,22.54315,2016-11-03 11:29:34,1
0,113.94162,22.559668,2016-11-03 11:29:40,0
4,113.96058700000002,22.556632999999998,2016-11-03 11:29:41,1
3,114.035629,22.552401,2016-11-03 11:29:44,0
2,113.91943400000001,22.543067999999998,2016-11-03 11:29:49,1
0,113.94162,22.559668,2016-11-03 11:29:55,0
4,113.957298,22.556499,2016-11-03 11:29:56,1
2,113.92033400000001,22.542999,2016-11-03 11:29:57,1
3,114.035629,22.552401,2016-11-03 11:30:04,0
0,113.94162,22.559668,2016-11-03 11:30:10,0
2,113.922081,22.542917000000003,2016-11-03 11:30:12,1
4,113.954086,22.556351,2016-11-03 11:30:11,1
3,114.035629,22.552401,2016-11-03 11:30:24,0
0,113.94162,22.559668,2016-11-03 11:30:25,0
2,113.923286,22.54285,2016-11-03 11:30:27,1
4,113.95113400000001,22.556217,2016-11-03 11:30:26,1
1,114.036346,22.523916,2016-11-03 11:30:35,0
0,113.94162,22.559668,2016-11-03 11:30:40,0
4,113.947929,22.555782,2016-11-03 11:30:41,1
3,114.035629,22.552401,2016-11-03 11:30:44,0
2,113.924454,22.542801,2016-11-03 11:30:42,1
2,113.92534599999999,22.542601,2016-11-03 11:30:50,1
0,113.94162,22.559668,2016-11-03 11:30:55,0
4,113.94467900000001,22.555218,2016-11-03 11:30:56,1
3,114.035629,22.552401,2016-11-03 11:31:04,0
2,113.9263,22.541616,2016-11-03 11:31:05,1
0,113.94162,22.559668,2016-11-03 11:31:10,0
4,113.941681,22.555218,2016-11-03 11:31:11,1
2,113.92698700000001,22.541901,2016-11-03 11:31:13,1
0,113.94162,22.559668,2016-11-03 11:31:25,0
3,114.035629,22.552401,2016-11-03 11:31:24,0
2,113.92708600000002,22.543233999999998,2016-11-03 11:31:28,1
4,113.939003,22.555416,2016-11-03 11:31:26,1
0,113.94162,22.559668,2016-11-03 11:31:40,0
4,113.936516,22.55545,2016-11-03 11:31:41,1
2,113.927116,22.544867,2016-11-03 11:31:43,1
3,114.035629,22.552401,2016-11-03 11:31:44,0
0,113.94162,22.559668,2016-11-03 11:31:55,0
4,113.93431899999999,22.555384,2016-11-03 11:31:56,1
2,113.927429,22.546383,2016-11-03 11:31:58,1
3,114.035629,22.552401,2016-11-03 11:32:04,0
0,113.94162,22.559668,2016-11-03 11:32:10,0
4,113.933632,22.55545,2016-11-03 11:32:11,1
2,113.92836799999999,22.548218,2016-11-03 11:32:15,1
2,113.928551,22.548599,2016-11-03 11:32:20,1
3,114.035629,22.552401,2016-11-03 11:32:24,0
0,113.94162,22.559668,2016-11-03 11:32:25,0
4,113.932533,22.555432999999997,2016-11-03 11:32:26,1
2,113.929253,22.549333999999998,2016-11-03 11:32:35,1
0,113.94162,22.559668,2016-11-03 11:32:40,0
4,113.93158000000001,22.555467999999998,2016-11-03 11:32:41,1
3,114.035629,22.552401,2016-11-03 11:32:44,0
2,113.930099,22.549298999999998,2016-11-03 11:32:44,1
0,113.94162,22.559668,2016-11-03 11:32:55,0
4,113.930801,22.555416,2016-11-03 11:32:56,1
2,113.931114,22.549067,2016-11-03 11:32:59,1
3,114.035629,22.552401,2016-11-03 11:33:04,0
0,113.94162,22.559668,2016-11-03 11:33:10,0
4,113.929199,22.555367,2016-11-03 11:33:11,1
2,113.93094599999999,22.547983,2016-11-03 11:33:13,1
3,114.035629,22.552401,2016-11-03 11:33:24,0
0,113.94162,22.559668,2016-11-03 11:33:25,0
4,113.92703200000001,22.555467999999998,2016-11-03 11:33:26,1
2,113.930748,22.546734,2016-11-03 11:33:29,1
0,113.94162,22.559668,2016-11-03 11:33:40,0
4,113.924881,22.555616,2016-11-03 11:33:41,1
3,114.035629,22.552401,2016-11-03 11:33:44,0
2,113.93076299999998,22.5459,2016-11-03 11:33:44,1
2,113.93053400000001,22.5459,2016-11-03 11:33:52,1
0,113.94162,22.559668,2016-11-03 11:33:55,0
4,113.923103,22.555834,2016-11-03 11:33:56,1
3,114.035629,22.552401,2016-11-03 11:34:04,0
2,113.92988600000001,22.545868,2016-11-03 11:34:07,1
0,113.94162,22.559668,2016-11-03 11:34:10,0
4,113.921249,22.555901000000002,2016-11-03 11:34:11,1
2,113.92903100000001,22.545683,2016-11-03 11:34:22,1
3,114.035629,22.552401,2016-11-03 11:34:24,0
0,113.94162,22.559668,2016-11-03 11:34:25,0
4,113.919701,22.556,2016-11-03 11:34:26,1
2,113.928284,22.545732,2016-11-03 11:34:37,1
0,113.94162,22.559668,2016-11-03 11:34:40,0
4,113.91877,22.556168,2016-11-03 11:34:41,1
3,114.035629,22.552401,2016-11-03 11:34:44,0
2,113.928253,22.545616,2016-11-03 11:34:52,1
0,113.94162,22.559668,2016-11-03 11:34:55,0
4,113.91893,22.557716,2016-11-03 11:34:56,1
3,114.035629,22.552401,2016-11-03 11:35:04,0
2,113.928352,22.545033,2016-11-03 11:35:07,1
0,113.94162,22.559668,2016-11-03 11:35:10,0
4,113.919151,22.558916,2016-11-03 11:35:11,1
2,113.928467,22.54435,2016-11-03 11:35:22,1
3,114.035629,22.552401,2016-11-03 11:35:24,0
0,113.94162,22.559668,2016-11-03 11:35:25,0
4,113.91916699999999,22.559,2016-11-03 11:35:27,1
2,113.92808500000001,22.54455,2016-11-03 11:35:30,1
1,114.036331,22.523968,2016-11-03 11:35:35,0
0,113.941681,22.559784,2016-11-03 11:35:40,0
4,113.91916699999999,22.559,2016-11-03 11:35:41,1
3,114.035629,22.552401,2016-11-03 11:35:44,0
2,113.92823,22.544683,2016-11-03 11:35:45,1
0,113.941681,22.559784,2016-11-03 11:35:55,0
4,113.91916699999999,22.559,2016-11-03 11:35:57,1
2,113.928329,22.544666,2016-11-03 11:36:00,1
3,114.035629,22.552401,2016-11-03 11:36:04,0
0,113.941681,22.559784,2016-11-03 11:36:10,0
2,113.92907,22.543367,2016-11-03 11:36:15,0
4,113.91916699999999,22.559,2016-11-03 11:36:11,1
2,113.929184,22.54335,2016-11-03 11:36:23,0
0,113.941681,22.559784,2016-11-03 11:36:25,0
3,114.035629,22.552401,2016-11-03 11:36:24,0
4,113.91916699999999,22.55925,2016-11-03 11:36:26,1
2,113.929153,22.543533,2016-11-03 11:36:38,0
0,113.941681,22.559784,2016-11-03 11:36:40,0
4,113.91788500000001,22.55925,2016-11-03 11:36:42,1
3,114.035629,22.552401,2016-11-03 11:36:44,0
2,113.93,22.544233,2016-11-03 11:36:53,0
0,113.941681,22.559784,2016-11-03 11:36:55,0
4,113.917068,22.55925,2016-11-03 11:36:56,1
3,114.035629,22.552401,2016-11-03 11:37:04,0
2,113.93055,22.544033,2016-11-03 11:37:08,0
4,113.916481,22.559282,2016-11-03 11:37:11,1
0,113.941681,22.559784,2016-11-03 11:37:10,0
2,113.93055,22.543948999999998,2016-11-03 11:37:23,0
3,114.035629,22.552401,2016-11-03 11:37:24,0
0,113.94146699999999,22.559784,2016-11-03 11:37:25,0
4,113.91473400000001,22.559267000000002,2016-11-03 11:37:26,1
2,113.93051899999999,22.544033,2016-11-03 11:37:38,0
0,113.94146699999999,22.559784,2016-11-03 11:37:40,0
4,113.91251399999999,22.559299,2016-11-03 11:37:42,1
3,114.03578200000001,22.551849,2016-11-03 11:37:44,0
2,113.93051899999999,22.544082999999997,2016-11-03 11:37:53,1
0,113.94146699999999,22.559784,2016-11-03 11:37:55,0
4,113.911018,22.560301000000003,2016-11-03 11:37:56,1
3,114.035751,22.552151000000002,2016-11-03 11:38:04,0
2,113.93056499999999,22.543768,2016-11-03 11:38:08,1
0,113.941597,22.559784,2016-11-03 11:38:10,0
4,113.910271,22.561083,2016-11-03 11:38:12,1
2,113.93051899999999,22.543533,2016-11-03 11:38:23,1
0,113.941597,22.559784,2016-11-03 11:38:25,0
3,114.0355,22.553383,2016-11-03 11:38:24,0
4,113.909233,22.562117,2016-11-03 11:38:26,1
2,113.93051899999999,22.543034,2016-11-03 11:38:38,1
0,113.941597,22.559784,2016-11-03 11:38:40,0
4,113.90918,22.562166,2016-11-03 11:38:41,1
3,114.03518700000001,22.554733,2016-11-03 11:38:44,0
4,113.90918,22.562166,2016-11-03 11:38:56,1
2,113.92943600000001,22.5429,2016-11-03 11:38:53,1
0,113.941597,22.559784,2016-11-03 11:38:55,0
2,113.928398,22.54295,2016-11-03 11:39:01,1
3,114.03528600000001,22.554832,2016-11-03 11:39:04,0
0,113.941597,22.559784,2016-11-03 11:39:10,0
4,113.90918,22.562166,2016-11-03 11:39:12,1
2,113.926598,22.543016,2016-11-03 11:39:16,1
3,114.03528600000001,22.554832,2016-11-03 11:39:24,0
0,113.941597,22.559784,2016-11-03 11:39:25,0
4,113.90918,22.562166,2016-11-03 11:39:27,1
2,113.926018,22.543934,2016-11-03 11:39:31,1
0,113.941597,22.559784,2016-11-03 11:39:40,0
4,113.90918,22.562166,2016-11-03 11:39:42,1
3,114.03528600000001,22.554832,2016-11-03 11:39:44,0
2,113.926903,22.54335,2016-11-03 11:39:46,1
0,113.941597,22.559784,2016-11-03 11:39:54,0
4,113.908852,22.5625,2016-11-03 11:39:57,1
2,113.926933,22.541849,2016-11-03 11:40:01,1
3,114.03528600000001,22.554832,2016-11-03 11:40:04,0
2,113.926949,22.541,2016-11-03 11:40:09,1
0,113.941597,22.559784,2016-11-03 11:40:10,0
4,113.90788300000001,22.563467000000003,2016-11-03 11:40:12,1
3,114.03528600000001,22.554832,2016-11-03 11:40:24,0
0,113.941597,22.559784,2016-11-03 11:40:25,0
2,113.92698700000001,22.539467000000002,2016-11-03 11:40:24,1
4,113.907249,22.5641,2016-11-03 11:40:27,1
2,113.92698700000001,22.538549,2016-11-03 11:40:32,1
1,114.036301,22.523884,2016-11-03 11:40:35,0
0,113.941597,22.559784,2016-11-03 11:40:40,0
4,113.907249,22.5641,2016-11-03 11:40:42,1
3,114.03528600000001,22.554832,2016-11-03 11:40:45,0
2,113.927071,22.5366,2016-11-03 11:40:47,1
0,113.941597,22.559784,2016-11-03 11:40:55,0
4,113.906853,22.564516,2016-11-03 11:40:56,1
2,113.926598,22.534782,2016-11-03 11:41:02,1
3,114.03528600000001,22.554832,2016-11-03 11:41:05,0
0,113.941597,22.559784,2016-11-03 11:41:10,0
4,113.905983,22.565367000000002,2016-11-03 11:41:12,1
2,113.925499,22.532717,2016-11-03 11:41:17,1
3,114.03528600000001,22.554832,2016-11-03 11:41:25,0
0,113.941597,22.559784,2016-11-03 11:41:25,0
4,113.90493000000001,22.566401000000003,2016-11-03 11:41:27,1
2,113.924667,22.531233,2016-11-03 11:41:32,1
0,113.941597,22.559784,2016-11-03 11:41:40,0
2,113.92438500000002,22.53075,2016-11-03 11:41:39,1
4,113.90383100000001,22.567498999999998,2016-11-03 11:41:42,1
3,114.03528600000001,22.554832,2016-11-03 11:41:45,0
0,113.941597,22.559784,2016-11-03 11:41:55,0
2,113.92416399999999,22.52985,2016-11-03 11:41:55,1
4,113.902748,22.568583,2016-11-03 11:41:57,1
3,114.03528600000001,22.554832,2016-11-03 11:42:05,0
2,113.92427099999999,22.529266,2016-11-03 11:42:09,1
0,113.941597,22.559784,2016-11-03 11:42:10,0
4,113.90246599999999,22.569349,2016-11-03 11:42:11,1
3,114.03528600000001,22.554832,2016-11-03 11:42:25,0
0,113.941597,22.559784,2016-11-03 11:42:25,0
2,113.92418700000002,22.528116,2016-11-03 11:42:25,1
4,113.90293100000001,22.569782,2016-11-03 11:42:25,0
0,113.941597,22.559784,2016-11-03 11:42:40,0
2,113.92368300000001,22.526833,2016-11-03 11:42:40,1
4,113.90293100000001,22.569782,2016-11-03 11:42:41,0
3,114.03528600000001,22.554832,2016-11-03 11:42:45,0
0,113.94175,22.559784,2016-11-03 11:42:55,0
2,113.924103,22.5257,2016-11-03 11:42:55,1
4,113.90293100000001,22.569782,2016-11-03 11:42:56,0
3,114.03528600000001,22.554832,2016-11-03 11:43:05,0
0,113.94263500000001,22.559299,2016-11-03 11:43:10,0
2,113.925468,22.5254,2016-11-03 11:43:10,1
4,113.90293100000001,22.569782,2016-11-03 11:43:11,0
3,114.03528600000001,22.554832,2016-11-03 11:43:25,0
0,113.94376399999999,22.558867000000003,2016-11-03 11:43:25,0
2,113.926414,22.525,2016-11-03 11:43:25,1
4,113.90353400000001,22.570284,2016-11-03 11:43:26,0
2,113.92645300000001,22.524567,2016-11-03 11:43:33,1
0,113.944717,22.558849,2016-11-03 11:43:40,0
4,113.90338100000001,22.57025,2016-11-03 11:43:40,0
3,114.03528600000001,22.554832,2016-11-03 11:43:45,0
2,113.92618600000002,22.523649,2016-11-03 11:43:47,1
0,113.94481699999999,22.5588,2016-11-03 11:43:55,1
4,113.902817,22.569733,2016-11-03 11:43:55,0
2,113.92628500000001,22.523582,2016-11-03 11:44:03,1
3,114.03528600000001,22.554832,2016-11-03 11:44:05,0
0,113.94556399999999,22.558832000000002,2016-11-03 11:44:10,1
4,113.902298,22.569332,2016-11-03 11:44:10,0
2,113.92627,22.523483,2016-11-03 11:44:18,1
3,114.03528600000001,22.554832,2016-11-03 11:44:25,0
0,113.946602,22.558916,2016-11-03 11:44:25,1
4,113.901352,22.569982999999997,2016-11-03 11:44:26,0
2,113.926102,22.522984,2016-11-03 11:44:25,1
0,113.94661699999999,22.558916,2016-11-03 11:44:40,1
2,113.92566699999999,22.521798999999998,2016-11-03 11:44:41,1
4,113.900352,22.570967,2016-11-03 11:44:40,0
3,114.03528600000001,22.554832,2016-11-03 11:44:45,0
0,113.94738000000001,22.559017,2016-11-03 11:44:55,1
2,113.92561299999998,22.521383,2016-11-03 11:44:56,1
4,113.89975,22.571632,2016-11-03 11:44:56,0
3,114.036697,22.555866,2016-11-03 11:45:05,0
0,113.94928,22.559532,2016-11-03 11:45:10,1
2,113.925652,22.521383,2016-11-03 11:45:11,0
4,113.89951299999998,22.571899,2016-11-03 11:45:10,0
2,113.925652,22.521366,2016-11-03 11:45:19,0
3,114.03811599999999,22.556048999999998,2016-11-03 11:45:25,0
0,113.9505,22.559798999999998,2016-11-03 11:45:25,1
4,113.89951299999998,22.571899,2016-11-03 11:45:25,0
1,114.03631599999999,22.523832000000002,2016-11-03 11:45:35,0
2,113.92563600000001,22.521168,2016-11-03 11:45:35,1
4,113.89951299999998,22.571899,2016-11-03 11:45:40,0
0,113.95156899999999,22.559883,2016-11-03 11:45:40,1
3,114.03811599999999,22.556048999999998,2016-11-03 11:45:45,0
2,113.925385,22.519899,2016-11-03 11:45:49,1
4,113.898651,22.572733,2016-11-03 11:45:55,0
0,113.95255300000001,22.559767,2016-11-03 11:45:55,1
2,113.925301,22.519567000000002,2016-11-03 11:45:58,1
3,114.03811599999999,22.556048999999998,2016-11-03 11:46:05,0
0,113.95263700000001,22.558416,2016-11-03 11:46:10,1
4,113.897697,22.5737,2016-11-03 11:46:10,0
2,113.92669699999999,22.519484,2016-11-03 11:46:13,1
2,113.927567,22.519484,2016-11-03 11:46:22,1
3,114.040451,22.556334,2016-11-03 11:46:25,0
0,113.95273600000002,22.556601,2016-11-03 11:46:25,1
4,113.896698,22.574699,2016-11-03 11:46:26,0
2,113.92763500000001,22.518984,2016-11-03 11:46:28,1
2,113.92748300000001,22.518351000000003,2016-11-03 11:46:35,1
0,113.95286599999999,22.554501000000002,2016-11-03 11:46:40,1
4,113.89648400000002,22.5749,2016-11-03 11:46:41,0
3,114.042686,22.556717000000003,2016-11-03 11:46:45,0
2,113.927567,22.518316,2016-11-03 11:46:50,1
0,113.95311699999999,22.552549,2016-11-03 11:46:55,1
4,113.896248,22.575117000000002,2016-11-03 11:46:55,0
2,113.927536,22.518284,2016-11-03 11:47:05,1
3,114.04332,22.556784,2016-11-03 11:47:05,0
0,113.95388,22.550449,2016-11-03 11:47:10,1
4,113.895554,22.575817,2016-11-03 11:47:11,0
2,113.927521,22.516899,2016-11-03 11:47:20,1
0,113.95461999999999,22.548866,2016-11-03 11:47:25,1
0,113.954453,22.54705,2016-11-03 11:47:40,1
2,113.92761999999999,22.513983,2016-11-03 11:47:38,1
2,113.927582,22.513617,2016-11-03 11:47:44,1
3,114.04332,22.556784,2016-11-03 11:47:25,0
4,113.89486699999999,22.576432999999998,2016-11-03 11:47:26,0
4,113.89411899999999,22.577333,2016-11-03 11:47:41,0
3,114.04332,22.556784,2016-11-03 11:47:45,0
4,113.892967,22.5784,2016-11-03 11:47:56,0
2,113.927521,22.512917,2016-11-03 11:47:59,1
3,114.04332,22.556784,2016-11-03 11:48:05,0
0,113.95406299999999,22.545816000000002,2016-11-03 11:47:55,1
4,113.892548,22.578817,2016-11-03 11:48:11,0
0,113.953049,22.544582000000002,2016-11-03 11:48:10,1
3,114.043747,22.557199,2016-11-03 11:48:25,0
2,113.927353,22.51,2016-11-03 11:48:23,1
0,113.952454,22.543633,2016-11-03 11:48:25,1
4,113.892548,22.578817,2016-11-03 11:48:26,0
2,113.92721599999999,22.508766,2016-11-03 11:48:38,1
4,113.892548,22.578817,2016-11-03 11:48:41,0
3,114.04288500000001,22.558701,2016-11-03 11:48:45,0
2,113.92721599999999,22.508734,2016-11-03 11:48:44,1
4,113.892548,22.578817,2016-11-03 11:48:56,0
3,114.04201499999999,22.5602,2016-11-03 11:49:05,0
2,113.9272,22.508766,2016-11-03 11:49:08,1
4,113.892548,22.578817,2016-11-03 11:49:11,0
3,114.0411,22.562082,2016-11-03 11:49:25,0
4,113.892548,22.578817,2016-11-03 11:49:26,0
2,113.927269,22.508717,2016-11-03 11:49:29,1
3,114.04229699999999,22.563617999999998,2016-11-03 11:49:45,0
2,113.927299,22.508717,2016-11-03 11:49:44,1
4,113.892548,22.578817,2016-11-03 11:49:41,0
2,113.927299,22.508717,2016-11-03 11:49:52,1
4,113.892548,22.578817,2016-11-03 11:49:56,0
3,114.04456299999998,22.564266,2016-11-03 11:50:05,0
2,113.927299,22.508734,2016-11-03 11:50:07,1
0,113.9478,22.543467,2016-11-03 11:50:10,0
0,113.94767,22.543467,2016-11-03 11:50:12,0
4,113.892548,22.578817,2016-11-03 11:50:11,0
2,113.92721599999999,22.5086,2016-11-03 11:50:22,1
0,113.94713600000001,22.543533,2016-11-03 11:50:24,0
3,114.04671499999999,22.56465,2016-11-03 11:50:25,0
4,113.892349,22.579,2016-11-03 11:50:26,0
2,113.92721599999999,22.508266,2016-11-03 11:50:30,1
1,114.036346,22.523982999999998,2016-11-03 11:50:35,0
0,113.946114,22.5434,2016-11-03 11:50:39,0
4,113.892303,22.578833,2016-11-03 11:50:41,0
2,113.927986,22.507917000000003,2016-11-03 11:50:45,1
3,114.04883600000001,22.5646,2016-11-03 11:50:45,0
0,113.944984,22.543633,2016-11-03 11:50:54,0
4,113.892601,22.57855,2016-11-03 11:50:56,0
2,113.929581,22.5079,2016-11-03 11:51:00,1
3,114.049347,22.56345,2016-11-03 11:51:05,0
0,113.944832,22.544901,2016-11-03 11:51:09,0
4,113.89364599999999,22.577482,2016-11-03 11:51:11,0
2,113.930054,22.507032000000002,2016-11-03 11:51:15,1
0,113.94493100000001,22.54595,2016-11-03 11:51:24,0
3,114.049683,22.562416,2016-11-03 11:51:25,0
4,113.89463,22.576532,2016-11-03 11:51:26,0
2,113.930168,22.50555,2016-11-03 11:51:30,1
0,113.944969,22.546101,2016-11-03 11:51:39,0
2,113.930168,22.5051,2016-11-03 11:51:38,1
4,113.895348,22.575649,2016-11-03 11:51:41,0
3,114.049751,22.561982999999998,2016-11-03 11:51:45,0
2,113.93026699999999,22.503667999999998,2016-11-03 11:51:53,1
0,113.944969,22.546101,2016-11-03 11:51:54,0
4,113.89561499999999,22.575434,2016-11-03 11:51:56,0
3,114.048103,22.560617,2016-11-03 11:52:05,0
0,113.94501499999998,22.546183,2016-11-03 11:52:09,0
2,113.93006899999999,22.503117,2016-11-03 11:52:07,1
4,113.89561499999999,22.575434,2016-11-03 11:52:10,0
2,113.93006899999999,22.503067,2016-11-03 11:52:15,1
0,113.94488500000001,22.546284,2016-11-03 11:52:24,0
3,114.046181,22.559017,2016-11-03 11:52:25,0
4,113.89561499999999,22.575434,2016-11-03 11:52:25,0
0,113.94488500000001,22.546284,2016-11-03 11:52:39,0
2,113.929901,22.501284,2016-11-03 11:52:39,1
4,113.89561499999999,22.575434,2016-11-03 11:52:40,0
2,113.929901,22.501284,2016-11-03 11:52:40,1
3,114.04513500000002,22.558132,2016-11-03 11:52:45,0
0,113.94488500000001,22.546284,2016-11-03 11:52:54,0
2,113.930054,22.501117999999998,2016-11-03 11:52:54,0
4,113.896149,22.574867,2016-11-03 11:52:55,0
3,114.04513500000002,22.558132,2016-11-03 11:53:05,0
0,113.94488500000001,22.546284,2016-11-03 11:53:09,0
2,113.93021399999999,22.5012,2016-11-03 11:53:09,0
3,114.044701,22.557667000000002,2016-11-03 11:53:12,1
4,113.896179,22.574832999999998,2016-11-03 11:53:10,0
2,113.93006899999999,22.501217,2016-11-03 11:53:24,0
4,113.896179,22.574832999999998,2016-11-03 11:53:25,0
0,113.94493100000001,22.545601,2016-11-03 11:53:26,1
3,114.0439,22.557016,2016-11-03 11:53:32,1
2,113.92991599999999,22.501217,2016-11-03 11:53:39,0
0,113.944969,22.5439,2016-11-03 11:53:40,1
4,113.896179,22.574832999999998,2016-11-03 11:53:40,0
3,114.044083,22.555134,2016-11-03 11:53:52,1
2,113.92991599999999,22.5014,2016-11-03 11:53:54,0
0,113.94493100000001,22.542084,2016-11-03 11:53:54,1
4,113.896179,22.574832999999998,2016-11-03 11:53:55,0
0,113.94493100000001,22.540333,2016-11-03 11:54:09,1
2,113.92984799999999,22.501301,2016-11-03 11:54:09,0
3,114.044151,22.552298999999998,2016-11-03 11:54:12,1
4,113.896179,22.574832999999998,2016-11-03 11:54:10,0
2,113.92984799999999,22.5009,2016-11-03 11:54:17,0
0,113.94491599999999,22.539682,2016-11-03 11:54:24,1
4,113.896179,22.574832999999998,2016-11-03 11:54:25,0
3,114.044151,22.551983,2016-11-03 11:54:32,1
2,113.930054,22.49955,2016-11-03 11:54:31,0
0,113.944946,22.538683,2016-11-03 11:54:39,1
4,113.896179,22.574832999999998,2016-11-03 11:54:40,0
2,113.93,22.498934,2016-11-03 11:54:47,0
3,114.044151,22.551983,2016-11-03 11:54:52,1
0,113.945,22.5375,2016-11-03 11:54:54,1
4,113.896179,22.574832999999998,2016-11-03 11:54:55,0
2,113.930054,22.49855,2016-11-03 11:55:02,0
0,113.944969,22.536734,2016-11-03 11:55:09,0
3,114.044151,22.551983,2016-11-03 11:55:12,1
4,113.896179,22.574832999999998,2016-11-03 11:55:10,0
2,113.930016,22.498449,2016-11-03 11:55:17,0
4,113.896179,22.574832999999998,2016-11-03 11:55:25,0
3,114.044182,22.550532999999998,2016-11-03 11:55:32,1
2,113.930054,22.497967000000003,2016-11-03 11:55:32,0
0,113.944969,22.536751000000002,2016-11-03 11:55:24,0
1,114.036301,22.523982999999998,2016-11-03 11:55:35,0
0,113.944946,22.536667,2016-11-03 11:55:39,0
4,113.896179,22.574832999999998,2016-11-03 11:55:40,0
2,113.930351,22.496218,2016-11-03 11:55:47,0
3,114.04422,22.54855,2016-11-03 11:55:52,1
0,113.944969,22.536066,2016-11-03 11:55:54,0
4,113.896179,22.574832999999998,2016-11-03 11:55:55,0
2,113.93055,22.496267,2016-11-03 11:56:01,0
0,113.94341999999999,22.536082999999998,2016-11-03 11:56:09,0
3,114.04425,22.545799,2016-11-03 11:56:12,1
4,113.896179,22.574832999999998,2016-11-03 11:56:10,0
2,113.93063400000001,22.496032999999997,2016-11-03 11:56:17,0
0,113.941399,22.536066,2016-11-03 11:56:24,0
4,113.896179,22.574832999999998,2016-11-03 11:56:24,0
2,113.93011499999999,22.495684,2016-11-03 11:56:32,0
3,114.044266,22.542433,2016-11-03 11:56:32,1
0,113.94088,22.536917000000003,2016-11-03 11:56:39,0
4,113.896179,22.574832999999998,2016-11-03 11:56:39,0
2,113.930664,22.495434,2016-11-03 11:56:47,0
3,114.04436499999998,22.539182999999998,2016-11-03 11:56:52,1
0,113.940849,22.538218,2016-11-03 11:56:54,0
2,113.930702,22.495117,2016-11-03 11:56:55,0
4,113.896179,22.574832999999998,2016-11-03 11:56:54,0
0,113.941353,22.539248999999998,2016-11-03 11:57:09,0
2,113.93058,22.494749,2016-11-03 11:57:10,0
4,113.896179,22.574832999999998,2016-11-03 11:57:09,0
3,114.04436499999998,22.536483999999998,2016-11-03 11:57:12,1
0,113.94268000000001,22.539248999999998,2016-11-03 11:57:24,0
4,113.89634699999999,22.574617,2016-11-03 11:57:24,0
3,114.044418,22.53405,2016-11-03 11:57:32,1
2,113.93094599999999,22.494217000000003,2016-11-03 11:57:18,0
0,113.94398500000001,22.539267000000002,2016-11-03 11:57:39,0
2,113.93141899999999,22.4939,2016-11-03 11:57:19,0
4,113.896149,22.574333,2016-11-03 11:57:38,0
3,114.04443400000001,22.531682999999997,2016-11-03 11:57:52,1
0,113.94467900000001,22.539267000000002,2016-11-03 11:57:54,0
2,113.93166399999998,22.493799,2016-11-03 11:57:26,0
2,113.93168600000001,22.493717,2016-11-03 11:57:34,0
4,113.896004,22.574301000000002,2016-11-03 11:57:53,0
2,113.93168600000001,22.4937,2016-11-03 11:57:35,0
0,113.945,22.539499,2016-11-03 11:58:09,0
3,114.04353300000001,22.530518,2016-11-03 11:58:12,1
4,113.89576699999999,22.574301000000002,2016-11-03 11:58:08,0
0,113.945053,22.54055,2016-11-03 11:58:24,0
4,113.895302,22.574699,2016-11-03 11:58:23,0
0,113.94503,22.541667999999998,2016-11-03 11:58:39,0
3,114.04454799999999,22.5312,2016-11-03 11:58:32,1
4,113.895248,22.574734,2016-11-03 11:58:38,0
3,114.0467,22.5312,2016-11-03 11:58:52,1
0,113.945816,22.541833999999998,2016-11-03 11:58:54,0
4,113.89595,22.575434,2016-11-03 11:58:52,0
1,114.036285,22.523968,2016-11-03 11:59:05,0
1,114.036285,22.523968,2016-11-03 11:59:06,0
1,114.036369,22.523951,2016-11-03 11:59:13,0
4,113.896599,22.575982999999997,2016-11-03 11:59:07,0
3,114.04895,22.5313,2016-11-03 11:59:12,1
0,113.94677,22.541983,2016-11-03 11:59:09,0
4,113.897247,22.576567,2016-11-03 11:59:22,0
0,113.9478,22.5418,2016-11-03 11:59:24,0
1,114.03690300000001,22.523733,2016-11-03 11:59:28,0
0,113.948334,22.54175,2016-11-03 11:59:39,0
4,113.897247,22.576567,2016-11-03 11:59:37,0
1,114.03708600000002,22.523649,2016-11-03 11:59:43,0
3,114.052399,22.531401000000002,2016-11-03 11:59:32,1
3,114.056068,22.5315,2016-11-03 11:59:52,1
0,113.948586,22.5418,2016-11-03 11:59:54,0
4,113.89823200000001,22.577499,2016-11-03 11:59:52,0
1,114.037132,22.523701000000003,2016-11-03 11:59:58,0
0,113.948586,22.5418,2016-11-03 12:00:09,0
4,113.899101,22.578283,2016-11-03 12:00:07,0
1,114.037697,22.523382,2016-11-03 12:00:13,0
3,114.059547,22.531567000000003,2016-11-03 12:00:12,1
4,113.899101,22.578283,2016-11-03 12:00:22,0
0,113.948586,22.5418,2016-11-03 12:00:24,0
1,114.039185,22.522499,2016-11-03 12:00:28,0
3,114.06311799999999,22.531616,2016-11-03 12:00:32,1
0,113.948586,22.5418,2016-11-03 12:00:39,0
4,113.899101,22.578283,2016-11-03 12:00:38,0
1,114.041,22.521517000000003,2016-11-03 12:00:43,0
2,113.930748,22.491283,2016-11-03 12:00:48,0
3,114.066597,22.5317,2016-11-03 12:00:52,1
0,113.948586,22.5418,2016-11-03 12:00:54,0
2,113.930702,22.491249,2016-11-03 12:00:55,0
4,113.899551,22.578768,2016-11-03 12:00:53,0
1,114.04138200000001,22.521334,2016-11-03 12:00:58,0
2,113.930733,22.491249,2016-11-03 12:01:08,0
0,113.948586,22.5418,2016-11-03 12:01:09,0
4,113.898499,22.579817000000002,2016-11-03 12:01:08,0
3,114.07001499999998,22.531733,2016-11-03 12:01:12,1
1,114.041397,22.521351,2016-11-03 12:01:13,0
2,113.93071699999999,22.491266,2016-11-03 12:01:18,0
0,113.948586,22.5418,2016-11-03 12:01:24,0
2,113.930679,22.491234,2016-11-03 12:01:27,0
4,113.89728500000001,22.5811,2016-11-03 12:01:22,0
1,114.041451,22.5214,2016-11-03 12:01:28,0
3,114.073334,22.531782,2016-11-03 12:01:32,1
2,113.93071699999999,22.491234,2016-11-03 12:01:35,0
0,113.9487,22.541718,2016-11-03 12:01:39,0
4,113.896332,22.581966,2016-11-03 12:01:37,0
2,113.930679,22.491234,2016-11-03 12:01:41,0
1,114.041832,22.521267,2016-11-03 12:01:43,0
3,114.07665300000001,22.531834,2016-11-03 12:01:52,1
0,113.94883,22.541233,2016-11-03 12:01:55,1
4,113.896286,22.582033,2016-11-03 12:01:52,0
2,113.93055,22.491249,2016-11-03 12:01:57,0
1,114.04236599999999,22.521967,2016-11-03 12:01:58,0
1,114.042702,22.522499,2016-11-03 12:02:06,0
3,114.0784,22.533768,2016-11-03 12:02:12,1
4,113.896286,22.582033,2016-11-03 12:02:07,0
2,113.930603,22.491198999999998,2016-11-03 12:02:11,0
0,113.949051,22.540251,2016-11-03 12:02:10,1
0,113.948647,22.539417,2016-11-03 12:02:25,1
2,113.93063400000001,22.491182000000002,2016-11-03 12:02:27,0
4,113.896286,22.582033,2016-11-03 12:02:22,0
3,114.07961999999999,22.535967000000003,2016-11-03 12:02:32,1
2,113.930702,22.491182000000002,2016-11-03 12:02:35,0
0,113.947502,22.53945,2016-11-03 12:02:40,1
4,113.896286,22.582033,2016-11-03 12:02:36,0
2,113.93076299999998,22.491198999999998,2016-11-03 12:02:50,0
3,114.08211499999999,22.537333,2016-11-03 12:02:52,1
0,113.94726599999998,22.539316,2016-11-03 12:02:55,1
4,113.8964,22.582582000000002,2016-11-03 12:02:51,0
0,113.946785,22.539217,2016-11-03 12:03:10,1
4,113.89728500000001,22.583366,2016-11-03 12:03:06,0
3,114.08535,22.537333,2016-11-03 12:03:12,1
2,113.93076299999998,22.491198999999998,2016-11-03 12:02:59,0
2,113.930801,22.491198999999998,2016-11-03 12:03:05,0
2,113.93087,22.491198999999998,2016-11-03 12:03:13,0
2,113.93087,22.491198999999998,2016-11-03 12:03:14,0
2,113.930901,22.491217000000002,2016-11-03 12:03:20,0
0,113.94532,22.539284,2016-11-03 12:03:25,1
4,113.898468,22.584467,2016-11-03 12:03:21,0
3,114.088333,22.537466000000002,2016-11-03 12:03:32,1
2,113.93094599999999,22.491234,2016-11-03 12:03:35,0
0,113.945297,22.539316,2016-11-03 12:03:40,1
4,113.900002,22.585016,2016-11-03 12:03:36,0
2,113.930931,22.491249,2016-11-03 12:03:50,0
3,114.091103,22.537982999999997,2016-11-03 12:03:52,1
4,113.90146599999999,22.585382,2016-11-03 12:03:51,0
0,113.944832,22.539382999999997,2016-11-03 12:03:55,1
2,113.93096899999999,22.491234,2016-11-03 12:04:05,0
0,113.94360400000001,22.539301000000002,2016-11-03 12:04:10,1
3,114.09391799999999,22.538033,2016-11-03 12:04:12,1
4,113.902748,22.5858,2016-11-03 12:04:06,0
4,113.90356399999999,22.586218,2016-11-03 12:04:21,0
3,114.096603,22.537982999999997,2016-11-03 12:04:32,1
0,113.94198600000001,22.539368,2016-11-03 12:04:25,1
2,113.93094599999999,22.491234,2016-11-03 12:04:14,0
2,113.93094599999999,22.491217000000002,2016-11-03 12:04:15,0
2,113.930916,22.491249,2016-11-03 12:04:22,0
2,113.930847,22.491266,2016-11-03 12:04:30,0
0,113.941032,22.539284,2016-11-03 12:04:40,1
4,113.904366,22.585333,2016-11-03 12:04:36,0
1,114.044853,22.53335,2016-11-03 12:04:48,0
3,114.099152,22.538,2016-11-03 12:04:52,1
4,113.90446499999999,22.585199,2016-11-03 12:04:49,1
0,113.941032,22.539284,2016-11-03 12:04:55,1
1,114.045303,22.533382,2016-11-03 12:04:56,0
2,113.930801,22.491301,2016-11-03 12:04:45,0
2,113.93078600000001,22.491283,2016-11-03 12:04:53,0
2,113.93078600000001,22.491283,2016-11-03 12:04:54,0
2,113.930733,22.491283,2016-11-03 12:05:00,0
4,113.904953,22.584766000000002,2016-11-03 12:05:04,1
0,113.940666,22.5392,2016-11-03 12:05:10,1
1,114.045601,22.533417,2016-11-03 12:05:11,0
3,114.10151699999999,22.537901,2016-11-03 12:05:12,1
2,113.93076299999998,22.491301,2016-11-03 12:05:09,0
2,113.930748,22.491301,2016-11-03 12:05:23,0
4,113.905502,22.584101,2016-11-03 12:05:18,1
0,113.94062,22.538067,2016-11-03 12:05:25,1
1,114.045883,22.53335,2016-11-03 12:05:26,0
3,114.100815,22.538532,2016-11-03 12:05:32,1
2,113.930748,22.491301,2016-11-03 12:05:33,0
4,113.905685,22.583982000000002,2016-11-03 12:05:33,1
1,114.04593700000001,22.533282999999997,2016-11-03 12:05:41,0
0,113.940582,22.536633,2016-11-03 12:05:40,1
3,114.099686,22.538982,2016-11-03 12:05:52,1
4,113.906967,22.582732999999998,2016-11-03 12:05:48,1
0,113.94008600000001,22.535982,2016-11-03 12:05:55,1
1,114.046402,22.532467,2016-11-03 12:05:57,1
2,113.930733,22.491283,2016-11-03 12:05:39,0
1,114.04705,22.532301,2016-11-03 12:06:05,1
0,113.938499,22.535683,2016-11-03 12:06:10,1
3,114.099731,22.5406,2016-11-03 12:06:12,1
4,113.90803500000001,22.581667000000003,2016-11-03 12:06:03,1
1,114.047852,22.532417000000002,2016-11-03 12:06:20,1
4,113.908951,22.580851000000003,2016-11-03 12:06:17,1
0,113.936485,22.534882999999997,2016-11-03 12:06:25,1
2,113.93071699999999,22.491301,2016-11-03 12:05:47,0
3,114.099747,22.541017999999998,2016-11-03 12:06:32,1
1,114.047867,22.533167000000002,2016-11-03 12:06:35,1
2,113.930733,22.491318,2016-11-03 12:05:55,0
4,113.908951,22.580851000000003,2016-11-03 12:06:32,1
0,113.934998,22.533684,2016-11-03 12:06:40,1
3,114.1017,22.541134,2016-11-03 12:06:52,1
4,113.908951,22.580851000000003,2016-11-03 12:06:47,1
1,114.047836,22.534184,2016-11-03 12:06:58,1
1,114.047882,22.534283,2016-11-03 12:06:59,1
1,114.047882,22.534666,2016-11-03 12:07:06,1
4,113.908951,22.580851000000003,2016-11-03 12:07:01,1
3,114.102631,22.540768,2016-11-03 12:07:12,1
1,114.047882,22.535049,2016-11-03 12:07:21,1
0,113.931503,22.530649,2016-11-03 12:07:10,1
4,113.908951,22.580851000000003,2016-11-03 12:07:16,1
0,113.930702,22.5292,2016-11-03 12:07:25,1
3,114.102631,22.540733,2016-11-03 12:07:32,1
1,114.047882,22.535049,2016-11-03 12:07:36,1
4,113.908951,22.580851000000003,2016-11-03 12:07:31,1
1,114.047867,22.535032,2016-11-03 12:07:51,1
3,114.102631,22.540733,2016-11-03 12:07:52,1
4,113.908951,22.580851000000003,2016-11-03 12:07:46,1
1,114.04789699999999,22.535049,2016-11-03 12:08:06,1
4,113.90913400000001,22.580667000000002,2016-11-03 12:08:00,1
0,113.930153,22.528032,2016-11-03 12:07:39,1
3,114.10423300000001,22.540632000000002,2016-11-03 12:08:12,1
0,113.92901599999999,22.525867,2016-11-03 12:07:55,1
0,113.92886399999999,22.525049,2016-11-03 12:08:10,1
0,113.928596,22.524967,2016-11-03 12:08:14,1
1,114.047882,22.535232999999998,2016-11-03 12:08:21,1
4,113.909851,22.581083,2016-11-03 12:08:15,1
0,113.927536,22.525316,2016-11-03 12:08:25,1
3,114.104332,22.540617,2016-11-03 12:08:32,1
1,114.04778300000001,22.536617,2016-11-03 12:08:36,1
4,113.910118,22.581332999999997,2016-11-03 12:08:30,1
0,113.926552,22.525517,2016-11-03 12:08:40,1
1,114.04781299999999,22.536934,2016-11-03 12:08:51,1
3,114.104782,22.540701000000002,2016-11-03 12:08:52,1
4,113.910896,22.582017999999998,2016-11-03 12:08:45,1
0,113.92478200000001,22.525818,2016-11-03 12:08:55,1
1,114.047852,22.537001,2016-11-03 12:09:06,1
4,113.912048,22.583033,2016-11-03 12:08:59,1
0,113.922882,22.526167,2016-11-03 12:09:10,1
3,114.10511799999999,22.54105,2016-11-03 12:09:12,1
3,114.10511799999999,22.54105,2016-11-03 12:09:13,0
1,114.04776799999999,22.536983,2016-11-03 12:09:21,1
4,113.913582,22.584332999999997,2016-11-03 12:09:14,1
0,113.92112,22.526583,2016-11-03 12:09:25,1
3,114.10511799999999,22.54105,2016-11-03 12:09:33,0
1,114.047852,22.537018,2016-11-03 12:09:36,1
4,113.913918,22.5846,2016-11-03 12:09:29,1
0,113.91983,22.527033,2016-11-03 12:09:40,1
1,114.047852,22.536983,2016-11-03 12:09:51,1
3,114.10511799999999,22.54105,2016-11-03 12:09:53,0
0,113.918953,22.527148999999998,2016-11-03 12:09:55,1
4,113.913918,22.5846,2016-11-03 12:09:44,1
1,114.04781299999999,22.536983,2016-11-03 12:10:06,1
4,113.913918,22.5846,2016-11-03 12:09:59,1
0,113.9188,22.527233,2016-11-03 12:10:10,1
3,114.10408000000001,22.540501000000003,2016-11-03 12:10:13,0
1,114.047852,22.537848999999998,2016-11-03 12:10:21,1
0,113.91885400000001,22.528067,2016-11-03 12:10:25,1
4,113.913918,22.5846,2016-11-03 12:10:14,1
3,114.1026,22.540501000000003,2016-11-03 12:10:33,0
1,114.047867,22.539,2016-11-03 12:10:36,1
4,113.913918,22.5846,2016-11-03 12:10:29,1
0,113.91922,22.529332999999998,2016-11-03 12:10:40,1
1,114.047882,22.539832999999998,2016-11-03 12:10:51,1
3,114.10211899999999,22.541183,2016-11-03 12:10:53,0
0,113.91923500000001,22.5294,2016-11-03 12:10:55,1
4,113.914818,22.585432,2016-11-03 12:10:44,1
1,114.04778300000001,22.540167,2016-11-03 12:10:59,1
4,113.915985,22.586399,2016-11-03 12:10:58,1
0,113.91936499999998,22.529583,2016-11-03 12:11:10,1
3,114.10185200000001,22.541833999999998,2016-11-03 12:11:13,0
1,114.0476,22.540982999999997,2016-11-03 12:11:14,1
4,113.91615300000001,22.586567000000002,2016-11-03 12:11:13,1
0,113.91938,22.5299,2016-11-03 12:11:25,1
2,113.92289699999999,22.487467000000002,2016-11-03 12:11:28,0
1,114.04793500000001,22.541883,2016-11-03 12:11:29,1
3,114.101997,22.5427,2016-11-03 12:11:33,0
2,113.92205,22.487734,2016-11-03 12:11:35,0
4,113.917503,22.58765,2016-11-03 12:11:28,1
0,113.91935,22.530216,2016-11-03 12:11:40,1
1,114.04853100000001,22.541866,2016-11-03 12:11:44,1
2,113.92006699999999,22.4884,2016-11-03 12:11:50,0
0,113.91958600000001,22.529966,2016-11-03 12:11:55,1
4,113.918297,22.588051,2016-11-03 12:11:43,1
3,114.103264,22.543217000000002,2016-11-03 12:11:53,0
1,114.04943100000001,22.542217,2016-11-03 12:11:59,1
2,113.919334,22.48835,2016-11-03 12:11:59,0
2,113.91578700000001,22.494249,2016-11-03 12:12:07,0
4,113.91938,22.58695,2016-11-03 12:11:57,1
0,113.919601,22.529949,2016-11-03 12:12:10,1
3,114.103851,22.543383,2016-11-03 12:12:13,0
1,114.05085,22.542517,2016-11-03 12:12:14,1
2,113.920753,22.486483,2016-11-03 12:12:15,0
3,114.10414899999999,22.543568,2016-11-03 12:12:24,1
4,113.92081499999999,22.585583,2016-11-03 12:12:12,1
0,113.919601,22.529949,2016-11-03 12:12:25,1
1,114.05336799999999,22.542217,2016-11-03 12:12:29,1
2,113.92038000000001,22.487118,2016-11-03 12:12:30,0
4,113.921097,22.585367,2016-11-03 12:12:27,1
0,113.919601,22.529949,2016-11-03 12:12:40,1
1,114.055847,22.542267000000002,2016-11-03 12:12:44,1
3,114.104584,22.542801,2016-11-03 12:12:44,1
2,113.91974599999999,22.488882,2016-11-03 12:12:45,0
4,113.921547,22.585068,2016-11-03 12:12:41,1
0,113.919601,22.529949,2016-11-03 12:12:55,1
1,114.058434,22.542534,2016-11-03 12:12:59,1
2,113.919731,22.487167000000003,2016-11-03 12:13:00,0
3,114.104836,22.541468,2016-11-03 12:13:04,1
0,113.919601,22.529949,2016-11-03 12:13:10,1
4,113.92334699999999,22.584367999999998,2016-11-03 12:12:56,1
1,114.06057,22.5427,2016-11-03 12:13:14,1
2,113.91967,22.487984,2016-11-03 12:13:14,0
3,114.10451499999999,22.540367,2016-11-03 12:13:24,1
4,113.924751,22.58415,2016-11-03 12:13:11,1
0,113.91974599999999,22.53005,2016-11-03 12:13:25,1
1,114.062752,22.542801,2016-11-03 12:13:29,1
2,113.916229,22.488234,2016-11-03 12:13:30,0
4,113.92496499999999,22.582483,2016-11-03 12:13:26,1
0,113.92001299999998,22.530117,2016-11-03 12:13:40,1
1,114.06466699999999,22.542732,2016-11-03 12:13:44,1
3,114.10453000000001,22.538632999999997,2016-11-03 12:13:44,1
2,113.915314,22.487417,2016-11-03 12:13:44,0
0,113.92161599999999,22.529917,2016-11-03 12:13:55,0
4,113.925003,22.580084,2016-11-03 12:13:40,1
1,114.065353,22.542233,2016-11-03 12:13:59,1
2,113.914101,22.48675,2016-11-03 12:14:00,0
3,114.102501,22.538432999999998,2016-11-03 12:14:04,1
4,113.925003,22.579432999999998,2016-11-03 12:13:55,1
0,113.92203500000001,22.529949,2016-11-03 12:14:10,0
1,114.065353,22.542316,2016-11-03 12:14:14,0
2,113.91325400000001,22.485617,2016-11-03 12:14:15,0
3,114.0998,22.538366,2016-11-03 12:14:24,1
0,113.923149,22.529833,2016-11-03 12:14:25,0
4,113.925003,22.579432999999998,2016-11-03 12:14:10,1
1,114.06521599999999,22.542334,2016-11-03 12:14:29,0
2,113.91221599999999,22.484768,2016-11-03 12:14:38,0
2,113.91221599999999,22.484768,2016-11-03 12:14:39,0
4,113.925003,22.579432999999998,2016-11-03 12:14:25,1
0,113.923332,22.53035,2016-11-03 12:14:40,0
1,114.06483500000002,22.542217,2016-11-03 12:14:44,0
3,114.097748,22.5383,2016-11-03 12:14:44,1
2,113.91168200000001,22.484484,2016-11-03 12:14:52,0
0,113.923203,22.531866,2016-11-03 12:14:55,0
4,113.92506399999999,22.578266,2016-11-03 12:14:40,1
1,114.06463600000001,22.542133,2016-11-03 12:14:59,0
3,114.094765,22.538218,2016-11-03 12:15:04,1
2,113.91033200000001,22.483083999999998,2016-11-03 12:15:08,0
4,113.925529,22.576033,2016-11-03 12:14:55,1
0,113.92321799999999,22.532766,2016-11-03 12:15:10,0
1,114.064568,22.542282,2016-11-03 12:15:14,0
1,114.06451399999999,22.542351,2016-11-03 12:15:22,0
2,113.9095,22.481867,2016-11-03 12:15:23,0
3,114.092171,22.53825,2016-11-03 12:15:24,1
0,113.92318,22.534233,2016-11-03 12:15:25,0
4,113.927002,22.574118,2016-11-03 12:15:09,1
1,114.06446799999999,22.542382999999997,2016-11-03 12:15:37,0
2,113.908882,22.48185,2016-11-03 12:15:38,0
0,113.92318,22.535084,2016-11-03 12:15:40,0
4,113.928619,22.571832999999998,2016-11-03 12:15:24,1
3,114.089134,22.5378,2016-11-03 12:15:44,1
1,114.064453,22.5424,2016-11-03 12:15:52,0
2,113.907669,22.482032999999998,2016-11-03 12:15:53,0
0,113.92323300000001,22.535282000000002,2016-11-03 12:15:55,0
4,113.928932,22.569117000000002,2016-11-03 12:15:39,1
2,113.90751599999999,22.482032999999998,2016-11-03 12:16:00,0
3,114.08526599999999,22.537416,2016-11-03 12:16:04,1
1,114.064499,22.542282,2016-11-03 12:16:07,0
0,113.92424799999999,22.535383,2016-11-03 12:16:10,0
2,113.907501,22.48205,2016-11-03 12:16:15,0
4,113.92903100000001,22.563351,2016-11-03 12:16:09,1
1,114.06446799999999,22.542316,2016-11-03 12:16:22,0
0,113.925331,22.535534,2016-11-03 12:16:25,0
2,113.907501,22.482018,2016-11-03 12:16:30,0
4,113.92901599999999,22.560516,2016-11-03 12:16:24,1
3,114.081551,22.537268,2016-11-03 12:16:24,1
1,114.06446799999999,22.542316,2016-11-03 12:16:37,0
4,113.92890200000001,22.558216,2016-11-03 12:16:39,1
0,113.925797,22.535667,2016-11-03 12:16:40,0
2,113.907417,22.482018,2016-11-03 12:16:45,0
3,114.07901799999999,22.535267,2016-11-03 12:16:44,1
1,114.064499,22.542233,2016-11-03 12:16:52,0
0,113.92495,22.535566,2016-11-03 12:16:55,0
4,113.928596,22.55595,2016-11-03 12:16:53,1
2,113.90738700000001,22.4813,2016-11-03 12:17:00,0
1,114.06448400000001,22.542368,2016-11-03 12:17:07,0
2,113.90763100000001,22.48085,2016-11-03 12:17:09,0
0,113.924232,22.535601,2016-11-03 12:17:10,0
4,113.928467,22.554317,2016-11-03 12:17:08,1
3,114.07741499999999,22.532351000000002,2016-11-03 12:17:04,1
1,114.064552,22.542433,2016-11-03 12:17:22,1
2,113.90758500000001,22.480801,2016-11-03 12:17:24,0
4,113.927521,22.554268,2016-11-03 12:17:23,1
0,113.924232,22.535601,2016-11-03 12:17:25,0
3,114.074219,22.531866,2016-11-03 12:17:24,1
1,114.065048,22.542316,2016-11-03 12:17:30,1
2,113.90751599999999,22.480801,2016-11-03 12:17:39,0
0,113.924232,22.535601,2016-11-03 12:17:40,0
4,113.92763500000001,22.554817,2016-11-03 12:17:37,1
1,114.06576499999998,22.5427,2016-11-03 12:17:45,1
2,113.90751599999999,22.480717000000002,2016-11-03 12:17:46,0
3,114.07053400000001,22.531816,2016-11-03 12:17:44,1
0,113.924232,22.535601,2016-11-03 12:17:55,1
4,113.92901599999999,22.555,2016-11-03 12:17:52,1
1,114.067352,22.542767,2016-11-03 12:18:00,1
2,113.90758500000001,22.480717000000002,2016-11-03 12:18:02,0
3,114.066383,22.531782,2016-11-03 12:18:04,1
1,114.067902,22.542382999999997,2016-11-03 12:18:08,1
2,113.90763100000001,22.480766,2016-11-03 12:18:10,0
4,113.931297,22.555067,2016-11-03 12:18:07,1
0,113.924232,22.535601,2016-11-03 12:18:10,1
1,114.068832,22.5427,2016-11-03 12:18:23,1
3,114.062317,22.531767000000002,2016-11-03 12:18:24,1
4,113.933098,22.555134,2016-11-03 12:18:22,1
2,113.90668500000001,22.480783,2016-11-03 12:18:25,0
0,113.923134,22.535482000000002,2016-11-03 12:18:25,1
2,113.907265,22.481466,2016-11-03 12:18:33,0
1,114.068481,22.544451000000002,2016-11-03 12:18:38,1
0,113.924034,22.535467,2016-11-03 12:18:40,1
4,113.93488300000001,22.555283,2016-11-03 12:18:36,1
3,114.059082,22.531717,2016-11-03 12:18:44,1
1,114.06796999999999,22.545732,2016-11-03 12:18:46,1
2,113.90731799999999,22.481382,2016-11-03 12:18:48,0
4,113.936966,22.555117000000003,2016-11-03 12:18:51,1
0,113.925735,22.535549,2016-11-03 12:18:55,1
1,114.067917,22.546482,2016-11-03 12:19:02,1
2,113.907234,22.481251,2016-11-03 12:19:03,0
3,114.05733500000001,22.531717,2016-11-03 12:19:04,1
0,113.926483,22.535334,2016-11-03 12:19:10,1
4,113.939003,22.554968,2016-11-03 12:19:06,1
1,114.06793200000001,22.546717,2016-11-03 12:19:17,1
2,113.90773,22.4806,2016-11-03 12:19:18,0
3,114.05677,22.5317,2016-11-03 12:19:24,1
4,113.94011699999999,22.554882,2016-11-03 12:19:20,1
0,113.92643000000001,22.534349,2016-11-03 12:19:25,1
1,114.067902,22.547216,2016-11-03 12:19:32,1
2,113.90808100000001,22.480048999999998,2016-11-03 12:19:33,0
4,113.940399,22.553883,2016-11-03 12:19:35,1
0,113.925552,22.532734,2016-11-03 12:19:40,1
3,114.05628200000001,22.5317,2016-11-03 12:19:44,1
1,114.067902,22.547216,2016-11-03 12:19:47,1
2,113.908203,22.4799,2016-11-03 12:19:48,0
4,113.940399,22.553217,2016-11-03 12:19:50,1
0,113.9245,22.530684,2016-11-03 12:19:55,1
1,114.067902,22.547199,2016-11-03 12:20:02,1
2,113.908249,22.479851,2016-11-03 12:20:03,0
3,114.055702,22.531682999999997,2016-11-03 12:20:04,1
0,113.924232,22.52915,2016-11-03 12:20:10,1
4,113.940453,22.551968,2016-11-03 12:20:05,1
1,114.067917,22.547182,2016-11-03 12:20:17,1
2,113.908302,22.479767000000002,2016-11-03 12:20:18,0
3,114.05508400000001,22.531682999999997,2016-11-03 12:20:24,1
4,113.940468,22.550532999999998,2016-11-03 12:20:20,1
1,114.067917,22.547182,2016-11-03 12:20:25,1
0,113.92411799999999,22.527468,2016-11-03 12:20:25,1
2,113.908501,22.480048999999998,2016-11-03 12:20:33,0
1,114.067917,22.547199,2016-11-03 12:20:40,1
4,113.94053600000001,22.549017000000003,2016-11-03 12:20:35,1
0,113.9235,22.526283,2016-11-03 12:20:40,1
3,114.05403100000001,22.531668,2016-11-03 12:20:44,1
2,113.908203,22.480417000000003,2016-11-03 12:20:48,0
4,113.940598,22.547033,2016-11-03 12:20:51,1
2,113.908165,22.480467,2016-11-03 12:20:55,0
0,113.925003,22.525499,2016-11-03 12:20:55,1
1,114.06788600000002,22.547216,2016-11-03 12:21:03,1
1,114.06788600000002,22.547216,2016-11-03 12:21:04,1
3,114.05162,22.531616,2016-11-03 12:21:04,1
4,113.940582,22.546618,2016-11-03 12:21:06,1
2,113.908119,22.480516,2016-11-03 12:21:10,0
0,113.926353,22.525482,2016-11-03 12:21:10,1
1,114.067902,22.547216,2016-11-03 12:21:18,1
3,114.048851,22.531668,2016-11-03 12:21:24,1
4,113.940582,22.546618,2016-11-03 12:21:21,1
0,113.92831399999999,22.524982,2016-11-03 12:21:25,1
2,113.907501,22.481182,2016-11-03 12:21:25,0
1,114.067902,22.547216,2016-11-03 12:21:27,1
4,113.940582,22.546618,2016-11-03 12:21:37,1
0,113.93055,22.524932999999997,2016-11-03 12:21:40,1
2,113.907486,22.481968,2016-11-03 12:21:40,0
1,114.067917,22.547199,2016-11-03 12:21:42,1
3,114.046951,22.531651,2016-11-03 12:21:44,1
1,114.06793200000001,22.547199,2016-11-03 12:21:48,1
4,113.940582,22.546618,2016-11-03 12:21:52,1
0,113.93335,22.525433,2016-11-03 12:21:55,1
2,113.907913,22.482,2016-11-03 12:21:55,0
1,114.06793200000001,22.547182,2016-11-03 12:22:03,1
3,114.044601,22.531616,2016-11-03 12:22:04,1
2,113.908134,22.482848999999998,2016-11-03 12:22:10,0
0,113.93593600000001,22.525049,2016-11-03 12:22:10,1
4,113.94056699999999,22.546332999999997,2016-11-03 12:22:07,1
1,114.06788600000002,22.547532999999998,2016-11-03 12:22:18,1
3,114.043549,22.532132999999998,2016-11-03 12:22:24,1
4,113.940697,22.54665,2016-11-03 12:22:22,1
1,114.06786299999999,22.547234,2016-11-03 12:22:26,1
2,113.908447,22.484167000000003,2016-11-03 12:22:25,0
0,113.93885,22.524717000000003,2016-11-03 12:22:25,1
4,113.94072,22.546867000000002,2016-11-03 12:22:26,0
0,113.94128400000001,22.5245,2016-11-03 12:22:40,1
2,113.908897,22.485634,2016-11-03 12:22:40,0
1,114.067947,22.545782,2016-11-03 12:22:41,1
3,114.04447900000001,22.531017000000002,2016-11-03 12:22:44,1
4,113.94072,22.546867000000002,2016-11-03 12:22:41,0
0,113.944336,22.524433,2016-11-03 12:22:55,1
2,113.90931699999999,22.4863,2016-11-03 12:22:55,0
1,114.06788600000002,22.545218,2016-11-03 12:22:58,1
4,113.94072,22.546867000000002,2016-11-03 12:22:55,0
1,114.067848,22.545168,2016-11-03 12:23:03,1
3,114.044853,22.528534,2016-11-03 12:23:04,1
2,113.909416,22.486584,2016-11-03 12:23:10,0
4,113.94072,22.546867000000002,2016-11-03 12:23:10,0
2,113.909531,22.487101000000003,2016-11-03 12:23:19,0
2,113.909531,22.487182999999998,2016-11-03 12:23:20,0
0,113.947151,22.524182999999997,2016-11-03 12:23:10,1
3,114.04481499999999,22.526817,2016-11-03 12:23:24,1
0,113.95015,22.523832000000002,2016-11-03 12:23:25,1
2,113.90956899999999,22.487182999999998,2016-11-03 12:23:27,0
4,113.94072,22.546867000000002,2016-11-03 12:23:25,0
0,113.95296499999999,22.523483,2016-11-03 12:23:40,1
1,114.067047,22.543501000000003,2016-11-03 12:23:35,1
2,113.90969799999999,22.487017,2016-11-03 12:23:42,0
1,114.06696299999999,22.543318,2016-11-03 12:23:43,1
4,113.94063600000001,22.548082,2016-11-03 12:23:39,0
3,114.04463200000001,22.5264,2016-11-03 12:23:44,1
0,113.95601699999999,22.523132,2016-11-03 12:23:55,1
1,114.066948,22.543332999999997,2016-11-03 12:23:58,1
2,113.909752,22.486833999999998,2016-11-03 12:23:58,1
4,113.94062,22.5492,2016-11-03 12:23:54,0
0,113.95861799999999,22.52285,2016-11-03 12:24:10,1
2,113.90976699999999,22.487049,2016-11-03 12:24:13,1
4,113.94062,22.549232,2016-11-03 12:24:08,0
2,113.909737,22.487167000000003,2016-11-03 12:24:28,1
3,114.044151,22.525368,2016-11-03 12:24:04,1
4,113.94062,22.549232,2016-11-03 12:24:23,0
1,114.06752,22.54425,2016-11-03 12:24:22,1
1,114.067734,22.544617000000002,2016-11-03 12:24:28,1
1,114.067848,22.545099,2016-11-03 12:24:37,1
3,114.043167,22.523466,2016-11-03 12:24:24,1
2,113.909714,22.487182999999998,2016-11-03 12:24:43,1
4,113.940598,22.549549,2016-11-03 12:24:38,0
3,114.041847,22.521584,2016-11-03 12:24:44,1
0,113.9645,22.5228,2016-11-03 12:24:40,1
1,114.06786299999999,22.545033,2016-11-03 12:24:52,1
0,113.96772,22.52285,2016-11-03 12:24:55,1
2,113.909683,22.48715,2016-11-03 12:24:58,1
4,113.940598,22.549583,2016-11-03 12:24:53,0
3,114.04093200000001,22.521784,2016-11-03 12:25:04,1
1,114.067329,22.545099,2016-11-03 12:25:07,1
0,113.970482,22.522867,2016-11-03 12:25:10,1
2,113.91001899999999,22.487818,2016-11-03 12:25:13,1
4,113.940598,22.549583,2016-11-03 12:25:07,0
1,114.066833,22.545134,2016-11-03 12:25:22,1
0,113.973701,22.522867,2016-11-03 12:25:25,1
2,113.91095,22.4895,2016-11-03 12:25:28,1
4,113.940598,22.549583,2016-11-03 12:25:22,0
3,114.03911599999999,22.522766,2016-11-03 12:25:24,1
1,114.065735,22.545168,2016-11-03 12:25:37,1
0,113.97643300000001,22.5229,2016-11-03 12:25:40,1
2,113.911552,22.49015,2016-11-03 12:25:43,1
4,113.940598,22.549583,2016-11-03 12:25:37,0
3,114.038017,22.523433999999998,2016-11-03 12:25:44,1
1,114.06503300000001,22.544916,2016-11-03 12:25:51,1
0,113.97955300000001,22.522867,2016-11-03 12:25:55,1
2,113.911819,22.490717,2016-11-03 12:25:58,1
4,113.940598,22.549583,2016-11-03 12:25:51,0
3,114.038017,22.523433999999998,2016-11-03 12:26:04,1
1,114.06541399999999,22.543934,2016-11-03 12:26:07,1
0,113.982468,22.522966,2016-11-03 12:26:10,1
2,113.913284,22.491301,2016-11-03 12:26:13,1
4,113.940598,22.549583,2016-11-03 12:26:06,0
1,114.06538400000001,22.5439,2016-11-03 12:26:22,0
3,114.038017,22.523433999999998,2016-11-03 12:26:24,1
0,113.98558,22.523567,2016-11-03 12:26:25,1
2,113.91491699999999,22.491632,2016-11-03 12:26:28,1
4,113.940598,22.549583,2016-11-03 12:26:21,0
1,114.065331,22.543867000000002,2016-11-03 12:26:37,0
0,113.98811299999998,22.524317,2016-11-03 12:26:40,1
2,113.91570300000001,22.49205,2016-11-03 12:26:43,1
3,114.037567,22.523701000000003,2016-11-03 12:26:44,1
4,113.940498,22.549732000000002,2016-11-03 12:26:36,0
1,114.065269,22.543751,2016-11-03 12:26:52,0
0,113.99081399999999,22.52545,2016-11-03 12:26:55,1
2,113.915947,22.492332,2016-11-03 12:26:58,1
4,113.94053600000001,22.548282999999998,2016-11-03 12:26:50,0
1,114.06521599999999,22.543833,2016-11-03 12:27:07,0
3,114.035614,22.524782000000002,2016-11-03 12:27:04,1
0,113.99305,22.526684,2016-11-03 12:27:10,1
2,113.91581699999999,22.492849,2016-11-03 12:27:13,1
4,113.94053600000001,22.546568,2016-11-03 12:27:05,0
1,114.065285,22.543882,2016-11-03 12:27:22,0
3,114.033546,22.525932,2016-11-03 12:27:24,1
0,113.99553700000001,22.528183,2016-11-03 12:27:25,1
2,113.91678600000002,22.493099,2016-11-03 12:27:28,1
4,113.940498,22.54635,2016-11-03 12:27:20,0
1,114.065132,22.543432,2016-11-03 12:27:37,0
0,113.997849,22.529332999999998,2016-11-03 12:27:40,1
2,113.918015,22.493299,2016-11-03 12:27:43,1
3,114.03327900000001,22.527233,2016-11-03 12:27:44,1
4,113.940498,22.54635,2016-11-03 12:27:34,0
1,114.06383500000001,22.543383,2016-11-03 12:27:52,0
0,114.00061799999999,22.530018,2016-11-03 12:27:55,1
2,113.91961699999999,22.493366,2016-11-03 12:27:58,1
4,113.940514,22.545732,2016-11-03 12:27:49,0
3,114.033798,22.528267,2016-11-03 12:28:05,1
1,114.062119,22.54335,2016-11-03 12:28:07,0
0,114.00322,22.53005,2016-11-03 12:28:10,1
2,113.91968500000002,22.493233,2016-11-03 12:28:13,1
4,113.94053600000001,22.544382000000002,2016-11-03 12:28:03,0
2,113.919716,22.49325,2016-11-03 12:28:20,1
1,114.06073,22.543617,2016-11-03 12:28:22,0
3,114.033798,22.528267,2016-11-03 12:28:25,1
0,114.00603500000001,22.529682,2016-11-03 12:28:25,1
4,113.940582,22.542816000000002,2016-11-03 12:28:18,0
1,114.06036399999999,22.54355,2016-11-03 12:28:30,0
2,113.919731,22.493217,2016-11-03 12:28:35,1
0,114.00848400000001,22.529532999999997,2016-11-03 12:28:40,1
4,113.940903,22.542351,2016-11-03 12:28:33,0
1,114.06033300000001,22.543533,2016-11-03 12:28:45,0
3,114.033798,22.528267,2016-11-03 12:28:45,1
2,113.91991399999999,22.493317,2016-11-03 12:28:50,1
0,114.011551,22.530082999999998,2016-11-03 12:28:55,1
1,114.060051,22.543467,2016-11-03 12:29:00,0
3,114.03386699999999,22.529367,2016-11-03 12:29:05,1
2,113.92012,22.494083,2016-11-03 12:29:05,1
4,113.942268,22.542583,2016-11-03 12:28:47,0
1,114.05946399999999,22.543501000000003,2016-11-03 12:29:08,0
0,114.01406899999999,22.530666,2016-11-03 12:29:10,1
4,113.944199,22.542717,2016-11-03 12:29:02,0
2,113.920097,22.495767999999998,2016-11-03 12:29:20,1
1,114.05916599999999,22.5439,2016-11-03 12:29:23,0
3,114.03386699999999,22.528851,2016-11-03 12:29:25,1
0,114.016602,22.531218,2016-11-03 12:29:25,1
4,113.946251,22.542801,2016-11-03 12:29:17,0
1,114.059196,22.544283,2016-11-03 12:29:38,0
2,113.92012,22.497032,2016-11-03 12:29:38,1
0,114.01847099999999,22.531584,2016-11-03 12:29:40,1
2,113.92040300000001,22.496782,2016-11-03 12:29:44,1
3,114.033852,22.528783999999998,2016-11-03 12:29:45,1
4,113.948051,22.54295,2016-11-03 12:29:31,0
1,114.059219,22.5443,2016-11-03 12:29:53,0
0,114.02046999999999,22.532101,2016-11-03 12:29:55,1
2,113.920731,22.496668,2016-11-03 12:29:59,0
4,113.94838,22.542999,2016-11-03 12:29:46,0
3,114.033852,22.528783999999998,2016-11-03 12:30:05,1
2,113.92076899999999,22.496682999999997,2016-11-03 12:30:07,0
0,114.020599,22.532066,2016-11-03 12:30:10,1
1,114.058998,22.54475,2016-11-03 12:30:16,0
4,113.94838,22.542999,2016-11-03 12:30:01,0
2,113.92071499999999,22.496616,2016-11-03 12:30:22,0
3,114.033852,22.528783999999998,2016-11-03 12:30:25,1
0,114.020599,22.532066,2016-11-03 12:30:25,1
4,113.949448,22.543034,2016-11-03 12:30:16,0
1,114.059647,22.5453,2016-11-03 12:30:31,0
2,113.920753,22.496599,2016-11-03 12:30:37,0
0,114.020599,22.532066,2016-11-03 12:30:40,0
1,114.06006599999999,22.545517,2016-11-03 12:30:46,0
2,113.920753,22.496668,2016-11-03 12:30:52,0
3,114.03351599999999,22.527767,2016-11-03 12:30:45,1
4,113.95106499999999,22.543118,2016-11-03 12:30:30,0
0,114.02058400000001,22.531733,2016-11-03 12:30:55,0
3,114.03351599999999,22.527767,2016-11-03 12:30:59,0
4,113.95331599999999,22.543132999999997,2016-11-03 12:30:45,0
1,114.060448,22.546368,2016-11-03 12:31:01,0
2,113.92051699999999,22.496717,2016-11-03 12:31:07,0
1,114.06047099999999,22.547068,2016-11-03 12:31:09,0
0,114.02058400000001,22.531733,2016-11-03 12:31:10,0
2,113.92021899999999,22.496883,2016-11-03 12:31:22,0
3,114.03351599999999,22.527767,2016-11-03 12:31:19,0
4,113.95543700000002,22.54315,2016-11-03 12:30:59,0
0,114.020752,22.531584,2016-11-03 12:31:25,0
1,114.06036399999999,22.547216,2016-11-03 12:31:24,0
4,113.957581,22.543182,2016-11-03 12:31:14,0
1,114.06033300000001,22.547216,2016-11-03 12:31:32,0
2,113.92021899999999,22.496817,2016-11-03 12:31:37,0
3,114.03351599999999,22.527767,2016-11-03 12:31:39,0
0,114.02103400000001,22.530832,2016-11-03 12:31:40,0
4,113.95931999999999,22.543118,2016-11-03 12:31:28,0
1,114.060303,22.547216,2016-11-03 12:31:47,0
2,113.920235,22.49695,2016-11-03 12:31:52,0
0,114.02156799999999,22.530082999999998,2016-11-03 12:31:55,0
3,114.03351599999999,22.527767,2016-11-03 12:31:59,0
1,114.060318,22.547216,2016-11-03 12:32:02,0
4,113.96201299999998,22.542233,2016-11-03 12:31:58,0
2,113.92003600000001,22.496782,2016-11-03 12:32:07,0
0,114.021896,22.529734,2016-11-03 12:32:10,0
2,113.919868,22.496384,2016-11-03 12:32:15,0
4,113.96201299999998,22.541901,2016-11-03 12:32:13,0
1,114.060814,22.547532999999998,2016-11-03 12:32:17,0
3,114.03276799999999,22.526632,2016-11-03 12:32:19,0
0,114.02161399999999,22.529966,2016-11-03 12:32:25,0
4,113.96201299999998,22.541532999999998,2016-11-03 12:32:28,0
2,113.91983,22.495632,2016-11-03 12:32:30,0
1,114.06228600000001,22.547617000000002,2016-11-03 12:32:32,0
3,114.03276799999999,22.526632,2016-11-03 12:32:39,0
0,114.021332,22.5306,2016-11-03 12:32:40,0
4,113.96201299999998,22.541468,2016-11-03 12:32:42,0
2,113.91988400000001,22.494801000000002,2016-11-03 12:32:45,0
1,114.06368300000001,22.547716,2016-11-03 12:32:47,0
1,114.06451399999999,22.547684,2016-11-03 12:32:55,0
0,114.021217,22.53105,2016-11-03 12:32:55,0
3,114.03276799999999,22.526632,2016-11-03 12:32:59,0
4,113.96201299999998,22.541468,2016-11-03 12:32:57,0
2,113.919868,22.493401000000002,2016-11-03 12:33:00,0
1,114.065918,22.547732999999997,2016-11-03 12:33:10,0
0,114.021217,22.53105,2016-11-03 12:33:10,0
4,113.96201299999998,22.541468,2016-11-03 12:33:11,0
2,113.919151,22.493299,2016-11-03 12:33:15,0
3,114.03276799999999,22.526632,2016-11-03 12:33:19,0
1,114.067131,22.547817000000002,2016-11-03 12:33:25,0
0,114.021049,22.531218,2016-11-03 12:33:25,0
4,113.96201299999998,22.541468,2016-11-03 12:33:26,0
2,113.917717,22.4932,2016-11-03 12:33:30,0
2,113.916946,22.493183,2016-11-03 12:33:38,0
3,114.03276799999999,22.526632,2016-11-03 12:33:39,0
0,114.021049,22.531218,2016-11-03 12:33:40,0
4,113.96201299999998,22.541468,2016-11-03 12:33:41,0
1,114.06723000000001,22.54785,2016-11-03 12:33:48,0
1,114.06723000000001,22.547867,2016-11-03 12:33:49,0
2,113.916748,22.493151,2016-11-03 12:33:53,0
0,114.02091999999999,22.531616,2016-11-03 12:33:55,0
3,114.03276799999999,22.526632,2016-11-03 12:33:59,0
4,113.96201299999998,22.541468,2016-11-03 12:33:56,0
1,114.06736799999999,22.547898999999997,2016-11-03 12:34:03,0
2,113.917068,22.493183,2016-11-03 12:34:08,1
0,114.021553,22.531866,2016-11-03 12:34:09,0
4,113.96201299999998,22.541468,2016-11-03 12:34:10,0
1,114.06846599999999,22.547898999999997,2016-11-03 12:34:18,0
3,114.031952,22.5254,2016-11-03 12:34:19,0
2,113.918465,22.493183,2016-11-03 12:34:23,1
0,114.02282,22.531782,2016-11-03 12:34:25,0
4,113.96201299999998,22.541468,2016-11-03 12:34:25,0
1,114.07011399999999,22.5481,2016-11-03 12:34:33,0
2,113.91947900000001,22.493267000000003,2016-11-03 12:34:38,1
0,114.02362099999999,22.531482999999998,2016-11-03 12:34:40,0
4,113.96201299999998,22.541468,2016-11-03 12:34:39,0
1,114.071648,22.548149,2016-11-03 12:34:48,0
2,113.91954799999999,22.493633,2016-11-03 12:34:53,1
0,114.025131,22.531233,2016-11-03 12:34:55,0
4,113.96201299999998,22.541468,2016-11-03 12:34:54,0
1,114.073402,22.547783,2016-11-03 12:35:03,0
2,113.91961699999999,22.4939,2016-11-03 12:35:08,1
3,114.031219,22.523849,2016-11-03 12:34:39,0
0,114.026901,22.530718,2016-11-03 12:35:10,0
3,114.032448,22.523083,2016-11-03 12:34:59,0
4,113.96201299999998,22.541468,2016-11-03 12:35:09,0
2,113.91967,22.493267000000003,2016-11-03 12:35:15,1
1,114.074982,22.54735,2016-11-03 12:35:18,0
3,114.03353100000001,22.522516,2016-11-03 12:35:19,0
0,114.02923600000001,22.530148999999998,2016-11-03 12:35:25,0
4,113.96201299999998,22.541468,2016-11-03 12:35:24,0
2,113.920166,22.4946,2016-11-03 12:35:31,1
1,114.07534799999999,22.547216,2016-11-03 12:35:33,0
3,114.03431699999999,22.522167,2016-11-03 12:35:39,0
0,114.03123500000001,22.529934,2016-11-03 12:35:40,0
1,114.07534799999999,22.547216,2016-11-03 12:35:41,0
4,113.96201299999998,22.541468,2016-11-03 12:35:39,0
2,113.919418,22.496532000000002,2016-11-03 12:35:46,1
0,114.03323400000001,22.529966,2016-11-03 12:35:55,0
1,114.07579799999999,22.547033,2016-11-03 12:35:56,0
3,114.034966,22.521832999999997,2016-11-03 12:35:59,0
2,113.920502,22.496782,2016-11-03 12:35:54,1
4,113.96201299999998,22.541468,2016-11-03 12:35:54,0
2,113.92078400000001,22.497383,2016-11-03 12:36:09,1
0,114.035103,22.530117,2016-11-03 12:36:10,0
1,114.0765,22.546984,2016-11-03 12:36:11,0
4,113.96201299999998,22.541468,2016-11-03 12:36:10,0
3,114.034966,22.521832999999997,2016-11-03 12:36:19,0
3,114.035301,22.522033999999998,2016-11-03 12:36:22,1
2,113.92293500000001,22.497784,2016-11-03 12:36:24,1
0,114.037003,22.530282999999997,2016-11-03 12:36:25,0
4,113.96201299999998,22.541468,2016-11-03 12:36:25,0
2,113.923965,22.497667,2016-11-03 12:36:32,1
1,114.077454,22.547068,2016-11-03 12:36:35,0
1,114.07763700000001,22.547068,2016-11-03 12:36:41,0
0,114.03818500000001,22.53035,2016-11-03 12:36:40,0
3,114.035896,22.5224,2016-11-03 12:36:42,1
4,113.96201299999998,22.541468,2016-11-03 12:36:40,0
2,113.924568,22.497999,2016-11-03 12:36:47,1
0,114.038315,22.529583,2016-11-03 12:36:55,0
1,114.078232,22.547216,2016-11-03 12:36:56,0
4,113.96201299999998,22.541468,2016-11-03 12:36:55,0
2,113.925133,22.501467,2016-11-03 12:37:02,1
3,114.03671999999999,22.522766,2016-11-03 12:37:02,1
0,114.03838300000001,22.528783999999998,2016-11-03 12:37:10,0
1,114.078979,22.5474,2016-11-03 12:37:11,0
4,113.96201299999998,22.541468,2016-11-03 12:37:10,0
2,113.92551399999999,22.499132,2016-11-03 12:37:17,1
3,114.036934,22.5229,2016-11-03 12:37:22,1
0,114.03853600000001,22.527533,2016-11-03 12:37:25,0
4,113.96201299999998,22.541468,2016-11-03 12:37:25,0
2,113.927498,22.498583,2016-11-03 12:37:32,1
1,114.07998700000002,22.547449,2016-11-03 12:37:34,0
0,114.03953600000001,22.527282999999997,2016-11-03 12:37:40,0
3,114.038521,22.522932,2016-11-03 12:37:42,1
2,113.92901599999999,22.499767000000002,2016-11-03 12:37:47,1
4,113.96201299999998,22.541468,2016-11-03 12:37:40,0
1,114.08053600000001,22.547434,2016-11-03 12:37:49,0
0,114.040649,22.527267000000002,2016-11-03 12:37:55,0
4,113.96201299999998,22.541468,2016-11-03 12:37:55,0
3,114.0411,22.521566,2016-11-03 12:38:02,1
2,113.92890200000001,22.498301,2016-11-03 12:38:02,1
1,114.08083300000001,22.547417000000003,2016-11-03 12:38:04,0
0,114.041321,22.527348999999997,2016-11-03 12:38:10,0
2,113.92903100000001,22.498367000000002,2016-11-03 12:38:10,1
4,113.96201299999998,22.541468,2016-11-03 12:38:10,0
1,114.081116,22.547234,2016-11-03 12:38:19,0
3,114.04142,22.521383,2016-11-03 12:38:22,1
0,114.041451,22.52755,2016-11-03 12:38:25,0
2,113.928719,22.5002,2016-11-03 12:38:24,1
4,113.96201299999998,22.541468,2016-11-03 12:38:25,0
1,114.08118400000001,22.547234,2016-11-03 12:38:34,0
0,114.041367,22.52775,2016-11-03 12:38:40,0
2,113.928497,22.502632000000002,2016-11-03 12:38:40,1
3,114.04142,22.521383,2016-11-03 12:38:42,1
4,113.96201299999998,22.541468,2016-11-03 12:38:40,0
1,114.081329,22.547216,2016-11-03 12:38:49,0
2,113.928497,22.503366,2016-11-03 12:38:48,1
0,114.041168,22.5284,2016-11-03 12:38:55,0
4,113.96201299999998,22.541468,2016-11-03 12:38:55,0
3,114.04142,22.521383,2016-11-03 12:39:02,1
1,114.08166499999999,22.547199,2016-11-03 12:39:04,0
2,113.930031,22.503401,2016-11-03 12:39:03,1
0,114.041,22.529016,2016-11-03 12:39:10,0
4,113.96201299999998,22.541468,2016-11-03 12:39:10,0
1,114.08188600000001,22.547167,2016-11-03 12:39:19,0
3,114.042686,22.522467000000002,2016-11-03 12:39:22,1
0,114.041031,22.529234,2016-11-03 12:39:25,0
4,113.96201299999998,22.541468,2016-11-03 12:39:25,0
1,114.081947,22.547182,2016-11-03 12:39:34,0
0,114.04081699999999,22.529583,2016-11-03 12:39:40,0
4,113.96201299999998,22.541468,2016-11-03 12:39:39,0
3,114.043602,22.524017,2016-11-03 12:39:42,1
1,114.08218400000001,22.54735,2016-11-03 12:39:49,0
2,113.93063400000001,22.5079,2016-11-03 12:39:49,1
0,114.040764,22.529699,2016-11-03 12:39:55,0
2,113.931931,22.507816000000002,2016-11-03 12:39:57,1
4,113.96201299999998,22.541468,2016-11-03 12:39:54,0
1,114.08287,22.547417000000003,2016-11-03 12:40:04,0
0,114.04068000000001,22.530434,2016-11-03 12:40:10,0
2,113.932999,22.508932,2016-11-03 12:40:12,1
4,113.96201299999998,22.541468,2016-11-03 12:40:09,0
1,114.083481,22.547382,2016-11-03 12:40:19,0
0,114.04066499999999,22.530466,2016-11-03 12:40:25,0
2,113.93296799999999,22.51125,2016-11-03 12:40:27,1
4,113.96201299999998,22.541468,2016-11-03 12:40:24,0
1,114.083633,22.5474,2016-11-03 12:40:34,0
2,113.932899,22.512698999999998,2016-11-03 12:40:35,1
0,114.040764,22.530666,2016-11-03 12:40:40,0
4,113.96201299999998,22.541468,2016-11-03 12:40:39,0
1,114.083649,22.5474,2016-11-03 12:40:49,0
0,114.041748,22.530884,2016-11-03 12:40:55,0
4,113.96201299999998,22.541468,2016-11-03 12:40:54,0
1,114.083702,22.547382,2016-11-03 12:41:04,0
0,114.04191599999999,22.5306,2016-11-03 12:41:10,0
4,113.96201299999998,22.541468,2016-11-03 12:41:08,0
1,114.084099,22.547132,2016-11-03 12:41:19,0
0,114.042252,22.530067000000003,2016-11-03 12:41:25,0
4,113.96201299999998,22.541468,2016-11-03 12:41:23,0
1,114.084236,22.546749,2016-11-03 12:41:34,0
0,114.042419,22.529667,2016-11-03 12:41:40,0
3,114.044983,22.528601000000002,2016-11-03 12:40:22,1
3,114.044647,22.531682999999997,2016-11-03 12:40:42,1
3,114.044533,22.534983,2016-11-03 12:41:02,1
3,114.04447900000001,22.539368,2016-11-03 12:41:25,1
3,114.044449,22.541033,2016-11-03 12:41:34,1
4,113.96201299999998,22.541468,2016-11-03 12:41:38,0
1,114.084351,22.54635,2016-11-03 12:41:49,0
0,114.04261799999999,22.528868,2016-11-03 12:41:55,0
4,113.96201299999998,22.541468,2016-11-03 12:41:53,0
1,114.084267,22.546316,2016-11-03 12:42:04,0
2,113.933548,22.5163,2016-11-03 12:40:59,1
2,113.93373100000001,22.516184,2016-11-03 12:41:05,1
2,113.934036,22.516001,2016-11-03 12:41:13,1
2,113.933929,22.516068,2016-11-03 12:41:15,1
0,114.042686,22.528601000000002,2016-11-03 12:42:10,0
4,113.96201299999998,22.541468,2016-11-03 12:42:08,0
1,114.08418300000001,22.546183,2016-11-03 12:42:19,0
0,114.042786,22.527866,2016-11-03 12:42:25,0
2,113.938484,22.521998999999997,2016-11-03 12:42:27,1
4,113.96201299999998,22.541468,2016-11-03 12:42:23,0
3,114.04436499999998,22.545233,2016-11-03 12:41:56,1
3,114.044296,22.548866,2016-11-03 12:42:16,1
3,114.044266,22.551567000000002,2016-11-03 12:42:34,1
2,113.939598,22.521632999999998,2016-11-03 12:42:34,1
1,114.084129,22.54615,2016-11-03 12:42:33,0
0,114.04288500000001,22.527651000000002,2016-11-03 12:42:39,0
4,113.96201299999998,22.541468,2016-11-03 12:42:38,0
2,113.940697,22.520767000000003,2016-11-03 12:42:49,1
1,114.084152,22.545482999999997,2016-11-03 12:42:49,0
3,114.04416699999999,22.554448999999998,2016-11-03 12:42:55,1
0,114.042984,22.5275,2016-11-03 12:42:55,0
4,113.96201299999998,22.541468,2016-11-03 12:42:52,0
2,113.941666,22.520317000000002,2016-11-03 12:43:04,1
1,114.08418300000001,22.545433,2016-11-03 12:43:04,0
0,114.043617,22.5277,2016-11-03 12:43:10,0
3,114.04402900000001,22.556032000000002,2016-11-03 12:43:15,1
4,113.96201299999998,22.541468,2016-11-03 12:43:07,0
2,113.94288600000002,22.519517999999998,2016-11-03 12:43:19,1
1,114.084236,22.545267000000003,2016-11-03 12:43:19,0
0,114.044334,22.527866,2016-11-03 12:43:25,0
4,113.96201299999998,22.541468,2016-11-03 12:43:22,0
2,113.943253,22.519432000000002,2016-11-03 12:43:34,1
3,114.04402900000001,22.556032000000002,2016-11-03 12:43:35,1
1,114.084236,22.544983,2016-11-03 12:43:34,0
0,114.04436499999998,22.528482,2016-11-03 12:43:40,0
4,113.96201299999998,22.541468,2016-11-03 12:43:37,0
1,114.084198,22.5443,2016-11-03 12:43:49,0
3,114.04402900000001,22.556032000000002,2016-11-03 12:43:55,1
0,114.04435,22.5296,2016-11-03 12:43:55,0
2,113.944298,22.519199,2016-11-03 12:43:49,1
2,113.944565,22.519333,2016-11-03 12:43:57,0
4,113.96201299999998,22.541468,2016-11-03 12:43:52,0
1,114.08418300000001,22.543633,2016-11-03 12:44:03,0
0,114.04412099999999,22.530117,2016-11-03 12:44:10,0
2,113.944351,22.519251,2016-11-03 12:44:12,0
3,114.04402900000001,22.556032000000002,2016-11-03 12:44:15,1
4,113.96201299999998,22.541468,2016-11-03 12:44:07,0
1,114.083549,22.543266,2016-11-03 12:44:19,0
0,114.04353300000001,22.530082999999998,2016-11-03 12:44:25,0
2,113.94423700000002,22.519251,2016-11-03 12:44:27,0
4,113.96201299999998,22.541468,2016-11-03 12:44:22,0
1,114.082352,22.543266,2016-11-03 12:44:34,0
3,114.04381599999999,22.556784,2016-11-03 12:44:35,1
0,114.04353300000001,22.530082999999998,2016-11-03 12:44:41,1
2,113.943932,22.5193,2016-11-03 12:44:42,0
4,113.96201299999998,22.541468,2016-11-03 12:44:37,0
1,114.082031,22.543182,2016-11-03 12:44:49,0
3,114.041931,22.556583,2016-11-03 12:44:55,1
0,114.042717,22.530067000000003,2016-11-03 12:44:56,1
2,113.942535,22.519882,2016-11-03 12:44:57,0
4,113.96201299999998,22.541468,2016-11-03 12:44:52,0
1,114.082031,22.543167,2016-11-03 12:45:04,0
2,113.941666,22.520416,2016-11-03 12:45:05,0
0,114.042252,22.530317,2016-11-03 12:45:11,1
3,114.03958100000001,22.556368,2016-11-03 12:45:15,1
4,113.96201299999998,22.541468,2016-11-03 12:45:07,0
1,114.08107,22.5432,2016-11-03 12:45:19,0
2,113.940132,22.521,2016-11-03 12:45:20,0
0,114.042,22.530884,2016-11-03 12:45:26,1
4,113.96201299999998,22.541468,2016-11-03 12:45:22,0
3,114.036781,22.556048999999998,2016-11-03 12:45:35,1
1,114.079369,22.543217000000002,2016-11-03 12:45:34,0
2,113.938202,22.521418,2016-11-03 12:45:35,0
0,114.043198,22.531098999999998,2016-11-03 12:45:41,1
4,113.96201299999998,22.541468,2016-11-03 12:45:36,0
1,114.07778200000001,22.543217000000002,2016-11-03 12:45:49,0
2,113.93636299999999,22.521798999999998,2016-11-03 12:45:50,0
3,114.034935,22.555232999999998,2016-11-03 12:45:55,1
0,114.045151,22.531233,2016-11-03 12:45:56,1
2,113.936302,22.521749,2016-11-03 12:45:57,0
4,113.96201299999998,22.541468,2016-11-03 12:45:52,0
1,114.075333,22.54315,2016-11-03 12:46:04,0
0,114.04763,22.531267,2016-11-03 12:46:11,1
2,113.935699,22.521867999999998,2016-11-03 12:46:12,0
3,114.033813,22.556299,2016-11-03 12:46:15,1
4,113.96201299999998,22.541468,2016-11-03 12:46:06,0
1,114.07236499999999,22.543083,2016-11-03 12:46:21,0
0,114.04983500000002,22.531384,2016-11-03 12:46:26,1
1,114.071671,22.54315,2016-11-03 12:46:27,0
2,113.935547,22.522582999999997,2016-11-03 12:46:28,1
4,113.96201299999998,22.541468,2016-11-03 12:46:21,0
3,114.032532,22.55735,2016-11-03 12:46:35,1
0,114.05228400000001,22.531467000000003,2016-11-03 12:46:41,1
1,114.06978600000001,22.5432,2016-11-03 12:46:43,0
2,113.936035,22.523332999999997,2016-11-03 12:46:43,1
4,113.96201299999998,22.541468,2016-11-03 12:46:36,0
3,114.031517,22.558216,2016-11-03 12:46:55,1
0,114.05443600000001,22.5315,2016-11-03 12:46:56,1
1,114.06856499999999,22.54355,2016-11-03 12:46:58,0
2,113.93721799999999,22.525417,2016-11-03 12:46:58,1
4,113.96201299999998,22.541468,2016-11-03 12:46:51,0
0,114.056999,22.531517,2016-11-03 12:47:11,1
1,114.067581,22.543283,2016-11-03 12:47:13,0
2,113.938499,22.5259,2016-11-03 12:47:13,1
3,114.031364,22.5583,2016-11-03 12:47:15,1
4,113.96201299999998,22.541468,2016-11-03 12:47:06,0
0,114.059097,22.531549,2016-11-03 12:47:26,1
2,113.938065,22.524982,2016-11-03 12:47:28,1
4,113.96201299999998,22.541468,2016-11-03 12:47:21,0
3,114.03116599999998,22.5585,2016-11-03 12:47:35,1
1,114.06804699999999,22.539949,2016-11-03 12:47:36,0
0,114.06161499999999,22.531651,2016-11-03 12:47:41,1
2,113.936447,22.524982,2016-11-03 12:47:43,1
4,113.96201299999998,22.540251,2016-11-03 12:47:36,0
3,114.03081499999999,22.5583,2016-11-03 12:47:50,0
0,114.064102,22.5317,2016-11-03 12:47:56,1
2,113.93643200000001,22.525833,2016-11-03 12:47:58,1
4,113.961998,22.539984,2016-11-03 12:47:51,0
1,114.0681,22.536818,2016-11-03 12:47:53,0
3,114.03081499999999,22.5583,2016-11-03 12:48:10,0
0,114.06707,22.531816,2016-11-03 12:48:11,1
2,113.935402,22.525949,2016-11-03 12:48:13,1
4,113.961983,22.5396,2016-11-03 12:48:06,0
1,114.06786299999999,22.5334,2016-11-03 12:48:16,0
0,114.06981699999999,22.531816,2016-11-03 12:48:26,1
2,113.933769,22.525984,2016-11-03 12:48:28,1
3,114.03081499999999,22.5583,2016-11-03 12:48:30,0
4,113.96196699999999,22.539284,2016-11-03 12:48:21,0
4,113.96188400000001,22.538967,2016-11-03 12:48:36,0
1,114.06626899999999,22.532,2016-11-03 12:48:31,0
1,114.065735,22.531933,2016-11-03 12:48:37,0
0,114.072731,22.531851,2016-11-03 12:48:41,1
2,113.933769,22.526217000000003,2016-11-03 12:48:43,1
3,114.030052,22.5574,2016-11-03 12:48:50,0
1,114.06401799999999,22.531918,2016-11-03 12:48:52,0
2,113.93383,22.526417000000002,2016-11-03 12:48:51,1
0,114.074867,22.531866,2016-11-03 12:48:56,1
4,113.96183,22.53825,2016-11-03 12:48:51,0
1,114.061501,22.531918,2016-11-03 12:49:07,0
2,113.933769,22.526518,2016-11-03 12:49:06,0
3,114.02991499999999,22.556116,2016-11-03 12:49:10,0
0,114.07710300000001,22.532101,2016-11-03 12:49:11,1
4,113.961853,22.5375,2016-11-03 12:49:06,0
2,113.933815,22.526567,2016-11-03 12:49:21,0
1,114.05905200000001,22.531866,2016-11-03 12:49:22,0
0,114.07828500000001,22.533649,2016-11-03 12:49:26,1
3,114.032265,22.554251,2016-11-03 12:49:30,0
4,113.961868,22.536533,2016-11-03 12:49:21,0
2,113.933853,22.526567,2016-11-03 12:49:36,0
1,114.05648000000001,22.531834,2016-11-03 12:49:38,0
0,114.07943,22.535784,2016-11-03 12:49:41,1
1,114.055199,22.531799,2016-11-03 12:49:45,0
4,113.961998,22.535351000000002,2016-11-03 12:49:36,0
3,114.03265400000001,22.553984,2016-11-03 12:49:50,0
2,113.93373100000001,22.526367,2016-11-03 12:49:51,0
0,114.081383,22.537149,2016-11-03 12:49:56,1
3,114.03315,22.553698999999998,2016-11-03 12:49:57,1
1,114.053017,22.531782,2016-11-03 12:50:00,0
4,113.962097,22.534332,2016-11-03 12:49:51,0
2,113.93391399999999,22.526266,2016-11-03 12:50:06,0
0,114.084198,22.537399,2016-11-03 12:50:11,1
4,113.962166,22.534149,2016-11-03 12:50:06,0
3,114.033203,22.55365,2016-11-03 12:50:17,1
2,113.93298300000001,22.524717000000003,2016-11-03 12:50:21,0
2,113.931931,22.525316,2016-11-03 12:50:29,0
4,113.962166,22.533583,2016-11-03 12:50:21,0
1,114.048882,22.531717,2016-11-03 12:50:31,0
3,114.03438600000001,22.5543,2016-11-03 12:50:37,1
2,113.929947,22.525351,2016-11-03 12:50:44,0
4,113.962097,22.532183,2016-11-03 12:50:36,0
0,114.08678400000001,22.537399,2016-11-03 12:50:26,1
0,114.089615,22.537782999999997,2016-11-03 12:50:41,1
1,114.04793500000001,22.532101,2016-11-03 12:50:48,0
1,114.047951,22.532267,2016-11-03 12:50:54,0
0,114.092018,22.538151,2016-11-03 12:50:56,1
2,113.92831399999999,22.525299,2016-11-03 12:50:59,0
4,113.961998,22.531082,2016-11-03 12:50:51,0
1,114.047951,22.532467,2016-11-03 12:51:02,0
3,114.03668200000001,22.555882999999998,2016-11-03 12:50:57,1
0,114.095001,22.538099,2016-11-03 12:51:11,1
2,113.92651399999998,22.5256,2016-11-03 12:51:14,0
4,113.961716,22.531032999999997,2016-11-03 12:51:06,0
3,114.038071,22.556084,2016-11-03 12:51:17,1
0,114.097771,22.538168,2016-11-03 12:51:26,1
2,113.92489599999999,22.526083,2016-11-03 12:51:29,0
4,113.961716,22.531032999999997,2016-11-03 12:51:21,0
3,114.03971899999999,22.556232,2016-11-03 12:51:37,1
0,114.100899,22.538218,2016-11-03 12:51:41,1
2,113.92371399999999,22.526632,2016-11-03 12:51:44,0
4,113.961716,22.531032999999997,2016-11-03 12:51:36,0
3,114.04158000000001,22.556383,2016-11-03 12:51:57,1
0,114.103569,22.538218,2016-11-03 12:51:56,1
2,113.92446899999999,22.526484,2016-11-03 12:51:59,0
4,113.961716,22.531032999999997,2016-11-03 12:51:51,0
2,113.9244,22.524651000000002,2016-11-03 12:52:14,0
4,113.961716,22.531032999999997,2016-11-03 12:52:07,0
3,114.042801,22.55645,2016-11-03 12:52:17,1
2,113.92381999999999,22.522818,2016-11-03 12:52:28,0
4,113.961716,22.531032999999997,2016-11-03 12:52:22,0
3,114.04377,22.556351,2016-11-03 12:52:37,1
2,113.923447,22.522301000000002,2016-11-03 12:52:37,0
4,113.961716,22.531032999999997,2016-11-03 12:52:38,0
2,113.922279,22.5228,2016-11-03 12:52:52,0
3,114.044182,22.553682000000002,2016-11-03 12:52:57,1
4,113.961716,22.531032999999997,2016-11-03 12:52:53,0
2,113.92231799999999,22.5228,2016-11-03 12:53:07,0
4,113.961716,22.531032999999997,2016-11-03 12:53:08,0
3,114.04425,22.551001,2016-11-03 12:53:17,1
0,114.115898,22.538967,2016-11-03 12:53:18,1
2,113.92213400000001,22.522949,2016-11-03 12:53:22,0
0,114.11618,22.539066000000002,2016-11-03 12:53:20,1
4,113.961716,22.531032999999997,2016-11-03 12:53:24,0
3,114.04425,22.551001,2016-11-03 12:53:37,1
2,113.92153200000001,22.523149,2016-11-03 12:53:37,0
0,114.11693600000001,22.539499,2016-11-03 12:53:42,1
4,113.961716,22.531032999999997,2016-11-03 12:53:39,0
2,113.920998,22.5233,2016-11-03 12:53:45,0
0,114.11747,22.54015,2016-11-03 12:53:55,1
3,114.04425,22.551001,2016-11-03 12:53:57,1
4,113.961716,22.531032999999997,2016-11-03 12:53:55,0
2,113.919785,22.523867000000003,2016-11-03 12:54:00,0
0,114.11831699999999,22.541283,2016-11-03 12:54:10,1
4,113.961716,22.531032999999997,2016-11-03 12:54:10,0
2,113.919151,22.524166,2016-11-03 12:54:15,0
3,114.04425,22.551001,2016-11-03 12:54:17,1
2,113.918953,22.524317,2016-11-03 12:54:23,0
0,114.11889599999999,22.540417,2016-11-03 12:54:25,1
4,113.961716,22.531032999999997,2016-11-03 12:54:25,0
3,114.045547,22.550734,2016-11-03 12:54:37,1
2,113.918999,22.524349,2016-11-03 12:54:38,0
0,114.11968200000001,22.540916,2016-11-03 12:54:40,1
4,113.961716,22.531032999999997,2016-11-03 12:54:41,0
0,114.11972,22.54105,2016-11-03 12:54:55,1
3,114.049484,22.551117,2016-11-03 12:54:57,1
4,113.961716,22.531032999999997,2016-11-03 12:54:56,0
0,114.12021599999999,22.541817,2016-11-03 12:55:10,1
4,113.961716,22.531032999999997,2016-11-03 12:55:11,0
3,114.051468,22.551268,2016-11-03 12:55:17,1
0,114.120903,22.542749,2016-11-03 12:55:25,1
4,113.961716,22.531032999999997,2016-11-03 12:55:27,0
3,114.07381399999998,22.551233,2016-11-03 13:02:17,1
4,113.961716,22.531032999999997,2016-11-03 13:02:30,0
3,114.07581299999998,22.551434,2016-11-03 13:02:37,1
4,113.96112099999999,22.53105,2016-11-03 13:02:45,0
3,114.07581299999998,22.551434,2016-11-03 13:02:57,1
4,113.96028100000001,22.53105,2016-11-03 13:03:00,0
0,114.13002,22.552668,2016-11-03 13:03:07,0
0,114.13002,22.552668,2016-11-03 13:03:10,0
4,113.959419,22.531098999999998,2016-11-03 13:03:15,0
3,114.07581299999998,22.551434,2016-11-03 13:03:17,1
0,114.130219,22.552834,2016-11-03 13:03:21,0
4,113.95918300000001,22.531601000000002,2016-11-03 13:03:30,0
3,114.077164,22.551517,2016-11-03 13:03:37,1
0,114.130219,22.553301,2016-11-03 13:03:36,0
4,113.95918300000001,22.531601000000002,2016-11-03 13:03:45,0
0,114.130348,22.554033,2016-11-03 13:03:51,0
3,114.079247,22.551582,2016-11-03 13:03:57,1
4,113.95918300000001,22.531601000000002,2016-11-03 13:04:00,0
0,114.13081399999999,22.554382,2016-11-03 13:04:06,0
4,113.95918300000001,22.531601000000002,2016-11-03 13:04:15,0
3,114.081947,22.551634,2016-11-03 13:04:17,1
0,114.13208,22.554617,2016-11-03 13:04:21,0
4,113.95918300000001,22.531601000000002,2016-11-03 13:04:30,0
2,113.91893,22.524418,2016-11-03 13:04:31,0
0,114.13237,22.554768,2016-11-03 13:04:36,0
3,114.08476999999999,22.551666,2016-11-03 13:04:37,1
2,113.9189,22.524418,2016-11-03 13:04:39,0
4,113.95918300000001,22.531601000000002,2016-11-03 13:04:45,0
0,114.1325,22.55485,2016-11-03 13:04:51,0
3,114.08631899999999,22.551701,2016-11-03 13:04:57,1
4,113.95918300000001,22.531601000000002,2016-11-03 13:05:00,0
3,114.0867,22.551901,2016-11-03 13:05:10,0
4,113.95918300000001,22.531601000000002,2016-11-03 13:05:15,0
0,114.132034,22.554567000000002,2016-11-03 13:05:07,1
0,114.13103500000001,22.554517999999998,2016-11-03 13:05:22,1
3,114.0867,22.551901,2016-11-03 13:05:30,0
4,113.95929699999999,22.533251,2016-11-03 13:05:30,0
0,114.12966899999999,22.555317000000002,2016-11-03 13:05:37,1
4,113.95948,22.534367,2016-11-03 13:05:45,0
3,114.0867,22.551901,2016-11-03 13:05:50,0
0,114.129021,22.555967000000003,2016-11-03 13:05:52,1
4,113.959999,22.534283,2016-11-03 13:06:00,0
1,114.04793500000001,22.532833,2016-11-03 13:06:02,0
0,114.12883000000001,22.556182999999997,2016-11-03 13:06:07,1
3,114.0867,22.551901,2016-11-03 13:06:10,0
4,113.959999,22.534283,2016-11-03 13:06:15,0
0,114.128601,22.556351,2016-11-03 13:06:22,1
3,114.0867,22.551901,2016-11-03 13:06:30,0
4,113.959999,22.534283,2016-11-03 13:06:30,0
0,114.128601,22.556351,2016-11-03 13:06:37,1
4,113.959999,22.534283,2016-11-03 13:06:45,0
3,114.08661699999999,22.552483,2016-11-03 13:06:50,0
0,114.128601,22.556351,2016-11-03 13:06:52,1
4,113.959999,22.534283,2016-11-03 13:07:00,0
0,114.128601,22.556351,2016-11-03 13:07:07,1
3,114.08721899999999,22.553667,2016-11-03 13:07:10,0
4,113.959999,22.534283,2016-11-03 13:07:15,0
0,114.128601,22.556351,2016-11-03 13:07:22,1
3,114.088303,22.554632,2016-11-03 13:07:30,0
4,113.959999,22.534283,2016-11-03 13:07:30,0
0,114.128601,22.556351,2016-11-03 13:07:37,1
4,113.959999,22.534283,2016-11-03 13:07:45,0
3,114.08843200000001,22.5557,2016-11-03 13:07:50,0
0,114.128304,22.556499,2016-11-03 13:07:52,1
4,113.959999,22.534283,2016-11-03 13:08:00,0
0,114.127548,22.555616,2016-11-03 13:08:07,1
3,114.087151,22.556749,2016-11-03 13:08:10,0
4,113.959999,22.534283,2016-11-03 13:08:15,0
3,114.08636499999999,22.557318,2016-11-03 13:08:30,0
4,113.959999,22.534283,2016-11-03 13:08:30,0
0,114.126534,22.554083,2016-11-03 13:08:22,1
0,114.12548100000001,22.553283999999998,2016-11-03 13:08:37,1
4,113.959999,22.534283,2016-11-03 13:08:45,0
3,114.085365,22.5562,2016-11-03 13:08:50,0
0,114.12438200000001,22.554417,2016-11-03 13:08:52,1
4,113.959999,22.534283,2016-11-03 13:09:00,0
0,114.122803,22.556182999999997,2016-11-03 13:09:07,1
3,114.084236,22.555166,2016-11-03 13:09:10,0
4,113.959999,22.534283,2016-11-03 13:09:15,0
0,114.12121599999999,22.55785,2016-11-03 13:09:22,1
3,114.08321399999998,22.554216,2016-11-03 13:09:30,0
4,113.959999,22.534283,2016-11-03 13:09:30,0
0,114.12006399999999,22.559883,2016-11-03 13:09:37,1
2,113.918953,22.524401,2016-11-03 13:09:40,0
4,113.959999,22.534283,2016-11-03 13:09:45,0
3,114.08238200000001,22.553949,2016-11-03 13:09:50,0
4,113.959999,22.534283,2016-11-03 13:10:00,0
0,114.119331,22.561518,2016-11-03 13:09:52,1
0,114.11858400000001,22.563932,2016-11-03 13:10:07,1
3,114.082268,22.554033,2016-11-03 13:10:10,0
4,113.959999,22.534283,2016-11-03 13:10:15,0
2,113.91896799999999,22.524384,2016-11-03 13:10:17,0
0,114.118202,22.566167999999998,2016-11-03 13:10:22,1
2,113.91891499999998,22.524401,2016-11-03 13:10:25,0
3,114.08152,22.55475,2016-11-03 13:10:30,0
4,113.959999,22.534283,2016-11-03 13:10:30,0
2,113.918953,22.524433,2016-11-03 13:10:32,0
0,114.117897,22.568518,2016-11-03 13:10:37,1
4,113.959999,22.534283,2016-11-03 13:10:45,0
2,113.918999,22.524366,2016-11-03 13:10:46,0
3,114.08148200000001,22.556749,2016-11-03 13:10:50,0
0,114.11782099999999,22.570632999999997,2016-11-03 13:10:52,1
2,113.91896799999999,22.5243,2016-11-03 13:10:56,0
4,113.959999,22.534283,2016-11-03 13:11:00,0
1,114.04791999999999,22.532867,2016-11-03 13:11:02,0
0,114.117851,22.572433,2016-11-03 13:11:07,1
3,114.081902,22.558201,2016-11-03 13:11:10,0
2,113.9189,22.524282,2016-11-03 13:11:08,0
4,113.959999,22.534283,2016-11-03 13:11:15,0
0,114.117935,22.574051,2016-11-03 13:11:22,1
2,113.9189,22.52425,2016-11-03 13:11:26,0
3,114.08403,22.558267999999998,2016-11-03 13:11:30,0
4,113.959999,22.534283,2016-11-03 13:11:30,0
0,114.11731699999999,22.575768,2016-11-03 13:11:37,1
2,113.918648,22.524384,2016-11-03 13:11:41,0
4,113.959999,22.534283,2016-11-03 13:11:45,0
2,113.918503,22.524317,2016-11-03 13:11:49,0
3,114.08646399999999,22.5583,2016-11-03 13:11:50,0
0,114.116447,22.577316,2016-11-03 13:11:52,1
1,114.04789699999999,22.53285,2016-11-03 13:12:00,0
4,113.959999,22.534283,2016-11-03 13:12:00,0
1,114.04789699999999,22.532833,2016-11-03 13:12:02,0
2,113.918503,22.524401,2016-11-03 13:12:04,0
0,114.11536399999999,22.579432999999998,2016-11-03 13:12:07,1
3,114.088531,22.558317000000002,2016-11-03 13:12:10,0
1,114.047852,22.53285,2016-11-03 13:12:17,0
2,113.91848,22.524366,2016-11-03 13:12:19,0
4,113.959999,22.534283,2016-11-03 13:12:15,0
1,114.047752,22.532882999999998,2016-11-03 13:12:32,0
3,114.09030200000001,22.558332,2016-11-03 13:12:30,0
4,113.959999,22.534283,2016-11-03 13:12:30,0
2,113.918465,22.524433,2016-11-03 13:12:32,1
2,113.918365,22.524782000000002,2016-11-03 13:12:42,1
4,113.959999,22.534283,2016-11-03 13:12:45,0
1,114.04771399999998,22.532882999999998,2016-11-03 13:12:47,0
3,114.09038500000001,22.558332,2016-11-03 13:12:50,0
2,113.91863300000001,22.526217000000003,2016-11-03 13:12:57,1
4,113.959999,22.534283,2016-11-03 13:13:00,0
1,114.047836,22.532882999999998,2016-11-03 13:13:02,0
0,114.116051,22.5823,2016-11-03 13:13:07,1
3,114.09038500000001,22.558332,2016-11-03 13:13:10,0
2,113.919083,22.526733,2016-11-03 13:13:12,1
1,114.04796599999999,22.532867,2016-11-03 13:13:17,0
4,113.959999,22.534283,2016-11-03 13:13:15,0
2,113.919533,22.526632,2016-11-03 13:13:20,1
3,114.091248,22.558384,2016-11-03 13:13:30,0
4,113.959999,22.534283,2016-11-03 13:13:30,0
1,114.048019,22.53285,2016-11-03 13:13:31,0
2,113.92025,22.526501,2016-11-03 13:13:35,1
2,113.920547,22.526518,2016-11-03 13:13:43,1
4,113.959999,22.534283,2016-11-03 13:13:45,0
1,114.048019,22.53285,2016-11-03 13:13:47,0
3,114.093849,22.558398999999998,2016-11-03 13:13:50,0
2,113.92103600000002,22.526466,2016-11-03 13:13:58,1
4,113.959999,22.534283,2016-11-03 13:14:00,0
1,114.04796599999999,22.53285,2016-11-03 13:14:02,0
2,113.92148600000002,22.526367,2016-11-03 13:14:06,1
3,114.096519,22.558451,2016-11-03 13:14:10,0
4,113.959999,22.534283,2016-11-03 13:14:15,0
1,114.04791999999999,22.53285,2016-11-03 13:14:17,0
2,113.922798,22.526132999999998,2016-11-03 13:14:21,1
0,114.115303,22.585898999999998,2016-11-03 13:14:21,1
0,114.11525,22.585951,2016-11-03 13:14:22,1
3,114.098396,22.558451,2016-11-03 13:14:30,0
4,113.959999,22.534283,2016-11-03 13:14:30,0
1,114.047867,22.532867,2016-11-03 13:14:32,0
2,113.92383600000001,22.525917,2016-11-03 13:14:29,1
2,113.92408,22.525867,2016-11-03 13:14:31,1
0,114.114998,22.58625,2016-11-03 13:14:34,1
2,113.92469799999999,22.525682,2016-11-03 13:14:37,1
4,113.959999,22.534283,2016-11-03 13:14:45,0
1,114.047882,22.532867,2016-11-03 13:14:47,0
0,114.114883,22.5861,2016-11-03 13:14:49,0
3,114.099197,22.558216,2016-11-03 13:14:50,0
2,113.92653700000001,22.52545,2016-11-03 13:14:52,1
4,113.959999,22.534283,2016-11-03 13:15:00,0
1,114.047882,22.532867,2016-11-03 13:15:02,0
0,114.114883,22.5861,2016-11-03 13:15:04,0
2,113.928719,22.52495,2016-11-03 13:15:07,1
3,114.099319,22.5569,2016-11-03 13:15:10,0
4,113.959999,22.534283,2016-11-03 13:15:15,0
0,114.114883,22.5861,2016-11-03 13:15:19,0
2,113.93153400000001,22.524918,2016-11-03 13:15:22,1
4,113.959999,22.534283,2016-11-03 13:15:30,0
3,114.09933500000001,22.556,2016-11-03 13:15:30,0
1,114.047882,22.532867,2016-11-03 13:15:32,0
0,114.11478400000001,22.585951,2016-11-03 13:15:34,0
2,113.932869,22.5247,2016-11-03 13:15:37,1
4,113.959999,22.534283,2016-11-03 13:15:45,0
2,113.933548,22.524549,2016-11-03 13:15:45,1
1,114.04789699999999,22.532867,2016-11-03 13:15:47,0
0,114.11460100000001,22.58585,2016-11-03 13:15:49,0
3,114.09935,22.555683,2016-11-03 13:15:50,0
4,113.959999,22.534283,2016-11-03 13:16:00,0
2,113.93515,22.5243,2016-11-03 13:16:00,1
1,114.04789699999999,22.532867,2016-11-03 13:16:02,0
0,114.1147,22.585933999999998,2016-11-03 13:16:04,0
3,114.09966999999999,22.555117000000003,2016-11-03 13:16:10,0
4,113.959999,22.534283,2016-11-03 13:16:15,0
1,114.04793500000001,22.532867,2016-11-03 13:16:17,0
2,113.93737,22.524233,2016-11-03 13:16:15,1
0,114.114883,22.586399,2016-11-03 13:16:19,0
3,114.10043300000001,22.5553,2016-11-03 13:16:30,0
2,113.939949,22.524067000000002,2016-11-03 13:16:30,1
4,113.959999,22.534283,2016-11-03 13:16:30,0
1,114.04796599999999,22.532867,2016-11-03 13:16:32,0
0,114.11406699999999,22.587517000000002,2016-11-03 13:16:34,0
2,113.940918,22.523251000000002,2016-11-03 13:16:45,1
4,113.959999,22.534283,2016-11-03 13:16:45,0
1,114.04796599999999,22.532867,2016-11-03 13:16:47,0
0,114.114281,22.587917,2016-11-03 13:16:49,0
3,114.10043300000001,22.5553,2016-11-03 13:16:50,0
2,113.940933,22.521767,2016-11-03 13:17:00,1
4,113.959999,22.534283,2016-11-03 13:17:00,0
1,114.04793500000001,22.532882999999998,2016-11-03 13:17:02,0
0,114.11471599999999,22.58815,2016-11-03 13:17:04,0
3,114.10043300000001,22.5553,2016-11-03 13:17:10,0
2,113.94018600000001,22.52095,2016-11-03 13:17:15,1
4,113.959999,22.534283,2016-11-03 13:17:15,0
1,114.04793500000001,22.532882999999998,2016-11-03 13:17:17,0
0,114.1147,22.588082999999997,2016-11-03 13:17:20,1
3,114.10158500000001,22.5555,2016-11-03 13:17:30,0
2,113.938469,22.521366,2016-11-03 13:17:30,1
4,113.959999,22.534283,2016-11-03 13:17:30,0
1,114.047951,22.5329,2016-11-03 13:17:30,0
0,114.11425,22.587533999999998,2016-11-03 13:17:35,1
4,113.959999,22.534283,2016-11-03 13:17:45,0
1,114.04798100000001,22.5329,2016-11-03 13:17:47,0
2,113.938148,22.521667,2016-11-03 13:17:45,0
3,114.10216499999999,22.5567,2016-11-03 13:17:50,0
0,114.11406699999999,22.5875,2016-11-03 13:17:50,1
2,113.93823200000001,22.521618,2016-11-03 13:17:53,0
4,113.959999,22.534283,2016-11-03 13:18:00,0
0,114.114349,22.587,2016-11-03 13:18:05,1
1,114.048065,22.532882999999998,2016-11-03 13:18:02,0
2,113.938332,22.521549,2016-11-03 13:18:08,0
3,114.10203600000001,22.557182,2016-11-03 13:18:10,0
1,114.04808,22.532882999999998,2016-11-03 13:18:10,0
4,113.959999,22.534283,2016-11-03 13:18:15,0
0,114.114899,22.586184,2016-11-03 13:18:20,1
3,114.10203600000001,22.557182,2016-11-03 13:18:30,0
4,113.959999,22.534283,2016-11-03 13:18:30,0
2,113.938332,22.5215,2016-11-03 13:18:23,0
1,114.048119,22.532867,2016-11-03 13:18:25,0
0,114.113998,22.585532999999998,2016-11-03 13:18:34,1
1,114.048065,22.532882999999998,2016-11-03 13:18:40,0
2,113.938347,22.5215,2016-11-03 13:18:39,1
4,113.959999,22.534283,2016-11-03 13:18:45,0
2,113.937752,22.521632999999998,2016-11-03 13:18:47,1
3,114.10203600000001,22.557182,2016-11-03 13:18:50,0
0,114.113052,22.584917,2016-11-03 13:18:48,1
1,114.04805,22.532882999999998,2016-11-03 13:18:55,0
4,113.959999,22.534283,2016-11-03 13:19:00,0
2,113.936798,22.521798999999998,2016-11-03 13:19:02,1
1,114.047997,22.532882999999998,2016-11-03 13:19:10,0
2,113.93718,22.521566,2016-11-03 13:19:10,1
3,114.10203600000001,22.557182,2016-11-03 13:19:10,0
0,114.112518,22.584533999999998,2016-11-03 13:19:04,1
4,113.959999,22.534283,2016-11-03 13:19:15,0
0,114.11187,22.584917,2016-11-03 13:19:19,1
1,114.048019,22.532867,2016-11-03 13:19:25,0
2,113.939384,22.521,2016-11-03 13:19:25,1
3,114.10203600000001,22.557182,2016-11-03 13:19:30,0
4,113.959999,22.534283,2016-11-03 13:19:30,0
0,114.11215200000001,22.5854,2016-11-03 13:19:35,1
1,114.048019,22.532867,2016-11-03 13:19:40,0
2,113.941879,22.520232999999998,2016-11-03 13:19:40,1
4,113.959999,22.534283,2016-11-03 13:19:45,0
3,114.10143300000001,22.558018,2016-11-03 13:19:50,1
0,114.112968,22.584383,2016-11-03 13:19:50,1
2,113.942551,22.519783,2016-11-03 13:19:55,1
4,113.959999,22.534283,2016-11-03 13:20:00,0
2,113.943069,22.519448999999998,2016-11-03 13:20:02,1
0,114.11393000000001,22.582832,2016-11-03 13:20:04,1
1,114.047203,22.533466,2016-11-03 13:20:03,0
1,114.047203,22.533466,2016-11-03 13:20:04,0
1,114.046829,22.533417,2016-11-03 13:20:11,0
4,113.959999,22.534283,2016-11-03 13:20:15,0
2,113.94445,22.519083,2016-11-03 13:20:17,1
0,114.11436499999999,22.581417000000002,2016-11-03 13:20:19,1
1,114.04636399999998,22.533434,2016-11-03 13:20:26,0
4,113.959999,22.534283,2016-11-03 13:20:30,0
2,113.94445,22.519217,2016-11-03 13:20:32,1
0,114.11464699999999,22.580601,2016-11-03 13:20:34,1
1,114.045097,22.533417,2016-11-03 13:20:41,0
4,113.959999,22.534283,2016-11-03 13:20:45,0
2,113.94442,22.519167000000003,2016-11-03 13:20:47,0
0,114.114799,22.580182999999998,2016-11-03 13:20:49,1
1,114.04481499999999,22.534317,2016-11-03 13:20:56,0
4,113.959999,22.534283,2016-11-03 13:21:00,0
0,114.114883,22.579782,2016-11-03 13:21:04,1
2,113.94442,22.519199,2016-11-03 13:21:02,0
1,114.04435,22.534767000000002,2016-11-03 13:21:11,0
2,113.94443500000001,22.519217,2016-11-03 13:21:11,0
4,113.959999,22.534283,2016-11-03 13:21:15,0
1,114.04409799999999,22.534401000000003,2016-11-03 13:21:19,0
0,114.11543300000001,22.578632,2016-11-03 13:21:19,1
2,113.943871,22.519333,2016-11-03 13:21:26,0
4,113.959999,22.534283,2016-11-03 13:21:30,0
1,114.044334,22.533951000000002,2016-11-03 13:21:34,0
0,114.11646999999999,22.576651000000002,2016-11-03 13:21:34,1
2,113.94351999999999,22.519432000000002,2016-11-03 13:21:41,0
4,113.959999,22.534283,2016-11-03 13:21:45,0
1,114.04438,22.532482,2016-11-03 13:21:49,0
0,114.11653100000001,22.5755,2016-11-03 13:21:49,1
2,113.94351999999999,22.519448999999998,2016-11-03 13:21:49,0
2,113.94353500000001,22.519448999999998,2016-11-03 13:21:50,0
2,113.94353500000001,22.519448999999998,2016-11-03 13:21:57,0
4,113.959999,22.534283,2016-11-03 13:22:00,0
1,114.04456299999998,22.530617000000003,2016-11-03 13:22:04,0
0,114.11603500000001,22.576317,2016-11-03 13:22:05,1
2,113.942116,22.520067,2016-11-03 13:22:12,0
4,113.959999,22.534283,2016-11-03 13:22:15,0
1,114.044952,22.528267,2016-11-03 13:22:19,0
0,114.117531,22.576401,2016-11-03 13:22:20,1
2,113.940987,22.520634,2016-11-03 13:22:27,0
4,113.959999,22.534283,2016-11-03 13:22:30,0
1,114.044853,22.527,2016-11-03 13:22:33,0
0,114.11928600000002,22.576468,2016-11-03 13:22:35,1
1,114.04463200000001,22.526382,2016-11-03 13:22:42,0
2,113.939568,22.521067000000002,2016-11-03 13:22:42,0
4,113.959999,22.534283,2016-11-03 13:22:45,0
0,114.120834,22.576401,2016-11-03 13:22:50,1
1,114.04401399999999,22.525049,2016-11-03 13:22:57,0
2,113.937752,22.521532,2016-11-03 13:22:57,0
4,113.959999,22.534283,2016-11-03 13:23:00,0
0,114.12155200000001,22.576432999999998,2016-11-03 13:23:05,1
2,113.936203,22.521851,2016-11-03 13:23:12,0
4,113.959999,22.534283,2016-11-03 13:23:15,0
0,114.12208600000001,22.5765,2016-11-03 13:23:20,1
2,113.93615,22.521917000000002,2016-11-03 13:23:20,0
4,113.959999,22.534283,2016-11-03 13:23:30,0
0,114.122803,22.576532,2016-11-03 13:23:35,1
2,113.93631699999999,22.521967,2016-11-03 13:23:35,0
4,113.959999,22.534283,2016-11-03 13:23:45,0
0,114.12468,22.5769,2016-11-03 13:23:50,1
2,113.936333,22.5221,2016-11-03 13:23:50,0
4,113.959999,22.534283,2016-11-03 13:24:00,0
2,113.936333,22.5222,2016-11-03 13:24:05,0
0,114.12702900000001,22.577182999999998,2016-11-03 13:24:05,1
4,113.959999,22.534283,2016-11-03 13:24:15,0
1,114.043434,22.523933,2016-11-03 13:23:12,0
1,114.04306799999999,22.52335,2016-11-03 13:23:20,0
1,114.04303,22.523332999999997,2016-11-03 13:23:21,0
1,114.04261799999999,22.523382,2016-11-03 13:24:20,0
0,114.12973000000001,22.5776,2016-11-03 13:24:20,1
2,113.935616,22.522333,2016-11-03 13:24:20,0
1,114.04261799999999,22.523398999999998,2016-11-03 13:24:30,0
4,113.959999,22.534283,2016-11-03 13:24:30,0
0,114.132034,22.577316,2016-11-03 13:24:35,1
2,113.93425,22.521917000000002,2016-11-03 13:24:35,0
2,113.933586,22.522118,2016-11-03 13:24:43,0
4,113.959999,22.534283,2016-11-03 13:24:45,0
1,114.04261799999999,22.523433999999998,2016-11-03 13:24:45,0
0,114.134583,22.5765,2016-11-03 13:24:49,1
1,114.04261799999999,22.523433999999998,2016-11-03 13:24:53,0
4,113.959999,22.534283,2016-11-03 13:25:00,0
2,113.93346399999999,22.521217,2016-11-03 13:24:58,0
3,114.10328700000001,22.558582,2016-11-03 13:20:33,1
3,114.10328700000001,22.558582,2016-11-03 13:20:53,1
3,114.10328700000001,22.558582,2016-11-03 13:21:13,1
3,114.10451499999999,22.558634,2016-11-03 13:21:29,1
3,114.10762,22.558666,2016-11-03 13:21:52,1
3,114.11053500000001,22.558718,2016-11-03 13:22:12,1
3,114.113602,22.558767,2016-11-03 13:22:32,1
3,114.117065,22.558817,2016-11-03 13:22:52,1
3,114.119736,22.558718,2016-11-03 13:23:12,1
3,114.120682,22.558018,2016-11-03 13:23:32,1
3,114.12228400000001,22.557432000000002,2016-11-03 13:23:52,1
3,114.123718,22.558317000000002,2016-11-03 13:24:12,1
3,114.124847,22.55895,2016-11-03 13:24:32,1
3,114.124901,22.558982999999998,2016-11-03 13:24:55,1
3,114.124901,22.558982999999998,2016-11-03 13:25:02,1
0,114.137299,22.575451,2016-11-03 13:25:04,1
2,113.933548,22.520917999999998,2016-11-03 13:25:06,0
0,114.13842,22.573032,2016-11-03 13:25:20,1
2,113.93368500000001,22.521032,2016-11-03 13:25:21,0
1,114.04263300000001,22.523398999999998,2016-11-03 13:25:08,0
1,114.04263300000001,22.523398999999998,2016-11-03 13:25:16,0
1,114.04263300000001,22.523398999999998,2016-11-03 13:25:17,0
1,114.04263300000001,22.523367,2016-11-03 13:25:24,0
0,114.13773300000001,22.570482000000002,2016-11-03 13:25:34,1
2,113.93368500000001,22.521032,2016-11-03 13:25:36,0
1,114.04263300000001,22.523367,2016-11-03 13:25:39,0
2,113.93368500000001,22.521032,2016-11-03 13:25:51,0
4,113.959999,22.534283,2016-11-03 13:25:15,0
2,113.93368500000001,22.521032,2016-11-03 13:25:59,0
0,114.13708500000001,22.567949,2016-11-03 13:25:49,1
0,114.138084,22.565233,2016-11-03 13:26:04,1
4,113.959999,22.534283,2016-11-03 13:25:30,0
2,113.93368500000001,22.521032,2016-11-03 13:26:14,0
0,114.140251,22.562883,2016-11-03 13:26:20,1
2,113.93368500000001,22.521032,2016-11-03 13:26:22,1
3,114.124901,22.558982999999998,2016-11-03 13:25:25,1
3,114.124901,22.558982999999998,2016-11-03 13:25:33,1
1,114.04261799999999,22.523382,2016-11-03 13:25:54,0
1,114.042603,22.523382,2016-11-03 13:26:03,0
1,114.04261799999999,22.523382,2016-11-03 13:26:09,0
1,114.04263300000001,22.523367,2016-11-03 13:26:17,0
1,114.04263300000001,22.523382,2016-11-03 13:26:25,0
1,114.04261799999999,22.523382,2016-11-03 13:26:33,0
0,114.140701,22.560801,2016-11-03 13:26:34,1
2,113.93368500000001,22.521032,2016-11-03 13:26:37,1
4,113.959999,22.534283,2016-11-03 13:25:45,0
3,114.124901,22.558982999999998,2016-11-03 13:25:54,1
4,113.959999,22.534283,2016-11-03 13:26:00,0
3,114.125267,22.559233,2016-11-03 13:26:14,1
4,113.96123500000002,22.533934,2016-11-03 13:26:15,0
1,114.04261799999999,22.523382,2016-11-03 13:26:48,0
0,114.140198,22.559032000000002,2016-11-03 13:26:48,1
2,113.931252,22.522217,2016-11-03 13:26:52,1
4,113.961914,22.533732999999998,2016-11-03 13:26:30,0
3,114.12748,22.560499,2016-11-03 13:26:34,1
4,113.961914,22.533732999999998,2016-11-03 13:26:45,0
2,113.93145,22.522266000000002,2016-11-03 13:27:01,1
3,114.130096,22.56155,2016-11-03 13:26:54,1
4,113.961914,22.533732999999998,2016-11-03 13:27:00,0
1,114.04261799999999,22.523382,2016-11-03 13:27:03,0
1,114.04261799999999,22.523382,2016-11-03 13:27:11,0
0,114.13968700000001,22.5571,2016-11-03 13:27:04,1
3,114.131615,22.561968,2016-11-03 13:27:14,1
2,113.93231999999999,22.5222,2016-11-03 13:27:16,1
2,113.93229699999999,22.522249,2016-11-03 13:27:24,1
1,114.04261799999999,22.523382,2016-11-03 13:27:26,0
3,114.13283500000001,22.5609,2016-11-03 13:27:34,1
0,114.13932,22.555567,2016-11-03 13:27:18,1
2,113.932236,22.522266000000002,2016-11-03 13:27:39,1
1,114.04261799999999,22.523398999999998,2016-11-03 13:27:41,0
4,113.964798,22.532734,2016-11-03 13:27:45,0
0,114.138,22.552467,2016-11-03 13:27:49,1
3,114.13373600000001,22.559932999999997,2016-11-03 13:27:54,1
2,113.93225100000001,22.522232000000002,2016-11-03 13:27:54,1
1,114.04261799999999,22.523417000000002,2016-11-03 13:27:56,0
4,113.965469,22.532482,2016-11-03 13:28:01,0
0,114.13668100000001,22.550501,2016-11-03 13:28:05,1
2,113.932602,22.522301000000002,2016-11-03 13:28:09,1
3,114.134964,22.558683,2016-11-03 13:28:14,1
1,114.04258,22.523417000000002,2016-11-03 13:28:11,0
4,113.965469,22.532482,2016-11-03 13:28:15,0
2,113.93278500000001,22.523117000000003,2016-11-03 13:28:17,1
1,114.04258,22.523417000000002,2016-11-03 13:28:19,0
0,114.13539899999999,22.5487,2016-11-03 13:28:20,1
4,113.96588100000001,22.532332999999998,2016-11-03 13:28:31,0
3,114.13553600000002,22.55805,2016-11-03 13:28:34,1
1,114.04258,22.523417000000002,2016-11-03 13:28:34,0
2,113.93323500000001,22.524349,2016-11-03 13:28:32,1
2,113.934097,22.524349,2016-11-03 13:28:40,1
0,114.134651,22.547617000000002,2016-11-03 13:28:34,1
4,113.96781899999999,22.531668,2016-11-03 13:28:45,0
1,114.042603,22.523382,2016-11-03 13:28:49,0
0,114.13427,22.546882999999998,2016-11-03 13:28:49,1
3,114.136284,22.557282999999998,2016-11-03 13:28:54,1
2,113.93593600000001,22.524217999999998,2016-11-03 13:28:55,1
4,113.970551,22.530684,2016-11-03 13:29:01,0
2,113.937233,22.524166,2016-11-03 13:29:02,1
1,114.04261799999999,22.523367,2016-11-03 13:29:04,0
0,114.134247,22.546882999999998,2016-11-03 13:29:04,1
3,114.136902,22.55665,2016-11-03 13:29:14,1
4,113.972931,22.529818,2016-11-03 13:29:16,0
2,113.93928500000001,22.524134,2016-11-03 13:29:17,1
0,114.13404799999999,22.5474,2016-11-03 13:29:20,1
4,113.973152,22.529734,2016-11-03 13:29:31,0
2,113.94075,22.523899,2016-11-03 13:29:32,1
3,114.13901499999999,22.556,2016-11-03 13:29:34,1
0,114.134201,22.547701,2016-11-03 13:29:35,1
1,114.04261799999999,22.52335,2016-11-03 13:29:19,0
1,114.04261799999999,22.523367,2016-11-03 13:29:27,0
1,114.04261799999999,22.523367,2016-11-03 13:29:28,0
1,114.04261799999999,22.523367,2016-11-03 13:29:35,0
1,114.042648,22.523317000000002,2016-11-03 13:29:43,0
4,113.973564,22.529583,2016-11-03 13:29:46,0
2,113.94094799999999,22.522499,2016-11-03 13:29:47,1
0,114.13427,22.547898999999997,2016-11-03 13:29:50,1
1,114.04263300000001,22.523332999999997,2016-11-03 13:29:58,0
4,113.97538,22.528917,2016-11-03 13:30:01,0
2,113.941048,22.521418,2016-11-03 13:30:02,1
0,114.134216,22.548233,2016-11-03 13:30:05,1
1,114.042686,22.523433999999998,2016-11-03 13:30:13,0
4,113.97738600000001,22.528267,2016-11-03 13:30:16,0
2,113.94113200000001,22.5229,2016-11-03 13:30:17,1
0,114.13408700000001,22.548567000000002,2016-11-03 13:30:20,1
1,114.04263300000001,22.523466,2016-11-03 13:30:28,0
4,113.97813400000001,22.52825,2016-11-03 13:30:31,0
2,113.941071,22.525667000000002,2016-11-03 13:30:32,1
4,113.980286,22.528601000000002,2016-11-03 13:30:46,0
2,113.94101699999999,22.526783,2016-11-03 13:30:47,1
4,113.982918,22.529066,2016-11-03 13:31:01,0
2,113.941048,22.526951,2016-11-03 13:31:02,1
1,114.04221299999999,22.523251000000002,2016-11-03 13:30:43,0
1,114.04211399999998,22.523317000000002,2016-11-03 13:30:51,0
1,114.04211399999998,22.523317000000002,2016-11-03 13:30:52,0
1,114.04198500000001,22.5233,2016-11-03 13:30:59,0
1,114.04173300000001,22.523466,2016-11-03 13:31:07,0
1,114.04173300000001,22.523466,2016-11-03 13:31:08,0
4,113.98443600000002,22.529266,2016-11-03 13:31:16,0
3,114.14198300000001,22.5557,2016-11-03 13:29:57,1
3,114.144333,22.555483,2016-11-03 13:30:17,1
3,114.14720200000001,22.555599,2016-11-03 13:30:37,1
3,114.15003200000001,22.5562,2016-11-03 13:30:57,1
3,114.152603,22.557182,2016-11-03 13:31:17,1
3,114.153084,22.557533,2016-11-03 13:31:21,1
1,114.040535,22.5238,2016-11-03 13:31:31,0
4,113.98443600000002,22.529266,2016-11-03 13:31:31,0
2,113.94113200000001,22.529833,2016-11-03 13:31:27,1
2,113.941902,22.530067000000003,2016-11-03 13:31:34,1
4,113.984734,22.529284,2016-11-03 13:31:35,1
1,114.040016,22.523899,2016-11-03 13:31:37,0
2,113.94278,22.530082999999998,2016-11-03 13:31:42,1
4,113.98616799999999,22.529617000000002,2016-11-03 13:31:50,1
1,114.039497,22.524117,2016-11-03 13:31:52,0
3,114.155899,22.559784,2016-11-03 13:31:44,1
3,114.15706599999999,22.560682,2016-11-03 13:31:53,1
2,113.942848,22.530001000000002,2016-11-03 13:31:57,1
4,113.98836499999999,22.530117,2016-11-03 13:32:05,1
1,114.0392,22.5243,2016-11-03 13:32:07,0
0,114.137634,22.5513,2016-11-03 13:32:07,1
2,113.94293200000001,22.530199,2016-11-03 13:32:12,1
0,114.137749,22.551468,2016-11-03 13:32:09,1
4,113.990799,22.530567,2016-11-03 13:32:20,1
0,114.138283,22.552267,2016-11-03 13:32:21,0
1,114.039032,22.524401,2016-11-03 13:32:22,0
3,114.16055300000001,22.562348999999998,2016-11-03 13:32:16,1
3,114.16156799999999,22.562616000000002,2016-11-03 13:32:22,1
2,113.94311499999999,22.531,2016-11-03 13:32:27,1
4,113.99276699999999,22.530867,2016-11-03 13:32:35,1
0,114.13829799999999,22.552267,2016-11-03 13:32:36,0
2,113.943169,22.530951,2016-11-03 13:32:42,0
1,114.038948,22.524401,2016-11-03 13:32:46,1
2,113.94319899999999,22.530849,2016-11-03 13:32:50,0
4,113.99308,22.530932999999997,2016-11-03 13:32:50,1
0,114.13829799999999,22.552267,2016-11-03 13:32:51,0
1,114.038803,22.524233,2016-11-03 13:32:54,1
3,114.165604,22.562782000000002,2016-11-03 13:32:46,1
3,114.166931,22.562799,2016-11-03 13:32:54,1
2,113.943184,22.530767,2016-11-03 13:33:05,0
4,113.99308,22.530932999999997,2016-11-03 13:33:05,1
1,114.038452,22.523849,2016-11-03 13:33:09,1
0,114.13843500000002,22.552383,2016-11-03 13:33:06,0
2,113.943069,22.530617000000003,2016-11-03 13:33:12,0
4,113.994904,22.531401000000002,2016-11-03 13:33:20,1
0,114.13901499999999,22.553368,2016-11-03 13:33:21,0
3,114.17083000000001,22.562851000000002,2016-11-03 13:33:17,1
3,114.1726,22.562817000000003,2016-11-03 13:33:27,1
4,113.997017,22.531933,2016-11-03 13:33:35,1
0,114.13911399999999,22.553467,2016-11-03 13:33:36,0
2,113.94296999999999,22.530282999999997,2016-11-03 13:33:37,0
2,113.942986,22.530282999999997,2016-11-03 13:33:42,0
4,113.99931299999999,22.532316,2016-11-03 13:33:50,1
0,114.13906899999999,22.553734,2016-11-03 13:33:51,0
3,114.175797,22.561216,2016-11-03 13:33:50,1
3,114.17663600000002,22.560617,2016-11-03 13:33:56,1
2,113.942986,22.530067000000003,2016-11-03 13:33:57,0
4,114.00201399999999,22.532784,2016-11-03 13:34:05,1
2,113.943031,22.529234,2016-11-03 13:34:06,0
0,114.13906899999999,22.553734,2016-11-03 13:34:06,0
4,114.003487,22.533033,2016-11-03 13:34:20,1
0,114.13851899999999,22.553801,2016-11-03 13:34:21,0
2,113.94313000000001,22.528067,2016-11-03 13:34:21,0
3,114.18006899999999,22.558201,2016-11-03 13:34:19,1
3,114.182503,22.557533,2016-11-03 13:34:32,1
2,113.943001,22.527416,2016-11-03 13:34:36,0
0,114.13843500000002,22.5536,2016-11-03 13:34:35,0
0,114.13797,22.552584,2016-11-03 13:34:51,0
2,113.94126899999999,22.5275,2016-11-03 13:34:51,0
3,114.182686,22.557533,2016-11-03 13:34:55,1
3,114.182686,22.557533,2016-11-03 13:35:04,1
0,114.137253,22.5516,2016-11-03 13:35:06,0
2,113.941147,22.527666,2016-11-03 13:35:07,0
2,113.941101,22.527517,2016-11-03 13:35:14,0
0,114.136269,22.550034,2016-11-03 13:35:21,0
3,114.182686,22.557533,2016-11-03 13:35:25,1
2,113.94117,22.527582000000002,2016-11-03 13:35:29,0
4,114.00610400000001,22.534133999999998,2016-11-03 13:35:35,1
0,114.13427,22.549417000000002,2016-11-03 13:35:36,0
2,113.940804,22.526934,2016-11-03 13:35:44,0
3,114.19371799999999,22.559182999999997,2016-11-03 13:35:45,1
4,114.00610400000001,22.534133999999998,2016-11-03 13:35:50,1
1,114.028236,22.528717,2016-11-03 13:35:51,1
1,114.027267,22.529266,2016-11-03 13:35:59,1
2,113.94088,22.525351,2016-11-03 13:35:59,0
0,114.13283500000001,22.549132999999998,2016-11-03 13:35:51,0
3,114.196152,22.55975,2016-11-03 13:36:05,1
4,114.00610400000001,22.534133999999998,2016-11-03 13:36:05,1
0,114.132469,22.549084,2016-11-03 13:36:06,0
2,113.940987,22.522682,2016-11-03 13:36:14,0
1,114.02618400000001,22.530282999999997,2016-11-03 13:36:14,1
4,114.00786599999999,22.534133999999998,2016-11-03 13:36:20,1
0,114.13231699999999,22.549067,2016-11-03 13:36:21,0
1,114.026016,22.5305,2016-11-03 13:36:22,1
3,114.200546,22.560966,2016-11-03 13:36:25,1
2,113.940651,22.520933,2016-11-03 13:36:29,0
4,114.010384,22.533817000000003,2016-11-03 13:36:35,1
0,114.131134,22.548866,2016-11-03 13:36:36,0
1,114.025002,22.531467000000003,2016-11-03 13:36:37,1
2,113.939201,22.521299,2016-11-03 13:36:44,0
1,114.02393300000001,22.5319,2016-11-03 13:36:45,1
3,114.20195,22.561367,2016-11-03 13:36:45,1
0,114.129402,22.54855,2016-11-03 13:36:51,0
4,114.011703,22.533701,2016-11-03 13:36:50,1
2,113.93741599999998,22.521717000000002,2016-11-03 13:36:59,0
1,114.021782,22.532284,2016-11-03 13:37:00,1
3,114.20195,22.561367,2016-11-03 13:37:05,1
4,114.01260400000001,22.53265,2016-11-03 13:37:05,1
1,114.020866,22.532249,2016-11-03 13:37:08,1
2,113.93636299999999,22.521798999999998,2016-11-03 13:37:07,0
4,114.01401499999999,22.531433,2016-11-03 13:37:20,1
2,113.936279,22.521917000000002,2016-11-03 13:37:22,0
1,114.018616,22.532017,2016-11-03 13:37:23,1
3,114.20195,22.561367,2016-11-03 13:37:25,1
0,114.12851699999999,22.549618,2016-11-03 13:37:21,0
4,114.01518200000001,22.532084,2016-11-03 13:37:35,1
2,113.936279,22.521932999999997,2016-11-03 13:37:37,0
0,114.128685,22.549717,2016-11-03 13:37:36,0
1,114.015999,22.531467000000003,2016-11-03 13:37:38,1
3,114.21176899999999,22.564567999999998,2016-11-03 13:37:45,1
4,114.015266,22.53265,2016-11-03 13:37:47,0
0,114.128548,22.550082999999997,2016-11-03 13:37:51,0
2,113.93573,22.522051,2016-11-03 13:37:52,0
1,114.015083,22.531717,2016-11-03 13:37:53,1
4,114.015266,22.53265,2016-11-03 13:38:03,0
0,114.128548,22.550082999999997,2016-11-03 13:38:06,0
1,114.015381,22.532818,2016-11-03 13:38:08,1
2,113.934402,22.522051,2016-11-03 13:38:07,0
2,113.933746,22.522167,2016-11-03 13:38:15,0
1,114.01556399999998,22.533518,2016-11-03 13:38:16,1
4,114.015266,22.53265,2016-11-03 13:38:17,0
4,114.015266,22.53265,2016-11-03 13:38:18,1
0,114.12851699999999,22.55035,2016-11-03 13:38:21,0
2,113.93276999999999,22.522266000000002,2016-11-03 13:38:30,0
1,114.01491499999999,22.534416,2016-11-03 13:38:31,1
4,114.015579,22.533367000000002,2016-11-03 13:38:33,1
0,114.128502,22.550333,2016-11-03 13:38:36,0
3,114.212097,22.56465,2016-11-03 13:38:05,1
3,114.212097,22.56465,2016-11-03 13:38:25,1
3,114.212097,22.56465,2016-11-03 13:38:45,1
2,113.93274699999999,22.522266000000002,2016-11-03 13:38:45,0
1,114.014053,22.53525,2016-11-03 13:38:46,1
4,114.015198,22.534401000000003,2016-11-03 13:38:48,1
0,114.129166,22.550734,2016-11-03 13:38:51,0
2,113.932701,22.522167,2016-11-03 13:38:52,0
1,114.01356499999999,22.535917,2016-11-03 13:38:54,1
4,114.01406899999999,22.535217000000003,2016-11-03 13:39:03,1
3,114.227364,22.567217000000003,2016-11-03 13:39:05,1
2,113.93274699999999,22.5222,2016-11-03 13:39:07,0
4,114.013535,22.536832999999998,2016-11-03 13:39:18,1
2,113.93236499999999,22.5222,2016-11-03 13:39:22,0
3,114.22955300000001,22.567751,2016-11-03 13:39:25,1
1,114.01165,22.538017,2016-11-03 13:39:17,1
1,114.011452,22.538282000000002,2016-11-03 13:39:18,1
1,114.010902,22.539017,2016-11-03 13:39:25,1
1,114.01048300000001,22.539499,2016-11-03 13:39:33,1
4,114.014366,22.537682999999998,2016-11-03 13:39:33,1
2,113.931297,22.5224,2016-11-03 13:39:37,0
2,113.931152,22.521982,2016-11-03 13:39:46,0
1,114.01035300000001,22.539618,2016-11-03 13:39:48,1
4,114.01621999999999,22.538082,2016-11-03 13:39:48,1
2,113.930901,22.521267,2016-11-03 13:40:01,0
1,114.01033000000001,22.539618,2016-11-03 13:40:03,1
4,114.01851699999999,22.5385,2016-11-03 13:40:03,1
1,114.0103,22.539633,2016-11-03 13:40:11,1
2,113.93128200000001,22.52125,2016-11-03 13:40:16,0
3,114.22955300000001,22.567751,2016-11-03 13:39:49,1
3,114.22955300000001,22.567751,2016-11-03 13:40:09,1
3,114.22955300000001,22.567751,2016-11-03 13:40:23,1
1,114.00945300000001,22.540367,2016-11-03 13:40:26,1
4,114.02095,22.538851,2016-11-03 13:40:18,1
2,113.93178600000002,22.5208,2016-11-03 13:40:30,0
0,114.131149,22.55085,2016-11-03 13:40:34,0
0,114.131149,22.55085,2016-11-03 13:40:36,0
1,114.00868200000001,22.541,2016-11-03 13:40:35,1
1,114.007599,22.541782,2016-11-03 13:40:42,1
4,114.02338400000001,22.539301000000002,2016-11-03 13:40:33,1
3,114.22955300000001,22.567751,2016-11-03 13:40:44,1
4,114.02566499999999,22.539717,2016-11-03 13:40:48,1
0,114.131149,22.55085,2016-11-03 13:40:47,0
3,114.22955300000001,22.567751,2016-11-03 13:41:04,1
4,114.02793100000001,22.540117000000002,2016-11-03 13:41:03,1
0,114.13121799999999,22.550783,2016-11-03 13:41:02,0
1,114.003349,22.544184,2016-11-03 13:41:05,1
1,114.00288400000001,22.544367,2016-11-03 13:41:06,1
1,114.001419,22.544884,2016-11-03 13:41:13,1
0,114.13121799999999,22.550783,2016-11-03 13:41:17,0
4,114.0298,22.540449,2016-11-03 13:41:18,1
3,114.25223500000001,22.576532,2016-11-03 13:41:24,1
1,113.997437,22.545816000000002,2016-11-03 13:41:28,1
0,114.13121799999999,22.55085,2016-11-03 13:41:32,1
4,114.03130300000001,22.540733,2016-11-03 13:41:33,1
2,113.93168600000001,22.520617,2016-11-03 13:40:46,0
2,113.93168600000001,22.520617,2016-11-03 13:40:55,0
2,113.93168600000001,22.520617,2016-11-03 13:41:01,0
2,113.93168600000001,22.520617,2016-11-03 13:41:09,0
2,113.93168600000001,22.520617,2016-11-03 13:41:10,0
2,113.93168600000001,22.520617,2016-11-03 13:41:17,0
2,113.93168600000001,22.520617,2016-11-03 13:41:25,0
2,113.93168600000001,22.520617,2016-11-03 13:41:26,0
2,113.93168600000001,22.520617,2016-11-03 13:41:40,0
1,113.99396499999999,22.546667000000003,2016-11-03 13:41:43,1
3,114.25531799999999,22.578632,2016-11-03 13:41:44,1
0,114.130417,22.550917000000002,2016-11-03 13:41:48,1
4,114.03081499999999,22.540833,2016-11-03 13:41:48,1
1,113.992065,22.547283,2016-11-03 13:41:51,1
2,113.93168600000001,22.520617,2016-11-03 13:41:55,0
3,114.258202,22.580967,2016-11-03 13:42:04,1
0,114.12946299999999,22.550832999999997,2016-11-03 13:42:03,1
4,114.02935,22.5406,2016-11-03 13:42:03,1
1,113.988335,22.5488,2016-11-03 13:42:06,1
2,113.93168600000001,22.520617,2016-11-03 13:42:10,0
0,114.12948600000001,22.551682999999997,2016-11-03 13:42:18,1
1,113.985199,22.550432,2016-11-03 13:42:21,1
3,114.261017,22.583233,2016-11-03 13:42:24,1
2,113.93168600000001,22.520617,2016-11-03 13:42:25,0
1,113.983498,22.551482999999998,2016-11-03 13:42:29,1
0,114.130348,22.552532,2016-11-03 13:42:33,1
3,114.263466,22.585966,2016-11-03 13:42:44,1
2,113.93168600000001,22.520617,2016-11-03 13:42:41,1
2,113.93168600000001,22.520617,2016-11-03 13:42:49,1
0,114.130402,22.553283999999998,2016-11-03 13:42:48,1
1,113.98037,22.553766,2016-11-03 13:42:44,1
1,113.97892,22.554983,2016-11-03 13:42:52,1
1,113.97892,22.554983,2016-11-03 13:42:53,1
1,113.97743200000001,22.556217,2016-11-03 13:43:00,1
0,114.130402,22.554533,2016-11-03 13:43:03,1
2,113.93108400000001,22.518967,2016-11-03 13:43:04,1
3,114.26563300000001,22.588882,2016-11-03 13:43:04,1
0,114.12986799999999,22.555218,2016-11-03 13:43:18,1
2,113.93158000000001,22.518534,2016-11-03 13:43:19,1
3,114.26828,22.591283999999998,2016-11-03 13:43:24,1
1,113.971001,22.559834,2016-11-03 13:43:30,1
2,113.931351,22.5173,2016-11-03 13:43:34,1
4,114.027603,22.540283,2016-11-03 13:42:18,1
0,114.128601,22.556267000000002,2016-11-03 13:43:33,1
4,114.02507,22.539883,2016-11-03 13:42:33,1
4,114.022865,22.539568,2016-11-03 13:42:48,1
1,113.96756699999999,22.56085,2016-11-03 13:43:45,1
3,114.27198,22.591749,2016-11-03 13:43:44,1
0,114.12858600000001,22.556351,2016-11-03 13:43:48,1
4,114.018097,22.539734,2016-11-03 13:43:51,1
4,114.018097,22.539734,2016-11-03 13:43:54,0
1,113.9636,22.561716,2016-11-03 13:44:00,1
0,114.12851699999999,22.556433,2016-11-03 13:44:03,1
3,114.27573400000001,22.590598999999997,2016-11-03 13:44:04,1
4,114.018097,22.539734,2016-11-03 13:44:09,0
2,113.93123600000001,22.517418,2016-11-03 13:43:57,1
2,113.93121299999999,22.517517,2016-11-03 13:44:05,1
2,113.93126699999999,22.517267,2016-11-03 13:44:12,1
1,113.95963300000001,22.562616000000002,2016-11-03 13:44:17,1
0,114.12851699999999,22.556433,2016-11-03 13:44:18,1
1,113.95813000000001,22.56295,2016-11-03 13:44:23,1
3,114.279716,22.590099,2016-11-03 13:44:24,1
4,114.018097,22.539734,2016-11-03 13:44:24,0
0,114.12851699999999,22.556433,2016-11-03 13:44:33,1
1,113.954117,22.563748999999998,2016-11-03 13:44:38,1
4,114.018097,22.539734,2016-11-03 13:44:39,0
1,113.952202,22.564051,2016-11-03 13:44:46,1
0,114.12803600000001,22.556334,2016-11-03 13:44:48,1
4,114.018097,22.539734,2016-11-03 13:44:54,0
4,114.01788300000001,22.540751,2016-11-03 13:45:09,0
0,114.126915,22.554567000000002,2016-11-03 13:45:03,1
0,114.1259,22.553167000000002,2016-11-03 13:45:18,1
4,114.01781499999998,22.541667999999998,2016-11-03 13:45:24,0
0,114.124969,22.553801,2016-11-03 13:45:33,1
1,113.94883,22.564516,2016-11-03 13:45:01,1
1,113.94688400000001,22.564751,2016-11-03 13:45:09,1
1,113.946404,22.5648,2016-11-03 13:45:10,1
1,113.944901,22.564934,2016-11-03 13:45:17,1
1,113.94288600000002,22.5651,2016-11-03 13:45:25,1
4,114.01781499999998,22.541718,2016-11-03 13:45:39,0
1,113.938751,22.5653,2016-11-03 13:45:40,1
0,114.123466,22.555401,2016-11-03 13:45:48,1
4,114.017448,22.54315,2016-11-03 13:45:54,0
1,113.935051,22.56535,2016-11-03 13:45:55,1
0,114.12162,22.557449,2016-11-03 13:46:03,1
4,114.01713600000001,22.544701,2016-11-03 13:46:09,0
0,114.12075,22.558982999999998,2016-11-03 13:46:18,1
1,113.928802,22.565732999999998,2016-11-03 13:46:19,1
4,114.016479,22.546368,2016-11-03 13:46:24,0
1,113.92721599999999,22.566167999999998,2016-11-03 13:46:25,1
3,114.284714,22.590633,2016-11-03 13:45:04,1
3,114.284714,22.590633,2016-11-03 13:45:24,1
3,114.284714,22.590633,2016-11-03 13:45:44,1
3,114.284714,22.590633,2016-11-03 13:46:07,1
3,114.29616499999999,22.601851,2016-11-03 13:46:27,1
3,114.29636399999998,22.6021,2016-11-03 13:46:29,1
0,114.119598,22.560551,2016-11-03 13:46:33,1
1,113.92386599999999,22.567766,2016-11-03 13:46:40,1
4,114.015251,22.548149,2016-11-03 13:46:39,0
2,113.932701,22.506701,2016-11-03 13:46:46,1
2,113.932701,22.506701,2016-11-03 13:46:47,1
0,114.11889599999999,22.562517,2016-11-03 13:46:48,1
4,114.01426699999999,22.549549,2016-11-03 13:46:54,0
3,114.298882,22.604098999999998,2016-11-03 13:46:52,1
3,114.29969799999999,22.604633,2016-11-03 13:46:59,1
0,114.118347,22.565233,2016-11-03 13:47:03,1
4,114.013603,22.550516000000002,2016-11-03 13:47:09,0
0,114.117935,22.567567999999998,2016-11-03 13:47:18,1
3,114.30131499999999,22.60375,2016-11-03 13:47:20,1
4,114.01276399999999,22.551434,2016-11-03 13:47:24,0
2,113.932701,22.505533,2016-11-03 13:46:55,1
2,113.932648,22.504,2016-11-03 13:47:06,1
2,113.932671,22.5037,2016-11-03 13:47:10,1
2,113.932686,22.503584,2016-11-03 13:47:17,1
2,113.932686,22.503598999999998,2016-11-03 13:47:19,1
2,113.932701,22.503517000000002,2016-11-03 13:47:26,1
2,113.932732,22.503067,2016-11-03 13:47:34,1
0,114.11776699999999,22.570368,2016-11-03 13:47:33,1
3,114.30151399999998,22.603233,2016-11-03 13:47:40,1
4,114.011536,22.55225,2016-11-03 13:47:39,0
2,113.93293,22.501417,2016-11-03 13:47:49,1
0,114.117851,22.572832000000002,2016-11-03 13:47:48,1
4,114.01051299999999,22.552584,2016-11-03 13:47:54,0
3,114.30151399999998,22.603233,2016-11-03 13:48:00,1
2,113.93328100000001,22.499367000000003,2016-11-03 13:48:04,1
0,114.117531,22.575367,2016-11-03 13:48:03,1
4,114.00956699999999,22.553167000000002,2016-11-03 13:48:09,0
3,114.30151399999998,22.603233,2016-11-03 13:48:20,1
0,114.116699,22.5769,2016-11-03 13:48:18,1
4,114.01001699999999,22.554517999999998,2016-11-03 13:48:24,0
2,113.93366999999999,22.496866,2016-11-03 13:48:27,1
0,114.11576799999999,22.578733,2016-11-03 13:48:33,1
3,114.303497,22.603132000000002,2016-11-03 13:48:40,1
4,114.011253,22.555218,2016-11-03 13:48:39,0
2,113.93373100000001,22.495617000000003,2016-11-03 13:48:42,1
0,114.115082,22.5802,2016-11-03 13:48:48,1
4,114.01265,22.555232999999998,2016-11-03 13:48:54,0
2,113.934265,22.493933,2016-11-03 13:48:57,1
3,114.305481,22.601833,2016-11-03 13:49:00,1
4,114.014748,22.555232999999998,2016-11-03 13:49:09,0
2,113.932701,22.493783999999998,2016-11-03 13:49:12,1
0,114.114754,22.581583,2016-11-03 13:49:03,1
3,114.30623600000001,22.600668,2016-11-03 13:49:20,1
0,114.114815,22.5821,2016-11-03 13:49:18,1
4,114.016701,22.5553,2016-11-03 13:49:24,0
2,113.931252,22.493616,2016-11-03 13:49:27,1
0,114.116165,22.582082999999997,2016-11-03 13:49:33,1
3,114.30476399999999,22.598983999999998,2016-11-03 13:49:40,1
4,114.01844799999999,22.555349,2016-11-03 13:49:39,0
4,114.02031699999999,22.555483,2016-11-03 13:49:54,0
0,114.116547,22.582532999999998,2016-11-03 13:49:48,1
3,114.304153,22.598183,2016-11-03 13:50:00,1
2,113.93146499999999,22.49345,2016-11-03 13:49:35,0
0,114.116997,22.583117,2016-11-03 13:50:03,1
3,114.304153,22.598183,2016-11-03 13:50:08,0
4,114.02201799999999,22.555517000000002,2016-11-03 13:50:09,0
0,114.1166,22.584049,2016-11-03 13:50:18,1
2,113.93148000000001,22.493433,2016-11-03 13:49:36,0
4,114.024002,22.555567,2016-11-03 13:50:24,0
3,114.304153,22.598183,2016-11-03 13:50:28,0
0,114.11601999999999,22.58485,2016-11-03 13:50:33,1
4,114.025085,22.555717,2016-11-03 13:50:39,0
3,114.304153,22.598183,2016-11-03 13:50:48,0
0,114.11568500000001,22.585266,2016-11-03 13:50:48,1
1,113.896049,22.595984,2016-11-03 13:50:54,1
4,114.025085,22.555717,2016-11-03 13:50:54,0
1,113.895653,22.5963,2016-11-03 13:50:56,1
1,113.89441699999999,22.597267000000002,2016-11-03 13:51:02,1
0,114.115517,22.5856,2016-11-03 13:51:03,1
1,113.89091499999999,22.599751,2016-11-03 13:51:17,1
0,114.115517,22.5856,2016-11-03 13:51:18,1
3,114.303482,22.597517,2016-11-03 13:51:08,0
4,114.025085,22.555717,2016-11-03 13:51:09,0
3,114.303482,22.597517,2016-11-03 13:51:28,0
4,114.027153,22.556084,2016-11-03 13:51:24,0
1,113.88780200000001,22.601933,2016-11-03 13:51:32,1
0,114.115517,22.5856,2016-11-03 13:51:33,1
4,114.029053,22.5564,2016-11-03 13:51:39,0
3,114.30278,22.596832,2016-11-03 13:51:47,1
1,113.88463600000001,22.604767000000002,2016-11-03 13:51:47,1
0,114.11531799999999,22.58585,2016-11-03 13:51:48,1
4,114.03076899999999,22.555532,2016-11-03 13:51:54,0
1,113.882347,22.607668,2016-11-03 13:52:02,1
0,114.11491399999998,22.586201000000003,2016-11-03 13:52:03,1
3,114.301231,22.595249,2016-11-03 13:52:07,1
4,114.032715,22.554083,2016-11-03 13:52:09,0
1,113.88020300000001,22.610968,2016-11-03 13:52:17,1
0,114.11458600000002,22.586666,2016-11-03 13:52:18,1
4,114.032913,22.554117,2016-11-03 13:52:24,0
1,113.878487,22.613483,2016-11-03 13:52:32,1
0,114.114449,22.586817,2016-11-03 13:52:33,1
4,114.031403,22.555149,2016-11-03 13:52:39,0
1,113.876198,22.61615,2016-11-03 13:52:47,1
0,114.114449,22.586817,2016-11-03 13:52:48,1
4,114.030029,22.556267000000002,2016-11-03 13:52:54,0
1,113.87393200000001,22.618082,2016-11-03 13:53:02,1
0,114.114449,22.586817,2016-11-03 13:53:03,1
4,114.029503,22.556632999999998,2016-11-03 13:53:09,0
1,113.87133,22.619833,2016-11-03 13:53:17,1
0,114.11446399999998,22.587,2016-11-03 13:53:18,1
4,114.02833600000001,22.557533,2016-11-03 13:53:24,0
1,113.868752,22.621149,2016-11-03 13:53:32,1
0,114.11446399999998,22.587099,2016-11-03 13:53:33,1
3,114.29920200000001,22.595234,2016-11-03 13:52:49,1
3,114.297798,22.5975,2016-11-03 13:53:09,1
3,114.297699,22.5986,2016-11-03 13:53:29,1
3,114.297699,22.5986,2016-11-03 13:53:37,1
4,114.026901,22.558567,2016-11-03 13:53:39,0
1,113.865501,22.622432999999997,2016-11-03 13:53:47,1
0,114.114449,22.587099,2016-11-03 13:53:48,1
4,114.025681,22.55965,2016-11-03 13:53:54,0
1,113.86245,22.6236,2016-11-03 13:54:02,1
0,114.114449,22.587099,2016-11-03 13:54:03,1
3,114.297699,22.598618,2016-11-03 13:54:00,1
3,114.297699,22.598618,2016-11-03 13:54:07,1
4,114.02555100000001,22.560499,2016-11-03 13:54:09,0
0,114.11433400000001,22.58725,2016-11-03 13:54:18,1
1,113.858833,22.625,2016-11-03 13:54:17,1
4,114.025719,22.560534,2016-11-03 13:54:24,0
1,113.85711699999999,22.62565,2016-11-03 13:54:25,1
4,114.025719,22.560534,2016-11-03 13:54:30,1
0,114.11426499999999,22.587351,2016-11-03 13:54:33,1
1,113.854599,22.62715,2016-11-03 13:54:40,1
3,114.298599,22.600932999999998,2016-11-03 13:54:30,1
3,114.29958300000001,22.601917,2016-11-03 13:54:40,1
4,114.027252,22.56085,2016-11-03 13:54:45,1
0,114.11426499999999,22.587351,2016-11-03 13:54:48,1
1,113.85118100000001,22.629583,2016-11-03 13:55:03,1
4,114.029366,22.561167,2016-11-03 13:55:00,1
0,114.113968,22.587584,2016-11-03 13:55:03,1
1,113.85118100000001,22.629583,2016-11-03 13:55:04,1
3,114.30162,22.603117,2016-11-03 13:55:03,1
3,114.301414,22.603634,2016-11-03 13:55:11,1
4,114.03183,22.561632,2016-11-03 13:55:15,1
1,113.849617,22.628651,2016-11-03 13:55:18,1
0,114.113968,22.587584,2016-11-03 13:55:18,1
4,114.03386699999999,22.561982999999998,2016-11-03 13:55:30,1
0,114.113968,22.587584,2016-11-03 13:55:33,1
4,114.035164,22.562483,2016-11-03 13:55:45,1
0,114.113968,22.587584,2016-11-03 13:55:48,1
4,114.037369,22.562851000000002,2016-11-03 13:56:00,1
0,114.11425,22.587767000000003,2016-11-03 13:56:03,1
4,114.03926799999999,22.562599,2016-11-03 13:56:15,1
0,114.11458600000002,22.587868,2016-11-03 13:56:18,1
2,113.939034,22.504417,2016-11-03 13:56:21,0
2,113.93901799999999,22.504517,2016-11-03 13:56:22,0
0,114.11515,22.5882,2016-11-03 13:56:33,1
2,113.938965,22.506117,2016-11-03 13:56:41,0
3,114.29982,22.605267,2016-11-03 13:55:34,1
3,114.29961399999999,22.605551000000002,2016-11-03 13:55:54,1
3,114.299416,22.605801,2016-11-03 13:56:14,1
3,114.29818,22.605083,2016-11-03 13:56:27,1
4,114.040848,22.5618,2016-11-03 13:56:30,1
0,114.11618,22.588532999999998,2016-11-03 13:56:48,1
4,114.04188500000001,22.560066,2016-11-03 13:56:45,1
2,113.93895,22.507099,2016-11-03 13:56:52,0
3,114.296219,22.603149,2016-11-03 13:56:50,1
3,114.29581499999999,22.602567999999998,2016-11-03 13:56:57,1
2,113.938797,22.507517,2016-11-03 13:57:00,0
4,114.042786,22.55835,2016-11-03 13:57:00,1
0,114.11801899999999,22.589216,2016-11-03 13:57:03,1
2,113.939079,22.508034,2016-11-03 13:57:07,0
4,114.04340400000001,22.557301000000002,2016-11-03 13:57:15,1
1,113.850136,22.627234,2016-11-03 13:55:33,1
1,113.850151,22.627251,2016-11-03 13:55:41,1
1,113.850151,22.627251,2016-11-03 13:55:42,1
0,114.11876699999999,22.590334,2016-11-03 13:57:18,1
2,113.94108600000001,22.507932999999998,2016-11-03 13:57:22,0
3,114.294518,22.600732999999998,2016-11-03 13:57:20,1
3,114.294518,22.600732999999998,2016-11-03 13:57:27,1
4,114.04398300000001,22.555933,2016-11-03 13:57:30,1
2,113.94198600000001,22.50795,2016-11-03 13:57:31,0
0,114.11972,22.591048999999998,2016-11-03 13:57:33,1
1,113.842651,22.621584,2016-11-03 13:57:37,1
1,113.8423,22.6215,2016-11-03 13:57:38,1
1,113.84128600000001,22.621233,2016-11-03 13:57:44,1
2,113.94241299999999,22.507317,2016-11-03 13:57:46,0
4,114.044151,22.554399,2016-11-03 13:57:45,1
0,114.11972,22.591048999999998,2016-11-03 13:57:48,1
3,114.294518,22.600732999999998,2016-11-03 13:57:48,1
1,113.838699,22.620567,2016-11-03 13:57:59,1
2,113.949097,22.523782999999998,2016-11-03 14:04:45,1
4,114.05428300000001,22.551149,2016-11-03 14:04:45,0
3,114.225647,22.567284,2016-11-03 14:04:48,1
1,113.808449,22.620701,2016-11-03 14:04:50,0
0,114.121086,22.576651000000002,2016-11-03 14:04:51,1
2,113.9487,22.525534,2016-11-03 14:05:00,1
4,114.055901,22.551149,2016-11-03 14:04:59,0
1,113.80963100000001,22.618532000000002,2016-11-03 14:05:05,0
0,114.119583,22.57625,2016-11-03 14:05:05,1
3,114.22391499999999,22.56695,2016-11-03 14:05:08,1
2,113.946983,22.5252,2016-11-03 14:05:15,1
4,114.057854,22.551201000000002,2016-11-03 14:05:14,0
1,113.811066,22.615967,2016-11-03 14:05:20,0
0,114.11718,22.576632999999998,2016-11-03 14:05:20,1
3,114.22391499999999,22.56695,2016-11-03 14:05:28,1
2,113.94526699999999,22.5247,2016-11-03 14:05:30,1
4,114.05961599999999,22.551233,2016-11-03 14:05:29,0
1,113.81228600000001,22.613768,2016-11-03 14:05:35,0
0,114.11586799999999,22.576767,2016-11-03 14:05:35,1
2,113.942451,22.5249,2016-11-03 14:05:45,1
4,114.060921,22.551233,2016-11-03 14:05:44,0
0,114.115082,22.576732999999997,2016-11-03 14:05:50,1
3,114.22391499999999,22.56695,2016-11-03 14:05:48,1
2,113.941681,22.524782000000002,2016-11-03 14:05:52,1
1,113.813599,22.611418,2016-11-03 14:05:50,0
1,113.814369,22.610617,2016-11-03 14:05:58,0
4,114.06208000000001,22.551184,2016-11-03 14:05:59,0
0,114.11406699999999,22.57675,2016-11-03 14:06:05,1
3,114.22391499999999,22.56695,2016-11-03 14:06:08,1
2,113.93988,22.524883,2016-11-03 14:06:07,1
1,113.816299,22.610018,2016-11-03 14:06:13,0
4,114.06291999999999,22.551167,2016-11-03 14:06:14,0
0,114.113602,22.577517,2016-11-03 14:06:20,1
2,113.93808,22.5249,2016-11-03 14:06:22,1
1,113.81793200000001,22.610032999999998,2016-11-03 14:06:28,0
4,114.063782,22.551233,2016-11-03 14:06:29,0
3,114.210251,22.56465,2016-11-03 14:06:28,1
0,114.11421999999999,22.576468,2016-11-03 14:06:35,1
2,113.935799,22.5249,2016-11-03 14:06:37,1
4,114.06541399999999,22.551149,2016-11-03 14:06:44,0
1,113.818947,22.610867000000002,2016-11-03 14:06:43,0
0,114.113899,22.57375,2016-11-03 14:06:50,1
3,114.210251,22.56465,2016-11-03 14:06:48,1
1,113.819298,22.611601,2016-11-03 14:06:51,0
1,113.81942,22.611767,2016-11-03 14:06:52,0
2,113.933899,22.5249,2016-11-03 14:06:52,1
1,113.819847,22.612249,2016-11-03 14:06:59,0
4,114.066704,22.550966,2016-11-03 14:06:59,0
2,113.932419,22.524967,2016-11-03 14:07:01,1
0,114.113564,22.571199,2016-11-03 14:07:05,1
3,114.210251,22.56465,2016-11-03 14:07:08,1
1,113.8218,22.613317000000002,2016-11-03 14:07:14,0
4,114.066833,22.550966,2016-11-03 14:07:14,0
2,113.93006899999999,22.524982,2016-11-03 14:07:16,1
0,114.11261699999999,22.568899,2016-11-03 14:07:20,1
3,114.20048500000001,22.56135,2016-11-03 14:07:28,1
1,113.82415,22.614401,2016-11-03 14:07:29,0
4,114.066833,22.550966,2016-11-03 14:07:29,0
2,113.927498,22.525467000000003,2016-11-03 14:07:31,1
0,114.11248,22.567751,2016-11-03 14:07:35,1
4,114.066833,22.550966,2016-11-03 14:07:44,0
2,113.926666,22.525617999999998,2016-11-03 14:07:46,1
3,114.19901999999999,22.5609,2016-11-03 14:07:48,1
0,114.112366,22.566183,2016-11-03 14:07:50,1
4,114.066833,22.550966,2016-11-03 14:07:59,0
2,113.926033,22.525766,2016-11-03 14:08:01,1
3,114.19373300000001,22.559549,2016-11-03 14:08:08,1
0,114.11212900000001,22.564817,2016-11-03 14:08:04,1
1,113.826752,22.615601,2016-11-03 14:07:44,0
1,113.82806399999998,22.616234,2016-11-03 14:07:52,0
1,113.82806399999998,22.616234,2016-11-03 14:07:53,0
1,113.829399,22.61685,2016-11-03 14:08:00,0
1,113.830734,22.617483,2016-11-03 14:08:08,0
1,113.830734,22.617483,2016-11-03 14:08:09,0
4,114.066833,22.550966,2016-11-03 14:08:14,0
2,113.925468,22.5259,2016-11-03 14:08:16,1
0,114.11187,22.562767,2016-11-03 14:08:20,1
1,113.83323700000001,22.618668,2016-11-03 14:08:23,0
2,113.925079,22.526032999999998,2016-11-03 14:08:24,1
3,114.19373300000001,22.559549,2016-11-03 14:08:28,1
4,114.06808500000001,22.5509,2016-11-03 14:08:29,0
0,114.11170200000001,22.561518,2016-11-03 14:08:35,1
1,113.836479,22.619833,2016-11-03 14:08:38,0
2,113.92469799999999,22.526899,2016-11-03 14:08:39,1
4,114.06987,22.550966,2016-11-03 14:08:44,0
2,113.92458300000001,22.527348999999997,2016-11-03 14:08:47,1
3,114.19373300000001,22.559549,2016-11-03 14:08:48,1
2,113.92458300000001,22.527348999999997,2016-11-03 14:08:48,1
0,114.11203,22.559668,2016-11-03 14:08:50,1
1,113.839401,22.620649,2016-11-03 14:08:53,0
4,114.071335,22.551001,2016-11-03 14:08:59,0
2,113.92473600000001,22.528316,2016-11-03 14:09:02,1
3,114.18123600000001,22.557966,2016-11-03 14:09:08,1
2,113.92498,22.530148999999998,2016-11-03 14:09:17,1
4,114.072952,22.5511,2016-11-03 14:09:14,0
0,114.110184,22.556351,2016-11-03 14:09:20,1
3,114.178101,22.559798999999998,2016-11-03 14:09:28,1
4,114.074852,22.551382,2016-11-03 14:09:29,0
2,113.92543,22.531882999999997,2016-11-03 14:09:32,1
0,114.10994699999999,22.555918,2016-11-03 14:09:34,1
2,113.92611699999999,22.533216,2016-11-03 14:09:47,1
3,114.175102,22.561968,2016-11-03 14:09:48,1
0,114.109802,22.555432999999997,2016-11-03 14:09:50,1
2,113.926598,22.53455,2016-11-03 14:10:02,1
4,114.075401,22.551434,2016-11-03 14:09:45,0
4,114.075401,22.551434,2016-11-03 14:09:59,0
0,114.109703,22.554382,2016-11-03 14:10:05,1
3,114.17203500000001,22.562932999999997,2016-11-03 14:10:08,1
2,113.926949,22.535383,2016-11-03 14:10:10,1
0,114.10966499999999,22.553617000000003,2016-11-03 14:10:20,1
2,113.92716999999999,22.537067,2016-11-03 14:10:25,1
3,114.16835,22.562851000000002,2016-11-03 14:10:28,1
0,114.10983300000001,22.551701,2016-11-03 14:10:35,1
3,114.16466499999999,22.562782000000002,2016-11-03 14:10:48,1
2,113.927116,22.539301000000002,2016-11-03 14:10:47,1
2,113.927116,22.539534,2016-11-03 14:10:49,1
0,114.110229,22.549116,2016-11-03 14:10:50,1
2,113.927116,22.540251,2016-11-03 14:10:56,1
3,114.161133,22.562584,2016-11-03 14:11:08,1
2,113.927071,22.542084,2016-11-03 14:11:11,1
1,113.848396,22.621817,2016-11-03 14:10:58,0
1,113.84843400000001,22.621782,2016-11-03 14:11:00,0
1,113.84843400000001,22.621782,2016-11-03 14:11:01,0
0,114.110298,22.548932999999998,2016-11-03 14:11:05,1
0,114.110298,22.548932999999998,2016-11-03 14:11:20,1
2,113.92703200000001,22.543383,2016-11-03 14:11:26,1
0,114.110298,22.548932999999998,2016-11-03 14:11:35,1
1,113.84868600000001,22.621482999999998,2016-11-03 14:11:23,0
1,113.8489,22.62125,2016-11-03 14:11:32,0
4,114.075401,22.551434,2016-11-03 14:10:29,0
4,114.075401,22.551434,2016-11-03 14:10:44,0
1,113.84906799999999,22.621032999999997,2016-11-03 14:11:38,0
2,113.926483,22.544382000000002,2016-11-03 14:11:41,1
1,113.84929699999999,22.620783,2016-11-03 14:11:46,0
3,114.157951,22.561332999999998,2016-11-03 14:11:28,1
4,114.076447,22.551832,2016-11-03 14:11:37,0
3,114.15563200000001,22.559717000000003,2016-11-03 14:11:48,1
0,114.110298,22.548932999999998,2016-11-03 14:11:50,1
4,114.077568,22.553182999999997,2016-11-03 14:11:52,0
2,113.92536899999999,22.54335,2016-11-03 14:11:56,1
0,114.11026799999999,22.548733,2016-11-03 14:12:05,1
3,114.15432,22.558701,2016-11-03 14:12:08,1
4,114.0783,22.55385,2016-11-03 14:12:08,0
1,113.84953300000001,22.620501,2016-11-03 14:12:10,0
2,113.92451499999999,22.543118,2016-11-03 14:12:04,1
2,113.92427099999999,22.543118,2016-11-03 14:12:05,1
2,113.92353100000001,22.54315,2016-11-03 14:12:12,1
1,113.84956399999999,22.620466,2016-11-03 14:12:16,0
2,113.92258500000001,22.54315,2016-11-03 14:12:20,1
0,114.11026799999999,22.54785,2016-11-03 14:12:20,1
4,114.07941399999999,22.553867,2016-11-03 14:12:23,0
3,114.152199,22.556967,2016-11-03 14:12:28,1
2,113.920647,22.543182,2016-11-03 14:12:35,1
0,114.11026799999999,22.547567,2016-11-03 14:12:35,1
4,114.08062,22.55385,2016-11-03 14:12:38,0
1,113.85016599999999,22.619882999999998,2016-11-03 14:12:40,0
1,113.850502,22.619533999999998,2016-11-03 14:12:46,0
3,114.149879,22.556182999999997,2016-11-03 14:12:48,1
2,113.92053200000001,22.543318,2016-11-03 14:12:50,1
0,114.109154,22.547268,2016-11-03 14:12:50,1
4,114.081001,22.553818,2016-11-03 14:12:53,0
2,113.92033400000001,22.543332999999997,2016-11-03 14:13:05,1
0,114.108383,22.547251,2016-11-03 14:13:05,1
4,114.081001,22.553818,2016-11-03 14:13:08,0
3,114.14713300000001,22.555634,2016-11-03 14:13:08,1
1,113.85176799999999,22.61775,2016-11-03 14:13:10,0
1,113.85208100000001,22.617216,2016-11-03 14:13:16,0
2,113.919701,22.543301,2016-11-03 14:13:20,1
4,114.081001,22.553818,2016-11-03 14:13:23,0
0,114.10778,22.546948999999998,2016-11-03 14:13:20,1
2,113.91909799999999,22.543318,2016-11-03 14:13:27,1
1,113.852783,22.616117000000003,2016-11-03 14:13:31,0
0,114.10731499999999,22.546734,2016-11-03 14:13:35,1
4,114.081329,22.553783,2016-11-03 14:13:37,0
2,113.917969,22.543383,2016-11-03 14:13:42,1
1,113.853798,22.614267,2016-11-03 14:13:46,0
4,114.08108500000002,22.553917000000002,2016-11-03 14:13:52,0
2,113.916214,22.543449,2016-11-03 14:13:57,1
1,113.85466799999999,22.612467000000002,2016-11-03 14:14:01,0
2,113.915649,22.543484,2016-11-03 14:14:06,1
4,114.07998700000002,22.553967,2016-11-03 14:14:07,0
1,113.85573600000001,22.6103,2016-11-03 14:14:16,0
2,113.914146,22.543817999999998,2016-11-03 14:14:21,1
4,114.07901799999999,22.553949,2016-11-03 14:14:22,0
1,113.857018,22.6085,2016-11-03 14:14:31,0
2,113.912201,22.544518,2016-11-03 14:14:36,1
4,114.078552,22.553949,2016-11-03 14:14:37,0
1,113.858818,22.60675,2016-11-03 14:14:46,0
2,113.90898100000001,22.544732999999997,2016-11-03 14:14:51,1
4,114.078552,22.553949,2016-11-03 14:14:52,0
2,113.90720400000001,22.544718,2016-11-03 14:14:59,1
3,114.14119699999999,22.556,2016-11-03 14:13:50,1
3,114.139297,22.5571,2016-11-03 14:14:10,1
3,114.137833,22.555901000000002,2016-11-03 14:14:31,1
3,114.138947,22.554417,2016-11-03 14:14:51,1
3,114.138733,22.553766,2016-11-03 14:15:00,1
1,113.86031299999999,22.605167,2016-11-03 14:15:01,0
4,114.078552,22.553949,2016-11-03 14:15:07,0
2,113.90428200000001,22.544767,2016-11-03 14:15:14,1
1,113.861801,22.603132000000002,2016-11-03 14:15:16,0
3,114.13733700000002,22.55155,2016-11-03 14:15:21,1
2,113.902901,22.5455,2016-11-03 14:15:22,1
4,114.078552,22.553949,2016-11-03 14:15:22,0
1,113.8629,22.60145,2016-11-03 14:15:31,0
0,114.10693400000001,22.546132999999998,2016-11-03 14:15:18,1
0,114.10693400000001,22.546132999999998,2016-11-03 14:15:20,1
0,114.10693400000001,22.546132999999998,2016-11-03 14:15:32,1
4,114.078903,22.554934,2016-11-03 14:15:37,0
2,113.90086399999998,22.548067,2016-11-03 14:15:37,1
2,113.89969599999999,22.549217000000002,2016-11-03 14:15:45,1
3,114.13578000000001,22.549732000000002,2016-11-03 14:15:41,1
1,113.86421999999999,22.599483,2016-11-03 14:15:46,0
0,114.10693400000001,22.546132999999998,2016-11-03 14:15:48,1
4,114.080147,22.556383,2016-11-03 14:15:52,0
2,113.89782,22.551149,2016-11-03 14:16:00,1
1,113.865082,22.59815,2016-11-03 14:16:01,0
3,114.13343,22.54925,2016-11-03 14:16:01,1
0,114.10686499999998,22.546049,2016-11-03 14:16:02,1
4,114.08086399999999,22.55715,2016-11-03 14:16:07,0
2,113.895821,22.553034,2016-11-03 14:16:15,1
1,113.866219,22.596434,2016-11-03 14:16:16,0
0,114.10686499999998,22.546049,2016-11-03 14:16:18,1
3,114.13081399999999,22.5488,2016-11-03 14:16:21,1
4,114.081398,22.557768,2016-11-03 14:16:22,0
1,113.86685200000001,22.595449,2016-11-03 14:16:24,0
1,113.86685200000001,22.595449,2016-11-03 14:16:25,0
2,113.893852,22.554882,2016-11-03 14:16:30,1
0,114.106651,22.545633,2016-11-03 14:16:33,1
4,114.082214,22.558117000000003,2016-11-03 14:16:37,0
1,113.867798,22.593782,2016-11-03 14:16:39,0
3,114.12978400000001,22.548634,2016-11-03 14:16:41,1
2,113.891869,22.556801,2016-11-03 14:16:45,1
0,114.105286,22.54565,2016-11-03 14:16:48,1
1,113.869003,22.591566,2016-11-03 14:16:54,0
4,114.083633,22.558149,2016-11-03 14:16:52,0
2,113.88998400000001,22.558649,2016-11-03 14:17:00,1
3,114.12978400000001,22.548634,2016-11-03 14:17:01,1
0,114.104919,22.54565,2016-11-03 14:17:03,1
2,113.88874799999999,22.559717000000003,2016-11-03 14:17:07,1
1,113.87028500000001,22.5896,2016-11-03 14:17:09,0
4,114.086037,22.558232999999998,2016-11-03 14:17:08,0
0,114.10496499999999,22.545601,2016-11-03 14:17:18,0
3,114.127563,22.54825,2016-11-03 14:17:21,1
4,114.08791399999998,22.558232999999998,2016-11-03 14:17:22,0
2,113.887215,22.561117000000003,2016-11-03 14:17:22,1
1,113.872002,22.587683,2016-11-03 14:17:24,0
0,114.10496499999999,22.545601,2016-11-03 14:17:33,0
2,113.887184,22.561083,2016-11-03 14:17:37,1
4,114.08971399999999,22.558267999999998,2016-11-03 14:17:37,0
3,114.124802,22.547817000000002,2016-11-03 14:17:41,1
0,114.10496499999999,22.545601,2016-11-03 14:17:48,0
1,113.874214,22.585266,2016-11-03 14:17:47,0
1,113.874435,22.585051,2016-11-03 14:17:48,0
4,114.091568,22.558317000000002,2016-11-03 14:17:52,0
2,113.887169,22.56105,2016-11-03 14:17:52,1
2,113.887184,22.5611,2016-11-03 14:18:01,1
1,113.875847,22.583467000000002,2016-11-03 14:18:04,0
0,114.10496499999999,22.545601,2016-11-03 14:18:03,0
4,114.09343,22.55835,2016-11-03 14:18:07,0
1,113.876434,22.582832,2016-11-03 14:18:10,0
2,113.887184,22.561117000000003,2016-11-03 14:18:16,1
0,114.105049,22.545517,2016-11-03 14:18:18,0
4,114.094971,22.55835,2016-11-03 14:18:22,0
1,113.877953,22.581232,2016-11-03 14:18:25,0
2,113.887199,22.561132,2016-11-03 14:18:31,1
0,114.10508,22.545517,2016-11-03 14:18:33,0
4,114.096733,22.558416,2016-11-03 14:18:37,0
1,113.879616,22.579598999999998,2016-11-03 14:18:40,0
2,113.887199,22.561083,2016-11-03 14:18:46,1
0,114.104332,22.545433,2016-11-03 14:18:48,0
4,114.09821299999999,22.558416,2016-11-03 14:18:53,0
1,113.88096599999999,22.578266,2016-11-03 14:18:55,0
2,113.887199,22.5611,2016-11-03 14:19:01,1
0,114.103554,22.544817000000002,2016-11-03 14:19:02,0
4,114.09846499999999,22.558398999999998,2016-11-03 14:19:07,0
2,113.887215,22.561117000000003,2016-11-03 14:19:09,1
0,114.10238600000001,22.544216,2016-11-03 14:19:18,0
4,114.09846499999999,22.558398999999998,2016-11-03 14:19:23,0
2,113.887199,22.5611,2016-11-03 14:19:24,1
1,113.88253,22.576833999999998,2016-11-03 14:19:10,0
1,113.88336899999999,22.576099,2016-11-03 14:19:19,0
1,113.88398000000001,22.575567000000003,2016-11-03 14:19:25,0
1,113.884804,22.57485,2016-11-03 14:19:32,0
0,114.10183,22.544001,2016-11-03 14:19:33,0
4,114.09846499999999,22.558398999999998,2016-11-03 14:19:37,0
2,113.88707,22.561234,2016-11-03 14:19:39,1
3,114.11945300000001,22.546867000000002,2016-11-03 14:18:24,1
3,114.118851,22.546766,2016-11-03 14:18:44,1
3,114.118851,22.546766,2016-11-03 14:19:04,1
3,114.11813400000001,22.546568,2016-11-03 14:19:14,1
3,114.11626399999999,22.546316,2016-11-03 14:19:37,1
3,114.115501,22.546132999999998,2016-11-03 14:19:44,1
1,113.88649699999999,22.573317000000003,2016-11-03 14:19:48,0
0,114.101669,22.5439,2016-11-03 14:19:49,1
4,114.09846499999999,22.558398999999998,2016-11-03 14:19:52,0
2,113.8871,22.560932,2016-11-03 14:19:54,1
1,113.887253,22.572617,2016-11-03 14:19:56,0
0,114.100121,22.543633,2016-11-03 14:20:07,1
4,114.09846499999999,22.558398999999998,2016-11-03 14:20:08,0
2,113.88822900000001,22.559798999999998,2016-11-03 14:20:09,1
1,113.88851899999999,22.5714,2016-11-03 14:20:11,0
3,114.1138,22.545816000000002,2016-11-03 14:20:07,1
3,114.1138,22.545816000000002,2016-11-03 14:20:13,1
0,114.10001399999999,22.543617,2016-11-03 14:20:21,1
4,114.09846499999999,22.558398999999998,2016-11-03 14:20:22,0
2,113.88911399999999,22.558849,2016-11-03 14:20:24,1
1,113.889931,22.569967000000002,2016-11-03 14:20:26,0
3,114.1138,22.545816000000002,2016-11-03 14:20:34,1
0,114.10001399999999,22.543617,2016-11-03 14:20:34,1
4,114.09846499999999,22.558398999999998,2016-11-03 14:20:37,0
2,113.88887,22.557716,2016-11-03 14:20:39,1
1,113.891281,22.56855,2016-11-03 14:20:41,0
0,114.10001399999999,22.543617,2016-11-03 14:20:49,1
4,114.09953300000001,22.558367,2016-11-03 14:20:52,0
3,114.1138,22.545816000000002,2016-11-03 14:20:54,1
2,113.88738300000001,22.556417,2016-11-03 14:20:54,1
0,114.10001399999999,22.543617,2016-11-03 14:21:04,1
4,114.101303,22.558416,2016-11-03 14:21:08,0
1,113.891998,22.567783,2016-11-03 14:20:49,0
1,113.892799,22.566882999999997,2016-11-03 14:20:58,0
1,113.89328,22.566334,2016-11-03 14:21:04,0
1,113.89396699999999,22.56555,2016-11-03 14:21:12,0
3,114.1138,22.545816000000002,2016-11-03 14:21:14,1
0,114.10001399999999,22.543617,2016-11-03 14:21:18,1
1,113.895302,22.564167,2016-11-03 14:21:27,0
4,114.102631,22.558451,2016-11-03 14:21:23,0
3,114.1138,22.545816000000002,2016-11-03 14:21:34,1
1,113.89623300000001,22.563382999999998,2016-11-03 14:21:35,0
0,114.09911299999999,22.543633,2016-11-03 14:21:34,1
4,114.103371,22.5585,2016-11-03 14:21:37,0
2,113.88566599999999,22.554983,2016-11-03 14:21:09,1
2,113.88548300000001,22.554783,2016-11-03 14:21:17,1
2,113.88551299999999,22.554882,2016-11-03 14:21:25,1
2,113.885551,22.554832,2016-11-03 14:21:31,1
2,113.885551,22.554832,2016-11-03 14:21:33,1
2,113.885551,22.554832,2016-11-03 14:21:47,1
0,114.097366,22.543533,2016-11-03 14:21:49,1
1,113.898048,22.562033,2016-11-03 14:21:50,0
4,114.103371,22.5585,2016-11-03 14:21:53,0
3,114.1138,22.545816000000002,2016-11-03 14:21:54,1
2,113.885567,22.554832,2016-11-03 14:21:55,1
0,114.094734,22.543484,2016-11-03 14:22:04,1
1,113.898781,22.561483,2016-11-03 14:22:05,0
4,114.103371,22.5585,2016-11-03 14:22:08,0
2,113.885551,22.554882,2016-11-03 14:22:11,1
3,114.11273200000001,22.545918,2016-11-03 14:22:14,1
1,113.899414,22.561033,2016-11-03 14:22:20,0
0,114.09288000000001,22.543467,2016-11-03 14:22:19,1
2,113.885551,22.554916,2016-11-03 14:22:26,1
4,114.103371,22.5585,2016-11-03 14:22:23,0
3,114.11041999999999,22.545482999999997,2016-11-03 14:22:34,1
2,113.88521599999999,22.554617,2016-11-03 14:22:34,1
1,113.900116,22.560499,2016-11-03 14:22:35,0
4,114.105186,22.558532999999997,2016-11-03 14:22:38,0
1,113.900398,22.560301000000003,2016-11-03 14:22:43,0
2,113.884148,22.553617000000003,2016-11-03 14:22:49,1
4,114.10708600000001,22.558582,2016-11-03 14:22:53,0
3,114.10858200000001,22.5452,2016-11-03 14:22:54,1
1,113.90091699999999,22.559917000000002,2016-11-03 14:22:58,0
2,113.883499,22.553117999999998,2016-11-03 14:23:04,1
1,113.90155,22.559433,2016-11-03 14:23:13,0
3,114.10858200000001,22.546618,2016-11-03 14:23:14,1
4,114.1091,22.558634,2016-11-03 14:23:07,0
2,113.88372,22.553133,2016-11-03 14:23:19,0
4,114.111099,22.558701,2016-11-03 14:23:22,0
3,114.109467,22.5474,2016-11-03 14:23:34,1
1,113.902367,22.55875,2016-11-03 14:23:28,0
2,113.88373600000001,22.553101,2016-11-03 14:23:34,0
4,114.113647,22.558718,2016-11-03 14:23:38,0
1,113.90288500000001,22.55835,2016-11-03 14:23:43,0
0,114.091347,22.543249,2016-11-03 14:23:47,1
2,113.883766,22.552967000000002,2016-11-03 14:23:49,0
0,114.091347,22.543233999999998,2016-11-03 14:23:49,1
4,114.115936,22.558718,2016-11-03 14:23:53,0
3,114.10990100000001,22.5455,2016-11-03 14:23:54,1
1,113.903419,22.5578,2016-11-03 14:23:58,0
0,114.091347,22.543233999999998,2016-11-03 14:24:01,1
2,113.88359799999999,22.553101,2016-11-03 14:24:04,0
4,114.117531,22.558718,2016-11-03 14:24:08,0
1,113.903748,22.557417,2016-11-03 14:24:13,0
3,114.1101,22.543266,2016-11-03 14:24:14,1
0,114.091347,22.543233999999998,2016-11-03 14:24:16,1
2,113.883652,22.553248999999997,2016-11-03 14:24:19,0
1,113.904099,22.556998999999998,2016-11-03 14:24:28,0
4,114.11876699999999,22.558666,2016-11-03 14:24:23,0
0,114.090919,22.543318,2016-11-03 14:24:31,1
3,114.11021399999998,22.5424,2016-11-03 14:24:34,1
2,113.88418600000001,22.553734,2016-11-03 14:24:34,0
4,114.11981999999999,22.558467999999998,2016-11-03 14:24:38,0
1,113.904549,22.55645,2016-11-03 14:24:43,0
0,114.089203,22.543318,2016-11-03 14:24:46,1
2,113.885452,22.554533,2016-11-03 14:24:49,0
4,114.120453,22.557867,2016-11-03 14:24:53,0
3,114.110229,22.542368,2016-11-03 14:24:54,1
1,113.905602,22.554951000000003,2016-11-03 14:24:58,0
0,114.08856999999999,22.543301,2016-11-03 14:25:01,1
2,113.88636799999999,22.553832999999997,2016-11-03 14:25:04,0
1,113.90608200000001,22.554268,2016-11-03 14:25:06,0
4,114.12121599999999,22.5571,2016-11-03 14:25:08,0
2,113.8871,22.553082999999997,2016-11-03 14:25:12,0
3,114.10971799999999,22.5417,2016-11-03 14:25:14,1
0,114.08856999999999,22.543301,2016-11-03 14:25:16,1
1,113.90715,22.552683,2016-11-03 14:25:21,0
4,114.120499,22.556618,2016-11-03 14:25:23,0
2,113.88788600000001,22.552418,2016-11-03 14:25:27,0
0,114.08856999999999,22.543301,2016-11-03 14:25:31,1
3,114.108147,22.541651,2016-11-03 14:25:34,1
4,114.120415,22.556283999999998,2016-11-03 14:25:38,0
1,113.90858500000002,22.55035,2016-11-03 14:25:36,0
2,113.88784799999999,22.552483,2016-11-03 14:25:42,0
0,114.08856999999999,22.543301,2016-11-03 14:25:46,1
4,114.12088,22.556967,2016-11-03 14:25:53,0
3,114.108253,22.542467000000002,2016-11-03 14:25:54,1
2,113.88881699999999,22.552999,2016-11-03 14:25:57,0
0,114.08856999999999,22.543301,2016-11-03 14:26:01,1
1,113.909081,22.54915,2016-11-03 14:25:44,0
1,113.90937,22.547916,2016-11-03 14:25:53,0
1,113.909401,22.547649,2016-11-03 14:25:55,0
1,113.90956899999999,22.546083,2016-11-03 14:26:07,0
4,114.121765,22.557249,2016-11-03 14:26:08,0
2,113.890198,22.554268,2016-11-03 14:26:12,0
3,114.108253,22.542517,2016-11-03 14:26:14,1
0,114.088448,22.543332999999997,2016-11-03 14:26:16,1
1,113.909683,22.545168,2016-11-03 14:26:22,0
4,114.12246699999999,22.557467000000003,2016-11-03 14:26:23,0
2,113.89171599999999,22.555567,2016-11-03 14:26:27,0
0,114.087349,22.543233999999998,2016-11-03 14:26:31,1
3,114.108398,22.543516,2016-11-03 14:26:34,1
2,113.892448,22.555901000000002,2016-11-03 14:26:35,0
1,113.91001899999999,22.544483,2016-11-03 14:26:37,0
4,114.122803,22.557684,2016-11-03 14:26:38,0
0,114.08558700000002,22.5432,2016-11-03 14:26:46,1
2,113.89333300000001,22.554832,2016-11-03 14:26:50,0
1,113.91100300000001,22.5445,2016-11-03 14:26:52,0
4,114.123535,22.557949,2016-11-03 14:26:53,0
3,114.108398,22.543516,2016-11-03 14:26:54,1
1,113.91141499999999,22.544382000000002,2016-11-03 14:27:00,0
0,114.083946,22.543167,2016-11-03 14:27:01,1
2,113.89415,22.5541,2016-11-03 14:27:05,0
4,114.124481,22.558634,2016-11-03 14:27:08,0
3,114.108398,22.543516,2016-11-03 14:27:14,1
1,113.911751,22.544367,2016-11-03 14:27:15,0
0,114.081703,22.543167,2016-11-03 14:27:16,1
2,113.89415,22.5541,2016-11-03 14:27:20,0
4,114.125099,22.558982999999998,2016-11-03 14:27:23,0
1,113.91291799999999,22.544117,2016-11-03 14:27:31,1
0,114.080299,22.543132999999997,2016-11-03 14:27:31,1
3,114.108398,22.543516,2016-11-03 14:27:34,1
2,113.89415,22.5541,2016-11-03 14:27:35,0
4,114.125099,22.558982999999998,2016-11-03 14:27:38,0
1,113.914864,22.543484,2016-11-03 14:27:45,1
2,113.89409599999999,22.554068,2016-11-03 14:27:50,0
0,114.07941399999999,22.543067999999998,2016-11-03 14:27:46,1
4,114.125099,22.558982999999998,2016-11-03 14:27:53,0
1,113.915314,22.543367,2016-11-03 14:27:54,1
3,114.108398,22.543516,2016-11-03 14:27:54,1
1,113.915314,22.543367,2016-11-03 14:27:55,1
0,114.07846799999999,22.543067999999998,2016-11-03 14:28:01,1
2,113.894348,22.553883,2016-11-03 14:28:05,0
4,114.125099,22.558982999999998,2016-11-03 14:28:08,0
3,114.10778,22.544082999999997,2016-11-03 14:28:14,1
0,114.076981,22.542999,2016-11-03 14:28:16,1
2,113.895699,22.55485,2016-11-03 14:28:20,0
4,114.125099,22.558982999999998,2016-11-03 14:28:23,0
0,114.076431,22.543233999999998,2016-11-03 14:28:30,1
3,114.107849,22.542116,2016-11-03 14:28:34,1
2,113.897697,22.556368,2016-11-03 14:28:35,0
4,114.125099,22.558982999999998,2016-11-03 14:28:38,0
1,113.915314,22.543367,2016-11-03 14:28:09,1
1,113.915314,22.543367,2016-11-03 14:28:18,1
1,113.91529799999999,22.543367,2016-11-03 14:28:24,1
1,113.91529799999999,22.543367,2016-11-03 14:28:32,1
1,113.915314,22.543367,2016-11-03 14:28:33,1
1,113.915314,22.543367,2016-11-03 14:28:40,1
0,114.076431,22.543233999999998,2016-11-03 14:28:46,1
1,113.915314,22.543367,2016-11-03 14:28:48,1
2,113.898537,22.55645,2016-11-03 14:28:50,0
4,114.126717,22.559932999999997,2016-11-03 14:28:53,0
3,114.107468,22.541767,2016-11-03 14:28:54,1
0,114.07663000000001,22.543132999999997,2016-11-03 14:29:00,1
1,113.916,22.543283,2016-11-03 14:29:03,1
2,113.899399,22.553432,2016-11-03 14:29:05,0
4,114.128235,22.560817999999998,2016-11-03 14:29:08,0
3,114.106567,22.541651,2016-11-03 14:29:14,1
0,114.075584,22.543067999999998,2016-11-03 14:29:16,1
1,113.91803,22.5431,2016-11-03 14:29:18,1
2,113.90108500000001,22.554251,2016-11-03 14:29:20,0
4,114.130081,22.561501,2016-11-03 14:29:23,0
1,113.918701,22.543051000000002,2016-11-03 14:29:26,1
0,114.073753,22.543016,2016-11-03 14:29:31,1
2,113.90100100000001,22.554083,2016-11-03 14:29:35,0
4,114.131332,22.561899,2016-11-03 14:29:38,0
1,113.9188,22.543051000000002,2016-11-03 14:29:41,1
3,114.10663600000001,22.539917000000003,2016-11-03 14:29:34,1
0,114.071198,22.543067999999998,2016-11-03 14:29:46,1
2,113.901016,22.554182,2016-11-03 14:29:50,0
4,114.13238500000001,22.561317000000003,2016-11-03 14:29:53,0
3,114.10498,22.5385,2016-11-03 14:29:54,1
1,113.91883100000001,22.543051000000002,2016-11-03 14:29:56,1
0,114.06897,22.543016,2016-11-03 14:30:01,1
2,113.90100100000001,22.554216,2016-11-03 14:30:05,0
4,114.13363600000001,22.559982,2016-11-03 14:30:08,0
1,113.918869,22.543067999999998,2016-11-03 14:30:11,1
3,114.102516,22.53845,2016-11-03 14:30:15,1
0,114.066032,22.54295,2016-11-03 14:30:16,1
2,113.90100100000001,22.554199,2016-11-03 14:30:20,0
4,114.13476599999998,22.55875,2016-11-03 14:30:23,0
1,113.9189,22.543067999999998,2016-11-03 14:30:26,1
0,114.06336999999999,22.542832999999998,2016-11-03 14:30:31,1
1,113.91923500000001,22.543083,2016-11-03 14:30:34,1
3,114.10075400000001,22.538383,2016-11-03 14:30:35,1
2,113.90100100000001,22.554182,2016-11-03 14:30:35,0
4,114.135033,22.558451,2016-11-03 14:30:38,0
0,114.06048600000001,22.542784,2016-11-03 14:30:46,1
1,113.92098200000001,22.543083,2016-11-03 14:30:49,1
2,113.90097,22.554234,2016-11-03 14:30:50,0
4,114.136147,22.557301000000002,2016-11-03 14:30:53,0
3,114.09888500000001,22.538349,2016-11-03 14:30:55,1
2,113.901169,22.554167,2016-11-03 14:31:05,0
1,113.92326399999999,22.54295,2016-11-03 14:31:04,1
4,114.13668100000001,22.556784,2016-11-03 14:31:08,0
0,114.058121,22.542683,2016-11-03 14:31:01,1
1,113.92446899999999,22.542883,2016-11-03 14:31:12,1
3,114.09661899999999,22.538267,2016-11-03 14:31:15,1
0,114.05545,22.543118,2016-11-03 14:31:16,1
2,113.90168,22.553818,2016-11-03 14:31:19,0
4,114.13765,22.556168,2016-11-03 14:31:23,0
0,114.053032,22.542999,2016-11-03 14:31:31,1
3,114.09403200000001,22.538232999999998,2016-11-03 14:31:35,1
2,113.901665,22.553984,2016-11-03 14:31:33,0
4,114.13913000000001,22.555901000000002,2016-11-03 14:31:38,0
0,114.05153700000001,22.542832999999998,2016-11-03 14:31:46,1
4,114.140717,22.555767000000003,2016-11-03 14:31:53,0
3,114.09082,22.538183,2016-11-03 14:31:55,1
0,114.0513,22.543982999999997,2016-11-03 14:32:01,1
2,113.901665,22.554068,2016-11-03 14:31:59,0
2,113.901665,22.554068,2016-11-03 14:32:05,0
4,114.14183,22.555668,2016-11-03 14:32:08,0
1,113.925797,22.542049,2016-11-03 14:31:27,1
1,113.92662,22.541367,2016-11-03 14:31:36,1
1,113.926933,22.540667000000003,2016-11-03 14:31:42,1
1,113.927002,22.539583,2016-11-03 14:31:50,1
1,113.927002,22.539301000000002,2016-11-03 14:31:51,1
1,113.927071,22.538432999999998,2016-11-03 14:31:58,1
1,113.927116,22.537268,2016-11-03 14:32:06,1
1,113.927116,22.536949,2016-11-03 14:32:07,1
0,114.05118600000002,22.545151,2016-11-03 14:32:16,1
3,114.08746299999999,22.537617,2016-11-03 14:32:15,1
1,113.92675,22.534901,2016-11-03 14:32:21,1
2,113.902252,22.55405,2016-11-03 14:32:21,0
0,114.05113200000001,22.546568,2016-11-03 14:32:31,1
4,114.143234,22.5555,2016-11-03 14:32:23,0
1,113.92586499999999,22.533182,2016-11-03 14:32:36,1
2,113.903168,22.554648999999998,2016-11-03 14:32:36,0
4,114.14533200000001,22.555283,2016-11-03 14:32:38,0
0,114.050652,22.547449,2016-11-03 14:32:46,0
1,113.92453,22.530967999999998,2016-11-03 14:32:51,1
2,113.90422099999999,22.555616,2016-11-03 14:32:51,0
4,114.1474,22.555532,2016-11-03 14:32:53,0
0,114.05066699999999,22.547434,2016-11-03 14:33:01,0
1,113.92427099999999,22.529449,2016-11-03 14:33:06,1
4,114.149483,22.555982999999998,2016-11-03 14:33:08,0
2,113.904549,22.555933,2016-11-03 14:33:06,0
1,113.924301,22.52895,2016-11-03 14:33:14,1
2,113.904633,22.555918,2016-11-03 14:33:14,0
0,114.050751,22.547251,2016-11-03 14:33:16,0
4,114.15158100000001,22.556517000000003,2016-11-03 14:33:23,0
1,113.92420200000001,22.527918,2016-11-03 14:33:29,1
0,114.050247,22.5473,2016-11-03 14:33:31,0
4,114.15351899999999,22.557867,2016-11-03 14:33:38,0
2,113.9048,22.555817,2016-11-03 14:33:37,0
2,113.9048,22.555817,2016-11-03 14:33:38,0
1,113.923599,22.526699,2016-11-03 14:33:44,1
2,113.904831,22.555866,2016-11-03 14:33:45,0
0,114.048203,22.547199,2016-11-03 14:33:46,0
4,114.155548,22.559517,2016-11-03 14:33:53,0
1,113.92431599999999,22.525682,2016-11-03 14:33:59,1
0,114.047684,22.54715,2016-11-03 14:34:00,0
2,113.905014,22.555634,2016-11-03 14:34:00,0
4,114.1577,22.56105,2016-11-03 14:34:08,0
2,113.905266,22.555218,2016-11-03 14:34:08,0
1,113.92511699999999,22.525534,2016-11-03 14:34:14,1
3,114.080803,22.537132,2016-11-03 14:32:58,1
3,114.07891799999999,22.535168,2016-11-03 14:33:18,1
3,114.077316,22.532417000000002,2016-11-03 14:33:38,1
3,114.07521799999999,22.532034,2016-11-03 14:33:58,1
3,114.073219,22.532017,2016-11-03 14:34:16,1
0,114.047684,22.545601,2016-11-03 14:34:16,0
4,114.159966,22.562017,2016-11-03 14:34:23,0
2,113.905685,22.554482999999998,2016-11-03 14:34:23,0
1,113.926369,22.525517,2016-11-03 14:34:29,1
0,114.04746999999999,22.545382999999998,2016-11-03 14:34:31,0
4,114.16198,22.562468,2016-11-03 14:34:38,0
2,113.905731,22.554399,2016-11-03 14:34:37,0
1,113.9282,22.525101,2016-11-03 14:34:44,1
0,114.04746999999999,22.545382999999998,2016-11-03 14:34:46,0
4,114.16387900000001,22.562517,2016-11-03 14:34:53,0
2,113.90570100000001,22.554399,2016-11-03 14:34:53,0
1,113.930901,22.524932999999997,2016-11-03 14:34:59,1
0,114.047432,22.545683,2016-11-03 14:35:01,0
1,113.932533,22.524932999999997,2016-11-03 14:35:07,1
4,114.16563400000001,22.562483,2016-11-03 14:35:08,0
2,113.905716,22.554367000000003,2016-11-03 14:35:08,0
0,114.047432,22.545683,2016-11-03 14:35:16,0
1,113.9356,22.5249,2016-11-03 14:35:22,1
2,113.90570100000001,22.55435,2016-11-03 14:35:23,0
4,114.167549,22.562468,2016-11-03 14:35:23,0
0,114.047432,22.545683,2016-11-03 14:35:31,0
1,113.93883500000001,22.524683,2016-11-03 14:35:37,1
2,113.905716,22.554382,2016-11-03 14:35:38,0
4,114.168221,22.5623,2016-11-03 14:35:38,0
0,114.047432,22.545683,2016-11-03 14:35:46,0
1,113.941597,22.524467,2016-11-03 14:35:52,1
2,113.905731,22.554367000000003,2016-11-03 14:35:53,0
4,114.168503,22.5618,2016-11-03 14:35:53,0
0,114.047432,22.545683,2016-11-03 14:36:01,0
1,113.945198,22.524349,2016-11-03 14:36:07,1
2,113.905731,22.554367000000003,2016-11-03 14:36:08,0
4,114.16991399999999,22.561783,2016-11-03 14:36:08,0
0,114.047432,22.545683,2016-11-03 14:36:16,0
1,113.9487,22.524,2016-11-03 14:36:22,1
2,113.905731,22.554317,2016-11-03 14:36:23,0
4,114.17096699999999,22.561951,2016-11-03 14:36:23,0
0,114.047432,22.545683,2016-11-03 14:36:31,0
1,113.95251499999999,22.523483,2016-11-03 14:36:37,1
4,114.17096699999999,22.563084,2016-11-03 14:36:38,0
2,113.905731,22.554333,2016-11-03 14:36:38,0
0,114.047432,22.545683,2016-11-03 14:36:46,0
2,113.905731,22.554317,2016-11-03 14:36:46,0
1,113.95531499999998,22.523167,2016-11-03 14:36:52,1
4,114.17093700000001,22.564934,2016-11-03 14:36:53,0
0,114.047432,22.545683,2016-11-03 14:37:01,0
2,113.906052,22.553917000000002,2016-11-03 14:37:01,0
1,113.958168,22.522818,2016-11-03 14:37:07,1
4,114.170952,22.566433,2016-11-03 14:37:08,0
1,113.95970200000001,22.522682,2016-11-03 14:37:15,1
0,114.047432,22.545683,2016-11-03 14:37:16,0
2,113.906067,22.553818,2016-11-03 14:37:16,0
4,114.171249,22.5669,2016-11-03 14:37:23,0
1,113.962433,22.522633,2016-11-03 14:37:30,1
0,114.047432,22.545683,2016-11-03 14:37:31,0
2,113.906052,22.55385,2016-11-03 14:37:31,0
4,114.17238600000002,22.566917,2016-11-03 14:37:38,0
1,113.96571399999999,22.522717,2016-11-03 14:37:45,1
0,114.047432,22.545683,2016-11-03 14:37:46,0
2,113.90612,22.553832999999997,2016-11-03 14:37:47,1
4,114.17316399999999,22.566967,2016-11-03 14:37:53,0
1,113.968452,22.522734,2016-11-03 14:38:00,1
0,114.047432,22.545683,2016-11-03 14:38:01,0
4,114.173149,22.567017,2016-11-03 14:38:08,0
2,113.90679899999999,22.552917,2016-11-03 14:38:10,1
2,113.90688300000001,22.552782,2016-11-03 14:38:11,1
1,113.97143600000001,22.522751,2016-11-03 14:38:15,1
0,114.047432,22.545683,2016-11-03 14:38:16,0
4,114.172432,22.566967,2016-11-03 14:38:23,0
2,113.907234,22.551701,2016-11-03 14:38:25,1
1,113.97413600000002,22.5228,2016-11-03 14:38:30,1
0,114.047432,22.545683,2016-11-03 14:38:31,0
4,114.171448,22.56695,2016-11-03 14:38:38,0
2,113.90818,22.55015,2016-11-03 14:38:40,1
1,113.977333,22.522818,2016-11-03 14:38:45,1
0,114.047432,22.545401000000002,2016-11-03 14:38:46,0
4,114.170868,22.567118,2016-11-03 14:38:53,0
2,113.909782,22.5511,2016-11-03 14:38:55,1
1,113.98013300000001,22.52285,2016-11-03 14:39:00,1
0,114.04636399999998,22.545317,2016-11-03 14:39:01,0
2,113.909798,22.5513,2016-11-03 14:39:02,1
3,114.068184,22.539667,2016-11-03 14:35:48,1
3,114.06858100000001,22.541218,2016-11-03 14:36:01,1
3,114.068947,22.543633,2016-11-03 14:36:23,1
3,114.068069,22.545782,2016-11-03 14:36:43,1
3,114.0681,22.546083,2016-11-03 14:37:03,1
3,114.0681,22.546083,2016-11-03 14:37:23,1
3,114.0681,22.546083,2016-11-03 14:37:43,1
3,114.0681,22.546932,2016-11-03 14:38:03,1
3,114.0681,22.548182999999998,2016-11-03 14:38:23,1
3,114.068069,22.549282,2016-11-03 14:38:47,1
3,114.06804699999999,22.549882999999998,2016-11-03 14:39:07,1
1,113.98166699999999,22.522932,2016-11-03 14:39:08,1
4,114.17025,22.568233,2016-11-03 14:39:08,0
0,114.04512,22.545267000000003,2016-11-03 14:39:16,0
2,113.90995,22.551701,2016-11-03 14:39:17,1
1,113.98453500000001,22.523332999999997,2016-11-03 14:39:23,1
4,114.16954799999999,22.56955,2016-11-03 14:39:23,0
0,114.044518,22.5459,2016-11-03 14:39:31,0
2,113.910271,22.551983,2016-11-03 14:39:32,1
4,114.168884,22.57065,2016-11-03 14:39:38,0
1,113.98687,22.523916,2016-11-03 14:39:38,1
0,114.044449,22.54775,2016-11-03 14:39:46,0
1,113.98822,22.524349,2016-11-03 14:39:46,1
4,114.168282,22.57185,2016-11-03 14:39:53,0
1,113.990852,22.525467000000003,2016-11-03 14:40:01,1
0,114.044449,22.5494,2016-11-03 14:40:01,0
4,114.16736599999999,22.571817000000003,2016-11-03 14:40:08,0
1,113.99299599999999,22.526649,2016-11-03 14:40:16,1
0,114.044868,22.550532999999998,2016-11-03 14:40:16,0
4,114.16578700000001,22.57135,2016-11-03 14:40:23,0
1,113.99543,22.528151,2016-11-03 14:40:31,1
0,114.046547,22.550767999999998,2016-11-03 14:40:31,0
2,113.910629,22.55225,2016-11-03 14:39:47,1
2,113.910881,22.552298999999998,2016-11-03 14:39:56,1
2,113.91096499999999,22.552334,2016-11-03 14:39:57,1
2,113.91123200000001,22.552483,2016-11-03 14:40:04,1
2,113.91145300000001,22.55265,2016-11-03 14:40:12,1
2,113.91149899999999,22.55265,2016-11-03 14:40:13,1
2,113.91185,22.552868,2016-11-03 14:40:27,1
2,113.911919,22.5529,2016-11-03 14:40:35,1
4,114.165466,22.570332999999998,2016-11-03 14:40:38,0
3,114.06804699999999,22.549917,2016-11-03 14:39:29,1
3,114.06804699999999,22.549917,2016-11-03 14:39:41,1
3,114.06804699999999,22.549917,2016-11-03 14:40:03,1
3,114.06804699999999,22.549917,2016-11-03 14:40:10,1
3,114.06804699999999,22.549917,2016-11-03 14:40:33,1
3,114.06804699999999,22.549917,2016-11-03 14:40:39,1
0,114.04908,22.550949,2016-11-03 14:40:46,0
1,113.997818,22.529367,2016-11-03 14:40:46,1
2,113.91221599999999,22.55295,2016-11-03 14:40:50,1
4,114.165466,22.569151,2016-11-03 14:40:53,0
1,113.999229,22.529783,2016-11-03 14:40:54,1
0,114.05066699999999,22.551001,2016-11-03 14:41:01,0
2,113.91251399999999,22.553217,2016-11-03 14:41:05,1
4,114.165535,22.567883,2016-11-03 14:41:08,0
1,114.00261699999999,22.530117,2016-11-03 14:41:09,1
2,113.912849,22.553467,2016-11-03 14:41:20,1
1,114.005867,22.529783,2016-11-03 14:41:24,1
4,114.165497,22.566917,2016-11-03 14:41:23,0
0,114.05098000000001,22.550516000000002,2016-11-03 14:41:16,0
0,114.051048,22.54965,2016-11-03 14:41:31,0
2,113.91323100000001,22.553632999999998,2016-11-03 14:41:35,1
4,114.165497,22.566917,2016-11-03 14:41:38,0
1,114.009468,22.529716,2016-11-03 14:41:39,1
0,114.05198700000001,22.549367999999998,2016-11-03 14:41:46,0
4,114.16516899999999,22.566784,2016-11-03 14:41:46,1
1,114.011086,22.53005,2016-11-03 14:41:47,1
2,113.91362,22.553967,2016-11-03 14:41:50,1
0,114.053253,22.549316,2016-11-03 14:42:01,0
1,114.013733,22.530666,2016-11-03 14:42:02,1
4,114.16439799999999,22.566584,2016-11-03 14:42:01,1
2,113.91421499999998,22.554317,2016-11-03 14:42:05,1
2,113.91441299999998,22.554399,2016-11-03 14:42:12,1
4,114.164368,22.565416,2016-11-03 14:42:16,1
0,114.054497,22.549351,2016-11-03 14:42:16,0
1,114.0168,22.531384,2016-11-03 14:42:17,1
2,113.915733,22.554867,2016-11-03 14:42:27,1
0,114.055679,22.5494,2016-11-03 14:42:31,0
4,114.162903,22.56535,2016-11-03 14:42:31,1
1,114.01936299999998,22.53195,2016-11-03 14:42:32,1
2,113.918053,22.55555,2016-11-03 14:42:42,1
0,114.05733500000001,22.549432999999997,2016-11-03 14:42:46,0
1,114.022247,22.532049,2016-11-03 14:42:47,1
2,113.919266,22.555401,2016-11-03 14:42:51,1
4,114.16141499999999,22.56525,2016-11-03 14:42:46,1
3,114.06804699999999,22.549917,2016-11-03 14:41:02,1
3,114.06804699999999,22.549917,2016-11-03 14:41:12,1
3,114.06801599999999,22.55105,2016-11-03 14:41:35,1
3,114.067986,22.551849,2016-11-03 14:41:47,1
3,114.06793200000001,22.553967,2016-11-03 14:42:10,1
3,114.067917,22.554832,2016-11-03 14:42:20,1
3,114.067917,22.555349,2016-11-03 14:42:43,1
3,114.067902,22.555967000000003,2016-11-03 14:42:51,1
4,114.161369,22.564684,2016-11-03 14:43:01,1
2,113.920601,22.55525,2016-11-03 14:43:06,1
4,114.161369,22.564684,2016-11-03 14:43:16,1
2,113.92168400000001,22.555201,2016-11-03 14:43:14,1
1,114.02646599999999,22.531116,2016-11-03 14:43:10,1
1,114.026886,22.531,2016-11-03 14:43:11,1
1,114.028084,22.530718,2016-11-03 14:43:18,1
1,114.02961699999999,22.530399,2016-11-03 14:43:26,1
0,114.057617,22.54945,2016-11-03 14:43:16,0
2,113.924301,22.555067,2016-11-03 14:43:29,1
4,114.161369,22.564684,2016-11-03 14:43:31,1
1,114.03218100000001,22.530148999999998,2016-11-03 14:43:41,1
2,113.926048,22.554968,2016-11-03 14:43:44,1
4,114.161369,22.564016,2016-11-03 14:43:46,1
2,113.92683400000001,22.555032999999998,2016-11-03 14:43:52,1
4,114.1614,22.562967,2016-11-03 14:44:01,1
2,113.92923,22.555017000000003,2016-11-03 14:44:07,1
4,114.16006499999999,22.562433,2016-11-03 14:44:16,1
2,113.931198,22.555,2016-11-03 14:44:22,1
3,114.067917,22.557068,2016-11-03 14:43:14,1
3,114.067947,22.557217,2016-11-03 14:43:23,1
3,114.06793200000001,22.557318,2016-11-03 14:43:46,1
3,114.06793200000001,22.557318,2016-11-03 14:43:55,1
3,114.06793200000001,22.557318,2016-11-03 14:44:18,1
3,114.06793200000001,22.557318,2016-11-03 14:44:27,1
0,114.059853,22.549549,2016-11-03 14:44:30,0
4,114.157997,22.561398999999998,2016-11-03 14:44:31,1
0,114.059853,22.549549,2016-11-03 14:44:31,0
2,113.93235,22.555117000000003,2016-11-03 14:44:37,1
1,114.035797,22.53035,2016-11-03 14:44:04,1
1,114.036064,22.530367000000002,2016-11-03 14:44:05,1
1,114.036919,22.530451,2016-11-03 14:44:12,1
1,114.03776599999999,22.530518,2016-11-03 14:44:20,1
1,114.038002,22.53055,2016-11-03 14:44:21,1
1,114.039948,22.530783,2016-11-03 14:44:35,1
1,114.041031,22.530916,2016-11-03 14:44:43,1
0,114.060699,22.549482,2016-11-03 14:44:43,0
4,114.15601299999999,22.559982,2016-11-03 14:44:46,1
1,114.04229699999999,22.53105,2016-11-03 14:44:58,1
0,114.062317,22.549432999999997,2016-11-03 14:44:58,0
4,114.154366,22.558649,2016-11-03 14:45:01,1
2,113.933968,22.555166,2016-11-03 14:44:52,1
2,113.935135,22.555082000000002,2016-11-03 14:45:00,1
2,113.935318,22.555032999999998,2016-11-03 14:45:01,1
2,113.936035,22.555134,2016-11-03 14:45:08,1
1,114.04368600000001,22.531151,2016-11-03 14:45:13,1
0,114.06266799999999,22.54855,2016-11-03 14:45:13,0
4,114.152367,22.557068,2016-11-03 14:45:16,1
2,113.93863700000001,22.555317000000002,2016-11-03 14:45:23,1
1,114.044899,22.531067,2016-11-03 14:45:28,1
0,114.06273700000001,22.547916,2016-11-03 14:45:28,0
4,114.15003200000001,22.556168,2016-11-03 14:45:31,1
2,113.941521,22.555149,2016-11-03 14:45:38,1
1,114.045883,22.530867,2016-11-03 14:45:43,1
4,114.14773600000001,22.5557,2016-11-03 14:45:46,1
2,113.94428300000001,22.554934,2016-11-03 14:45:53,1
0,114.06273700000001,22.547916,2016-11-03 14:45:43,0
0,114.06273700000001,22.547916,2016-11-03 14:45:58,0
1,114.044853,22.5308,2016-11-03 14:45:58,1
4,114.145103,22.555432999999997,2016-11-03 14:46:01,1
3,114.06793200000001,22.557318,2016-11-03 14:44:50,1
3,114.067902,22.5581,2016-11-03 14:44:59,1
3,114.06781799999999,22.559982,2016-11-03 14:45:22,1
3,114.067802,22.560984,2016-11-03 14:45:31,1
3,114.06774899999999,22.563667000000002,2016-11-03 14:45:53,1
3,114.067734,22.564751,2016-11-03 14:46:03,1
1,114.04476899999999,22.5315,2016-11-03 14:46:06,1
2,113.946404,22.555283,2016-11-03 14:46:08,1
4,114.14211999999999,22.5557,2016-11-03 14:46:16,1
1,114.04467,22.533167000000002,2016-11-03 14:46:21,1
2,113.94828000000001,22.555767000000003,2016-11-03 14:46:23,1
0,114.06273700000001,22.547916,2016-11-03 14:46:13,0
0,114.063065,22.547501,2016-11-03 14:46:28,0
4,114.139297,22.555982999999998,2016-11-03 14:46:31,1
1,114.04454799999999,22.535366,2016-11-03 14:46:36,1
2,113.949867,22.556,2016-11-03 14:46:38,1
4,114.136902,22.5567,2016-11-03 14:46:46,1
1,114.04456299999998,22.538033,2016-11-03 14:46:51,1
2,113.952385,22.556232,2016-11-03 14:46:53,1
0,114.06562,22.547649,2016-11-03 14:46:58,0
2,113.95391799999999,22.556267000000002,2016-11-03 14:47:01,1
4,114.136017,22.557734,2016-11-03 14:47:01,1
4,114.136017,22.557734,2016-11-03 14:47:02,0
3,114.067719,22.566116,2016-11-03 14:46:26,1
3,114.067719,22.566482999999998,2016-11-03 14:46:34,1
3,114.067719,22.566851,2016-11-03 14:46:56,1
3,114.067719,22.566851,2016-11-03 14:47:03,1
1,114.044518,22.540501000000003,2016-11-03 14:47:06,1
0,114.06698600000001,22.547583,2016-11-03 14:47:13,0
1,114.044518,22.541833999999998,2016-11-03 14:47:14,1
4,114.136017,22.557734,2016-11-03 14:47:17,0
2,113.95641299999998,22.556417,2016-11-03 14:47:16,1
2,113.957733,22.55645,2016-11-03 14:47:24,1
0,114.06786299999999,22.546882999999998,2016-11-03 14:47:28,0
4,114.136017,22.557734,2016-11-03 14:47:32,0
1,114.044449,22.544701,2016-11-03 14:47:29,1
3,114.067719,22.567301,2016-11-03 14:47:26,1
3,114.067734,22.567567999999998,2016-11-03 14:47:33,1
2,113.96003,22.556583,2016-11-03 14:47:39,1
0,114.0681,22.545067,2016-11-03 14:47:43,0
4,114.135551,22.5581,2016-11-03 14:47:47,0
2,113.96106699999999,22.556732,2016-11-03 14:47:47,1
1,114.044334,22.54895,2016-11-03 14:47:53,1
1,114.044334,22.549282,2016-11-03 14:47:59,1
0,114.068871,22.542717,2016-11-03 14:47:58,0
3,114.067734,22.568518,2016-11-03 14:47:56,1
3,114.067734,22.568716000000002,2016-11-03 14:48:02,1
4,114.135551,22.5581,2016-11-03 14:48:02,0
2,113.962814,22.555834,2016-11-03 14:48:02,1
2,113.962402,22.555432999999997,2016-11-03 14:48:10,1
1,114.044334,22.549267,2016-11-03 14:48:14,1
0,114.06804699999999,22.542382999999997,2016-11-03 14:48:13,0
4,114.135551,22.5581,2016-11-03 14:48:17,0
3,114.067719,22.569232999999997,2016-11-03 14:48:23,1
2,113.96203600000001,22.557632,2016-11-03 14:48:25,1
0,114.069969,22.542784,2016-11-03 14:48:28,0
1,114.04436499999998,22.549267,2016-11-03 14:48:29,1
4,114.135551,22.5581,2016-11-03 14:48:32,0
3,114.06766499999999,22.569851,2016-11-03 14:48:43,1
1,114.044418,22.549534,2016-11-03 14:48:44,1
0,114.072151,22.54285,2016-11-03 14:48:43,0
2,113.962952,22.559798999999998,2016-11-03 14:48:49,1
4,114.13535300000001,22.5583,2016-11-03 14:48:47,0
2,113.96383700000001,22.559967,2016-11-03 14:48:55,1
1,114.04461699999999,22.550383,2016-11-03 14:48:59,1
0,114.07343300000001,22.542917000000003,2016-11-03 14:48:58,0
4,114.135551,22.557966,2016-11-03 14:49:02,0
3,114.06756599999999,22.5707,2016-11-03 14:49:03,1
2,113.965446,22.559584,2016-11-03 14:49:10,1
1,114.046501,22.550751,2016-11-03 14:49:14,1
0,114.07348600000002,22.542883,2016-11-03 14:49:13,0
4,114.136719,22.556767,2016-11-03 14:49:17,0
3,114.067535,22.572533,2016-11-03 14:49:23,1
2,113.96633100000001,22.559668,2016-11-03 14:49:25,1
1,114.04953,22.551033,2016-11-03 14:49:29,1
0,114.07356999999999,22.542868,2016-11-03 14:49:29,1
4,114.13855,22.555967000000003,2016-11-03 14:49:32,0
2,113.96633100000001,22.559668,2016-11-03 14:49:33,1
3,114.06698600000001,22.574917000000003,2016-11-03 14:49:43,1
0,114.07448600000001,22.542816000000002,2016-11-03 14:49:44,1
4,114.14076999999999,22.55575,2016-11-03 14:49:47,0
2,113.96682,22.561234,2016-11-03 14:49:48,1
1,114.05100300000001,22.5509,2016-11-03 14:49:52,0
1,114.05100300000001,22.55085,2016-11-03 14:49:54,0
4,114.143204,22.555432999999997,2016-11-03 14:50:02,0
2,113.96698,22.562383999999998,2016-11-03 14:50:03,1
0,114.07458500000001,22.542282,2016-11-03 14:49:59,1
3,114.06517,22.576982,2016-11-03 14:50:03,1
1,114.050964,22.550501,2016-11-03 14:50:09,0
0,114.07465400000001,22.542032,2016-11-03 14:50:14,1
1,114.050949,22.550449,2016-11-03 14:50:15,0
4,114.14520300000001,22.555201,2016-11-03 14:50:17,0
2,113.967033,22.562401,2016-11-03 14:50:18,1
3,114.06241599999998,22.578167,2016-11-03 14:50:23,1
2,113.967064,22.562866,2016-11-03 14:50:27,1
1,114.050964,22.550333,2016-11-03 14:50:30,0
0,114.075333,22.541883,2016-11-03 14:50:29,1
4,114.145531,22.555166,2016-11-03 14:50:32,0
2,113.967148,22.5632,2016-11-03 14:50:33,1
3,114.05976899999999,22.579033,2016-11-03 14:50:43,1
1,114.050949,22.549667000000003,2016-11-03 14:50:45,0
4,114.145531,22.555166,2016-11-03 14:50:47,0
1,114.050949,22.549534,2016-11-03 14:50:53,0
4,114.145531,22.555166,2016-11-03 14:51:02,0
3,114.058701,22.581066,2016-11-03 14:51:03,1
1,114.05143000000001,22.549367999999998,2016-11-03 14:51:08,0
4,114.145531,22.555166,2016-11-03 14:51:17,0
3,114.058701,22.581066,2016-11-03 14:51:23,1
1,114.05241399999998,22.549351,2016-11-03 14:51:23,0
2,113.96835300000001,22.564567999999998,2016-11-03 14:50:56,1
2,113.9683,22.565082999999998,2016-11-03 14:50:57,1
2,113.968781,22.565216,2016-11-03 14:51:04,1
2,113.96948200000001,22.565732999999998,2016-11-03 14:51:12,1
2,113.969597,22.565832,2016-11-03 14:51:13,1
2,113.97008500000001,22.566668,2016-11-03 14:51:27,1
4,114.145531,22.555166,2016-11-03 14:51:32,0
1,114.05306999999999,22.549432999999997,2016-11-03 14:51:39,1
2,113.971352,22.56605,2016-11-03 14:51:42,1
3,114.058701,22.581066,2016-11-03 14:51:43,1
4,114.145531,22.555166,2016-11-03 14:51:47,0
1,114.054581,22.549534,2016-11-03 14:51:54,1
2,113.97178600000001,22.565651000000003,2016-11-03 14:51:57,1
4,114.145531,22.555166,2016-11-03 14:52:02,0
3,114.058701,22.581066,2016-11-03 14:52:03,1
0,114.07346299999999,22.539182999999998,2016-11-03 14:52:03,1
0,114.07328000000001,22.539118,2016-11-03 14:52:05,1
1,114.05558,22.549482,2016-11-03 14:52:09,1
2,113.97268700000001,22.565268,2016-11-03 14:52:11,1
0,114.07291399999998,22.539118,2016-11-03 14:52:15,1
4,114.145531,22.555166,2016-11-03 14:52:17,0
3,114.058701,22.581066,2016-11-03 14:52:23,1
1,114.055603,22.549467,2016-11-03 14:52:24,1
2,113.97471599999999,22.564182000000002,2016-11-03 14:52:27,1
0,114.07188400000001,22.538816,2016-11-03 14:52:30,1
4,114.145531,22.555166,2016-11-03 14:52:32,0
2,113.975769,22.563551,2016-11-03 14:52:35,1
1,114.055801,22.549467,2016-11-03 14:52:39,1
3,114.046799,22.592199,2016-11-03 14:52:43,1
0,114.069832,22.538816,2016-11-03 14:52:45,1
4,114.145531,22.555166,2016-11-03 14:52:47,0
2,113.977066,22.562817000000003,2016-11-03 14:52:50,1
1,114.056931,22.549482,2016-11-03 14:52:54,1
0,114.06856499999999,22.538816,2016-11-03 14:53:00,1
4,114.145531,22.555166,2016-11-03 14:53:02,0
3,114.04493000000001,22.594667,2016-11-03 14:53:03,1
2,113.977997,22.562148999999998,2016-11-03 14:53:05,1
1,114.05729699999999,22.549549,2016-11-03 14:53:09,1
0,114.068253,22.539351,2016-11-03 14:53:15,1
4,114.145531,22.555166,2016-11-03 14:53:17,0
2,113.978035,22.561817,2016-11-03 14:53:20,1
3,114.043098,22.596518,2016-11-03 14:53:23,1
2,113.977852,22.561518,2016-11-03 14:53:28,1
0,114.0681,22.540283,2016-11-03 14:53:30,1
4,114.145531,22.555166,2016-11-03 14:53:32,0
1,114.05731999999999,22.549583,2016-11-03 14:53:32,1
1,114.05733500000001,22.549583,2016-11-03 14:53:33,1
2,113.97748600000001,22.560568,2016-11-03 14:53:43,1
3,114.03973400000001,22.597282,2016-11-03 14:53:43,1
4,114.145531,22.555166,2016-11-03 14:53:47,0
0,114.06763500000001,22.542267000000002,2016-11-03 14:53:45,1
1,114.057899,22.549749,2016-11-03 14:53:47,1
2,113.97738600000001,22.5599,2016-11-03 14:53:58,1
1,114.058121,22.550716,2016-11-03 14:54:02,1
4,114.145531,22.555166,2016-11-03 14:54:02,0
3,114.03841399999999,22.598433,2016-11-03 14:54:03,1
0,114.068031,22.543882,2016-11-03 14:54:00,1
2,113.977364,22.559932999999997,2016-11-03 14:54:13,1
0,114.067581,22.543182,2016-11-03 14:54:15,1
4,114.145531,22.555166,2016-11-03 14:54:17,0
3,114.03841399999999,22.598433,2016-11-03 14:54:23,1
1,114.060181,22.551332000000002,2016-11-03 14:54:25,1
1,114.060181,22.551332000000002,2016-11-03 14:54:26,1
2,113.97761499999999,22.559798999999998,2016-11-03 14:54:28,1
4,114.145531,22.555166,2016-11-03 14:54:32,0
0,114.06538400000001,22.54315,2016-11-03 14:54:30,1
2,113.97798200000001,22.559632999999998,2016-11-03 14:54:36,1
1,114.06143200000001,22.55135,2016-11-03 14:54:40,1
3,114.03841399999999,22.598433,2016-11-03 14:54:43,1
0,114.062767,22.543118,2016-11-03 14:54:45,1
4,114.145531,22.555166,2016-11-03 14:54:47,0
2,113.978668,22.559401,2016-11-03 14:54:51,1
1,114.06158400000001,22.55135,2016-11-03 14:54:55,1
0,114.06057,22.543016,2016-11-03 14:54:59,1
4,114.145531,22.555166,2016-11-03 14:55:02,0
3,114.03748300000001,22.5994,2016-11-03 14:55:03,1
2,113.978935,22.5592,2016-11-03 14:55:06,1
1,114.06158400000001,22.55135,2016-11-03 14:55:10,1
0,114.05763200000001,22.542999,2016-11-03 14:55:15,1
2,113.978668,22.55975,2016-11-03 14:55:21,1
1,114.06158400000001,22.55135,2016-11-03 14:55:25,1
2,113.97861499999999,22.559798999999998,2016-11-03 14:55:29,1
0,114.05497,22.543266,2016-11-03 14:55:30,1
4,114.145531,22.555166,2016-11-03 14:55:17,0
3,114.03528600000001,22.601601000000002,2016-11-03 14:55:23,1
4,114.145531,22.555166,2016-11-03 14:55:32,0
1,114.06161499999999,22.551367000000003,2016-11-03 14:55:40,1
3,114.033401,22.60355,2016-11-03 14:55:43,1
2,113.97863000000001,22.55975,2016-11-03 14:55:44,1
0,114.052116,22.542717,2016-11-03 14:55:45,1
4,114.145981,22.555201,2016-11-03 14:55:47,0
1,114.06195100000001,22.55135,2016-11-03 14:55:48,1
2,113.97888200000001,22.559717000000003,2016-11-03 14:55:59,1
0,114.04946899999999,22.542548999999998,2016-11-03 14:56:00,1
1,114.06258400000002,22.5518,2016-11-03 14:56:03,1
4,114.147552,22.555567,2016-11-03 14:56:02,0
3,114.03112,22.605883,2016-11-03 14:56:03,1
2,113.97905,22.559467,2016-11-03 14:56:14,1
0,114.04791999999999,22.542517,2016-11-03 14:56:15,1
4,114.149651,22.556,2016-11-03 14:56:17,0
1,114.06251499999999,22.553182999999997,2016-11-03 14:56:18,1
3,114.02908300000001,22.608083999999998,2016-11-03 14:56:23,1
1,114.06248500000001,22.5539,2016-11-03 14:56:26,1
2,113.979134,22.559433,2016-11-03 14:56:29,1
0,114.047882,22.542482,2016-11-03 14:56:30,1
4,114.15173300000001,22.556549,2016-11-03 14:56:32,0
1,114.06273700000001,22.555582,2016-11-03 14:56:41,1
3,114.027901,22.609949,2016-11-03 14:56:43,1
2,113.97892,22.559717000000003,2016-11-03 14:56:44,1
0,114.047882,22.542482,2016-11-03 14:56:45,1
4,114.15313,22.557533,2016-11-03 14:56:47,0
2,113.97905,22.559566,2016-11-03 14:56:59,1
0,114.047234,22.542482,2016-11-03 14:57:00,1
4,114.1548,22.558968,2016-11-03 14:57:02,0
3,114.02798500000002,22.61145,2016-11-03 14:57:03,1
2,113.978935,22.559532,2016-11-03 14:57:14,1
0,114.04458600000001,22.542566,2016-11-03 14:57:15,1
4,114.156349,22.560232,2016-11-03 14:57:17,0
3,114.02891499999998,22.61215,2016-11-03 14:57:23,1
1,114.0634,22.557949,2016-11-03 14:57:05,1
2,113.978798,22.5597,2016-11-03 14:57:29,1
1,114.06498,22.558018,2016-11-03 14:57:20,1
1,114.065247,22.558018,2016-11-03 14:57:21,1
4,114.15858500000002,22.561483,2016-11-03 14:57:32,0
0,114.041634,22.542482,2016-11-03 14:57:30,1
1,114.066902,22.558067,2016-11-03 14:57:35,1
3,114.02833600000001,22.612101000000003,2016-11-03 14:57:43,1
2,113.97892,22.559683,2016-11-03 14:57:44,1
0,114.038521,22.542116,2016-11-03 14:57:45,1
4,114.160271,22.562117,2016-11-03 14:57:47,0
1,114.06736799999999,22.5581,2016-11-03 14:57:49,1
2,113.979568,22.559784,2016-11-03 14:57:59,1
0,114.037849,22.542017,2016-11-03 14:58:00,1
4,114.162102,22.562483,2016-11-03 14:58:02,0
3,114.027252,22.613132,2016-11-03 14:58:04,1
1,114.06736799999999,22.558117000000003,2016-11-03 14:58:05,1
2,113.980232,22.560382999999998,2016-11-03 14:58:14,1
0,114.037849,22.542017,2016-11-03 14:58:15,1
4,114.16435200000001,22.562483,2016-11-03 14:58:17,0
3,114.026749,22.613182000000002,2016-11-03 14:58:18,0
1,114.06736799999999,22.558117000000003,2016-11-03 14:58:20,1
2,113.980232,22.560382999999998,2016-11-03 14:58:29,0
0,114.037849,22.542017,2016-11-03 14:58:30,1
4,114.16642,22.56245,2016-11-03 14:58:32,0
3,114.02673300000001,22.613001,2016-11-03 14:58:38,0
1,114.067352,22.558117000000003,2016-11-03 14:58:43,1
1,114.067352,22.558117000000003,2016-11-03 14:58:44,1
2,113.980232,22.560382999999998,2016-11-03 14:58:44,0
0,114.037849,22.542017,2016-11-03 14:58:45,1
4,114.16763300000001,22.562468,2016-11-03 14:58:47,0
3,114.02673300000001,22.613001,2016-11-03 14:58:58,0
1,114.067352,22.5581,2016-11-03 14:58:58,1
2,113.980232,22.560382999999998,2016-11-03 14:58:59,0
0,114.037849,22.542017,2016-11-03 14:58:59,1
4,114.168182,22.562233,2016-11-03 14:59:02,0
1,114.067352,22.558117000000003,2016-11-03 14:59:13,1
2,113.97973600000002,22.559549,2016-11-03 14:59:15,1
0,114.037598,22.541933,2016-11-03 14:59:15,1
3,114.02676399999999,22.61285,2016-11-03 14:59:18,0
4,114.168449,22.561817,2016-11-03 14:59:17,0
2,113.97968300000001,22.559383,2016-11-03 14:59:22,1
1,114.067352,22.5581,2016-11-03 14:59:28,1
0,114.03656799999999,22.541732999999997,2016-11-03 14:59:30,1
4,114.169952,22.561867000000003,2016-11-03 14:59:32,0
1,114.067352,22.5581,2016-11-03 14:59:36,1
3,114.02676399999999,22.61285,2016-11-03 14:59:39,0
2,113.979118,22.558184,2016-11-03 14:59:37,1
0,114.03501899999999,22.541468,2016-11-03 14:59:45,1
2,113.978714,22.557716,2016-11-03 14:59:46,1
4,114.17093700000001,22.562332,2016-11-03 14:59:47,0
1,114.067848,22.55875,2016-11-03 14:59:51,1
3,114.028236,22.612267000000003,2016-11-03 14:59:58,0
0,114.03396599999999,22.541317000000003,2016-11-03 15:00:00,1
2,113.97683,22.557301000000002,2016-11-03 15:00:01,1
4,114.170883,22.563633,2016-11-03 15:00:02,0
1,114.067802,22.560499,2016-11-03 15:00:06,1
0,114.03378300000001,22.541267,2016-11-03 15:00:15,1
2,113.97503700000001,22.556832999999997,2016-11-03 15:00:16,1
4,114.170868,22.564951,2016-11-03 15:00:17,0
3,114.027367,22.6112,2016-11-03 15:00:18,0
1,114.06774899999999,22.562851000000002,2016-11-03 15:00:21,1
0,114.03378300000001,22.541267,2016-11-03 15:00:30,1
2,113.97258000000001,22.557016,2016-11-03 15:00:31,1
4,114.170898,22.566267,2016-11-03 15:00:32,0
1,114.06770300000001,22.565148999999998,2016-11-03 15:00:38,1
3,114.02887,22.612118,2016-11-03 15:00:38,0
0,114.033615,22.541233,2016-11-03 15:00:45,1
2,113.970551,22.557568,2016-11-03 15:00:46,1
1,114.06770300000001,22.566017000000002,2016-11-03 15:00:44,1
4,114.17083000000001,22.567083,2016-11-03 15:00:47,0
4,114.170166,22.568333,2016-11-03 15:01:02,0
3,114.02901499999999,22.612232000000002,2016-11-03 15:00:58,0
3,114.028053,22.611717000000002,2016-11-03 15:01:18,0
3,114.025269,22.610117000000002,2016-11-03 15:01:38,0
1,114.06774899999999,22.567867,2016-11-03 15:01:08,1
1,114.06774899999999,22.567867,2016-11-03 15:01:14,1
0,114.030998,22.540768,2016-11-03 15:01:15,1
2,113.965034,22.557966,2016-11-03 15:01:24,1
4,114.16566499999999,22.571282999999998,2016-11-03 15:02:17,0
0,114.030083,22.5406,2016-11-03 15:01:30,1
1,114.067734,22.568466,2016-11-03 15:01:44,1
4,114.165421,22.570168,2016-11-03 15:02:32,0
2,113.96158600000001,22.557016,2016-11-03 15:01:54,1
4,114.165497,22.568817000000003,2016-11-03 15:02:47,0
1,114.067734,22.569599,2016-11-03 15:02:13,1
0,114.02451299999998,22.5396,2016-11-03 15:02:15,1
3,114.022217,22.609234,2016-11-03 15:02:22,0
3,114.02179699999999,22.609934,2016-11-03 15:03:02,0
3,114.02179699999999,22.609934,2016-11-03 15:03:05,0
1,114.06763500000001,22.57,2016-11-03 15:02:22,1
2,113.95787,22.556816,2016-11-03 15:02:24,1
1,114.067581,22.570833,2016-11-03 15:02:37,1
3,114.022667,22.610018,2016-11-03 15:03:26,0
2,113.954765,22.556767,2016-11-03 15:02:47,1
3,114.02317,22.610451,2016-11-03 15:03:46,0
1,114.067848,22.571367000000002,2016-11-03 15:03:07,1
2,113.953217,22.557367000000003,2016-11-03 15:03:10,1
4,114.167084,22.567617000000002,2016-11-03 15:04:02,0
1,114.06786299999999,22.5714,2016-11-03 15:03:15,1
3,114.02317,22.610451,2016-11-03 15:04:06,0
2,113.953033,22.558617,2016-11-03 15:03:25,1
4,114.16703000000001,22.569082,2016-11-03 15:04:17,0
0,114.013947,22.538116,2016-11-03 15:03:30,1
3,114.02317,22.610451,2016-11-03 15:04:26,0
1,114.068352,22.571466,2016-11-03 15:03:45,0
2,113.953049,22.562584,2016-11-03 15:03:55,1
2,113.953079,22.563183,2016-11-03 15:04:02,1
0,114.009697,22.537434,2016-11-03 15:04:15,1
2,113.952652,22.565148999999998,2016-11-03 15:04:17,1
1,114.06855,22.571448999999998,2016-11-03 15:04:23,0
0,114.00843,22.537201,2016-11-03 15:04:30,1
1,114.06860400000001,22.571417,2016-11-03 15:04:38,0
4,114.168419,22.56975,2016-11-03 15:04:47,0
2,113.951447,22.56835,2016-11-03 15:04:41,1
2,113.951447,22.56835,2016-11-03 15:04:42,1
2,113.95088200000001,22.56945,2016-11-03 15:04:49,1
2,113.9506,22.570217,2016-11-03 15:04:57,1
0,114.006317,22.536934,2016-11-03 15:05:00,1
3,114.02317,22.610451,2016-11-03 15:05:06,0
2,113.95018,22.570999,2016-11-03 15:05:12,1
0,114.00641599999999,22.537216,2016-11-03 15:05:15,1
4,114.169952,22.568518,2016-11-03 15:05:17,0
1,114.06898500000001,22.571466,2016-11-03 15:05:23,0
3,114.02446699999999,22.61305,2016-11-03 15:05:26,0
2,113.94993600000001,22.57225,2016-11-03 15:05:27,1
0,114.00692,22.537216,2016-11-03 15:05:30,1
4,114.170349,22.567801,2016-11-03 15:05:32,0
1,114.069298,22.571432,2016-11-03 15:05:38,0
2,113.949852,22.573683,2016-11-03 15:05:42,1
1,114.06942,22.571483999999998,2016-11-03 15:05:53,0
2,113.94973,22.574883,2016-11-03 15:05:57,1
0,114.00816299999998,22.537666,2016-11-03 15:06:00,1
4,114.17083000000001,22.565849,2016-11-03 15:06:02,0
3,114.022148,22.611168,2016-11-03 15:06:06,0
1,114.07048,22.571301000000002,2016-11-03 15:06:08,0
2,113.94963100000001,22.57625,2016-11-03 15:06:12,1
0,114.008118,22.538168,2016-11-03 15:06:15,0
1,114.07109799999999,22.57085,2016-11-03 15:06:16,0
4,114.17081499999999,22.5644,2016-11-03 15:06:17,0
3,114.022148,22.611168,2016-11-03 15:06:26,0
2,113.94951599999999,22.577818,2016-11-03 15:06:27,1
0,114.008118,22.538168,2016-11-03 15:06:30,0
1,114.071701,22.569933,2016-11-03 15:06:31,0
4,114.170753,22.563217,2016-11-03 15:06:32,0
2,113.94948600000001,22.579017999999998,2016-11-03 15:06:42,1
3,114.022148,22.611168,2016-11-03 15:06:46,0
0,114.008133,22.538183,2016-11-03 15:06:45,0
1,114.07071699999999,22.569616,2016-11-03 15:06:46,0
4,114.169403,22.563084,2016-11-03 15:06:47,0
2,113.949501,22.579132,2016-11-03 15:06:57,1
0,114.008133,22.538183,2016-11-03 15:07:00,0
1,114.06958,22.569433,2016-11-03 15:07:01,0
4,114.167732,22.563116,2016-11-03 15:07:02,0
3,114.022148,22.611168,2016-11-03 15:07:06,0
1,114.068817,22.5693,2016-11-03 15:07:09,0
2,113.94951599999999,22.58,2016-11-03 15:07:12,1
0,114.00806399999999,22.538183,2016-11-03 15:07:14,0
4,114.16763300000001,22.563132999999997,2016-11-03 15:07:17,0
1,114.06696299999999,22.56905,2016-11-03 15:07:24,0
3,114.022148,22.611168,2016-11-03 15:07:26,0
2,113.949532,22.581484,2016-11-03 15:07:27,1
0,114.00806399999999,22.538183,2016-11-03 15:07:30,0
1,114.065987,22.568951000000002,2016-11-03 15:07:32,0
4,114.16763300000001,22.563132999999997,2016-11-03 15:07:32,0
2,113.94957,22.58275,2016-11-03 15:07:42,1
0,114.00758400000001,22.538067,2016-11-03 15:07:45,0
3,114.02181999999999,22.610666000000002,2016-11-03 15:07:46,0
1,114.06478100000001,22.5688,2016-11-03 15:07:47,0
4,114.16763300000001,22.563132999999997,2016-11-03 15:07:47,0
0,114.00756799999999,22.538067,2016-11-03 15:08:00,0
1,114.06331599999999,22.568632,2016-11-03 15:08:02,0
4,114.16763300000001,22.563132999999997,2016-11-03 15:08:02,0
2,113.949547,22.583317,2016-11-03 15:07:51,1
2,113.94963100000001,22.5833,2016-11-03 15:07:57,1
3,114.02181999999999,22.610666000000002,2016-11-03 15:08:06,0
2,113.949699,22.5832,2016-11-03 15:08:06,1
1,114.062386,22.568518,2016-11-03 15:08:10,0
4,114.16763300000001,22.563132999999997,2016-11-03 15:08:17,0
0,114.00696599999999,22.537982999999997,2016-11-03 15:08:18,1
2,113.94965400000001,22.583267000000003,2016-11-03 15:08:21,1
1,114.060303,22.567583,2016-11-03 15:08:25,0
3,114.02179699999999,22.610582,2016-11-03 15:08:26,0
4,114.16763300000001,22.563132999999997,2016-11-03 15:08:32,0
1,114.05918100000001,22.567066,2016-11-03 15:08:33,0
2,113.94958500000001,22.5833,2016-11-03 15:08:44,1
2,113.94958500000001,22.5833,2016-11-03 15:08:45,1
3,114.02181999999999,22.610582,2016-11-03 15:08:46,0
4,114.16763300000001,22.563132999999997,2016-11-03 15:08:47,0
1,114.05736499999999,22.566167999999998,2016-11-03 15:08:48,0
0,114.00621799999999,22.537634,2016-11-03 15:08:46,1
2,113.949715,22.583151,2016-11-03 15:08:59,1
0,114.00623300000001,22.537184,2016-11-03 15:09:01,1
4,114.16763300000001,22.563132999999997,2016-11-03 15:09:02,0
3,114.021698,22.610867000000002,2016-11-03 15:09:06,0
1,114.05428300000001,22.565416,2016-11-03 15:09:11,0
2,113.949715,22.583134,2016-11-03 15:09:14,1
0,114.006203,22.537184,2016-11-03 15:09:16,1
4,114.16763300000001,22.563132999999997,2016-11-03 15:09:17,0
3,114.023331,22.610451,2016-11-03 15:09:26,0
1,114.052429,22.565317,2016-11-03 15:09:26,0
2,113.94978300000001,22.583117,2016-11-03 15:09:29,1
0,114.00551599999999,22.536716000000002,2016-11-03 15:09:31,1
4,114.16763300000001,22.563132999999997,2016-11-03 15:09:32,0
1,114.05034599999999,22.565451,2016-11-03 15:09:41,0
2,113.94951599999999,22.583332000000002,2016-11-03 15:09:44,1
3,114.023331,22.610451,2016-11-03 15:09:46,0
0,114.00428000000001,22.53635,2016-11-03 15:09:46,1
4,114.16763300000001,22.563132999999997,2016-11-03 15:09:47,0
1,114.04938500000002,22.565468,2016-11-03 15:09:49,0
1,114.049232,22.5655,2016-11-03 15:09:51,0
1,114.048851,22.565817000000003,2016-11-03 15:09:57,0
2,113.949753,22.584084,2016-11-03 15:09:59,1
0,114.003983,22.536367000000002,2016-11-03 15:10:01,1
4,114.16763300000001,22.563132999999997,2016-11-03 15:10:02,0
3,114.022148,22.610884,2016-11-03 15:10:06,0
1,114.04883600000001,22.566799,2016-11-03 15:10:12,0
2,113.949852,22.585951,2016-11-03 15:10:14,1
0,114.003983,22.536367000000002,2016-11-03 15:10:16,1
4,114.16763300000001,22.563132999999997,2016-11-03 15:10:17,0
3,114.022598,22.611282,2016-11-03 15:10:26,0
1,114.04886599999999,22.566967,2016-11-03 15:10:27,0
2,113.949921,22.587767000000003,2016-11-03 15:10:29,1
0,114.004097,22.536217,2016-11-03 15:10:31,1
4,114.16763300000001,22.563132999999997,2016-11-03 15:10:32,0
1,114.04886599999999,22.567167,2016-11-03 15:10:42,0
3,114.02261399999999,22.6113,2016-11-03 15:10:46,0
0,114.004097,22.536217,2016-11-03 15:10:46,1
4,114.16763300000001,22.563132999999997,2016-11-03 15:10:47,0
2,113.94996599999999,22.588632999999998,2016-11-03 15:10:52,0
2,113.95002,22.5886,2016-11-03 15:10:53,0
1,114.04853100000001,22.56735,2016-11-03 15:10:57,0
2,113.95010400000001,22.588516000000002,2016-11-03 15:11:00,0
0,114.003883,22.536234,2016-11-03 15:11:01,1
4,114.16763300000001,22.563132999999997,2016-11-03 15:11:02,0
3,114.02261399999999,22.6113,2016-11-03 15:11:06,0
1,114.04736299999999,22.567383,2016-11-03 15:11:12,0
2,113.95008100000001,22.588532999999998,2016-11-03 15:11:15,0
0,114.003098,22.535868,2016-11-03 15:11:16,1
4,114.16763300000001,22.563132999999997,2016-11-03 15:11:17,0
2,113.950119,22.588568,2016-11-03 15:11:22,0
3,114.02261399999999,22.6113,2016-11-03 15:11:26,0
1,114.045731,22.567484,2016-11-03 15:11:27,0
0,114.003418,22.534317,2016-11-03 15:11:31,1
4,114.16763300000001,22.563132999999997,2016-11-03 15:11:32,0
2,113.95005,22.588917000000002,2016-11-03 15:11:37,0
1,114.044449,22.567432,2016-11-03 15:11:42,0
3,114.02261399999999,22.6113,2016-11-03 15:11:46,0
0,114.00358600000001,22.533382,2016-11-03 15:11:46,1
4,114.16763300000001,22.563132999999997,2016-11-03 15:11:47,0
2,113.95003500000001,22.590183,2016-11-03 15:11:52,0
1,114.04368600000001,22.567498999999998,2016-11-03 15:11:57,0
0,114.00358600000001,22.533382,2016-11-03 15:12:01,1
4,114.16763300000001,22.563132999999997,2016-11-03 15:12:02,0
3,114.02261399999999,22.6113,2016-11-03 15:12:06,0
2,113.94993600000001,22.590384,2016-11-03 15:12:07,0
1,114.04351799999999,22.567632999999997,2016-11-03 15:12:12,0
0,114.00358600000001,22.533382,2016-11-03 15:12:16,1
4,114.16763300000001,22.563132999999997,2016-11-03 15:12:17,0
3,114.02261399999999,22.6113,2016-11-03 15:12:26,0
1,114.04363300000001,22.567484,2016-11-03 15:12:27,0
0,114.00358600000001,22.533382,2016-11-03 15:12:31,1
4,114.16763300000001,22.563132999999997,2016-11-03 15:12:32,0
1,114.043701,22.567417000000003,2016-11-03 15:12:42,0
3,114.02261399999999,22.6113,2016-11-03 15:12:47,0
0,114.00358600000001,22.533333,2016-11-03 15:12:46,1
4,114.16763300000001,22.563132999999997,2016-11-03 15:12:48,0
1,114.043648,22.567467,2016-11-03 15:12:57,0
0,114.003883,22.531733,2016-11-03 15:13:01,1
4,114.16763300000001,22.563132999999997,2016-11-03 15:13:02,0
3,114.02261399999999,22.6113,2016-11-03 15:13:07,0
1,114.043449,22.567467,2016-11-03 15:13:12,0
0,114.003883,22.530317,2016-11-03 15:13:16,1
4,114.16763300000001,22.563132999999997,2016-11-03 15:13:17,0
3,114.02261399999999,22.6113,2016-11-03 15:13:27,0
1,114.043282,22.567551,2016-11-03 15:13:27,0
0,114.002647,22.530333,2016-11-03 15:13:31,1
4,114.16763300000001,22.563132999999997,2016-11-03 15:13:32,0
1,114.04338100000001,22.56715,2016-11-03 15:13:41,0
0,114.00126599999999,22.530268,2016-11-03 15:13:46,1
3,114.02261399999999,22.6113,2016-11-03 15:13:47,0
4,114.16763300000001,22.563132999999997,2016-11-03 15:13:47,0
4,114.16763300000001,22.563132999999997,2016-11-03 15:13:53,1
1,114.043732,22.566151,2016-11-03 15:13:57,0
0,113.99868000000001,22.52985,2016-11-03 15:14:01,1
3,114.02261399999999,22.6113,2016-11-03 15:14:07,0
4,114.16613000000001,22.563084,2016-11-03 15:14:08,1
1,114.043999,22.56525,2016-11-03 15:14:12,0
3,114.02261399999999,22.6113,2016-11-03 15:14:15,1
0,113.996468,22.529182000000002,2016-11-03 15:14:16,1
4,114.164299,22.563017000000002,2016-11-03 15:14:23,1
1,114.042786,22.564698999999997,2016-11-03 15:14:27,0
0,113.99441499999999,22.528049,2016-11-03 15:14:31,1
3,114.02153,22.610567,2016-11-03 15:14:35,1
4,114.16208600000002,22.56295,2016-11-03 15:14:38,1
0,113.99223300000001,22.526684,2016-11-03 15:14:46,1
1,114.042336,22.564383,2016-11-03 15:14:50,0
1,114.042336,22.564383,2016-11-03 15:14:52,0
4,114.159798,22.562332,2016-11-03 15:14:53,1
3,114.02116399999998,22.610733,2016-11-03 15:14:55,1
2,113.949432,22.584118,2016-11-03 15:14:57,0
1,114.042397,22.563868,2016-11-03 15:14:58,0
2,113.949432,22.584132999999998,2016-11-03 15:14:59,0
0,113.989929,22.525517,2016-11-03 15:15:01,1
2,113.949432,22.584183,2016-11-03 15:15:07,0
4,114.157951,22.561317000000003,2016-11-03 15:15:08,1
1,114.042915,22.563882999999997,2016-11-03 15:15:13,0
3,114.019302,22.612167000000003,2016-11-03 15:15:15,1
0,113.98933400000001,22.526016000000002,2016-11-03 15:15:16,1
2,113.949432,22.584217000000002,2016-11-03 15:15:22,0
4,114.15596799999999,22.55995,2016-11-03 15:15:23,1
1,114.04401399999999,22.564167,2016-11-03 15:15:28,0
3,114.018898,22.612284,2016-11-03 15:15:35,1
0,113.98908200000001,22.527767,2016-11-03 15:15:31,1
2,113.949448,22.584183,2016-11-03 15:15:37,0
4,114.154968,22.559151,2016-11-03 15:15:38,1
1,114.04553200000001,22.564716,2016-11-03 15:15:43,0
0,113.98971599999999,22.527901,2016-11-03 15:15:46,1
2,113.94938700000002,22.584183,2016-11-03 15:15:53,0
1,114.04658500000001,22.5648,2016-11-03 15:15:51,0
4,114.153732,22.558167,2016-11-03 15:15:53,1
3,114.020866,22.61105,2016-11-03 15:15:55,1
0,113.989769,22.527983,2016-11-03 15:16:01,1
1,114.048302,22.564899,2016-11-03 15:16:06,0
2,113.949432,22.58415,2016-11-03 15:16:08,0
4,114.152069,22.556932,2016-11-03 15:16:08,1
3,114.02188100000001,22.609501,2016-11-03 15:16:15,1
0,113.989769,22.527983,2016-11-03 15:16:16,0
1,114.04911799999999,22.56395,2016-11-03 15:16:21,0
2,113.949532,22.584118,2016-11-03 15:16:23,0
4,114.15014599999999,22.556217,2016-11-03 15:16:23,1
0,113.989769,22.527983,2016-11-03 15:16:31,0
3,114.022415,22.608667,2016-11-03 15:16:35,1
1,114.04953,22.562883,2016-11-03 15:16:36,0
2,113.94948600000001,22.583883,2016-11-03 15:16:38,0
4,114.147949,22.555782,2016-11-03 15:16:38,1
0,113.989769,22.527983,2016-11-03 15:16:46,0
1,114.04965200000001,22.561867000000003,2016-11-03 15:16:51,0
4,114.145599,22.55545,2016-11-03 15:16:53,1
2,113.94936399999999,22.583151,2016-11-03 15:16:53,1
3,114.02206399999999,22.607668,2016-11-03 15:16:55,1
0,113.989769,22.527983,2016-11-03 15:17:01,0
1,114.048203,22.5606,2016-11-03 15:17:06,0
2,113.949303,22.582199,2016-11-03 15:17:08,1
0,113.989769,22.527983,2016-11-03 15:17:16,0
4,114.14288300000001,22.555733,2016-11-03 15:17:08,1
2,113.949249,22.580566,2016-11-03 15:17:23,1
1,114.045799,22.558598999999997,2016-11-03 15:17:29,0
1,114.04576899999999,22.55855,2016-11-03 15:17:31,0
0,113.989769,22.527983,2016-11-03 15:17:31,0
3,114.022346,22.606068,2016-11-03 15:17:15,1
2,113.949249,22.578117000000002,2016-11-03 15:17:38,1
1,114.045349,22.558201,2016-11-03 15:17:44,0
0,113.989769,22.527983,2016-11-03 15:17:46,0
4,114.14076999999999,22.556433,2016-11-03 15:17:23,1
2,113.949417,22.576218,2016-11-03 15:17:53,1
1,114.04521899999999,22.558018,2016-11-03 15:17:59,0
0,113.989769,22.527983,2016-11-03 15:18:01,0
4,114.138985,22.557051,2016-11-03 15:17:38,1
3,114.02388,22.604517,2016-11-03 15:17:35,1
2,113.94948600000001,22.576218,2016-11-03 15:18:10,1
3,114.02388,22.604517,2016-11-03 15:17:55,1
3,114.02388,22.604517,2016-11-03 15:18:15,1
1,114.045197,22.558018,2016-11-03 15:18:14,0
0,113.989769,22.527983,2016-11-03 15:18:16,0
2,113.949471,22.576233,2016-11-03 15:18:16,1
1,114.045151,22.558018,2016-11-03 15:18:22,0
3,114.024216,22.604232999999997,2016-11-03 15:18:35,1
0,113.989769,22.527983,2016-11-03 15:18:31,0
1,114.04508200000001,22.558001,2016-11-03 15:18:37,0
2,113.94948600000001,22.575367,2016-11-03 15:18:39,1
2,113.949501,22.575198999999998,2016-11-03 15:18:41,1
0,113.989769,22.527983,2016-11-03 15:18:45,0
1,114.044968,22.557917,2016-11-03 15:18:52,0
3,114.025047,22.604218,2016-11-03 15:18:55,1
2,113.9496,22.573383,2016-11-03 15:18:54,1
4,114.13546799999999,22.549633,2016-11-03 15:18:53,1
0,113.989769,22.527983,2016-11-03 15:19:01,0
1,114.04491399999999,22.557899,2016-11-03 15:19:07,0
2,113.94963100000001,22.571716000000002,2016-11-03 15:19:08,1
3,114.027184,22.6054,2016-11-03 15:19:15,1
1,114.04491399999999,22.557899,2016-11-03 15:19:15,0
0,113.989769,22.527983,2016-11-03 15:19:16,0
4,114.13327,22.549217000000002,2016-11-03 15:19:08,1
2,113.94915,22.571417,2016-11-03 15:19:17,1
4,114.132271,22.549101,2016-11-03 15:19:23,1
1,114.04491399999999,22.557899,2016-11-03 15:19:30,0
0,113.989769,22.527983,2016-11-03 15:19:31,0
2,113.94668600000001,22.5716,2016-11-03 15:19:32,1
3,114.02836599999999,22.60465,2016-11-03 15:19:35,1
4,114.13096599999999,22.548834,2016-11-03 15:19:38,1
1,114.044899,22.557882,2016-11-03 15:19:44,1
0,113.989769,22.527983,2016-11-03 15:19:46,0
2,113.94421399999999,22.571583,2016-11-03 15:19:47,1
4,114.129166,22.54855,2016-11-03 15:19:53,1
3,114.02946499999999,22.602467,2016-11-03 15:19:55,1
0,113.989769,22.527983,2016-11-03 15:20:01,0
1,114.04463200000001,22.557516,2016-11-03 15:20:01,1
2,113.941849,22.571533,2016-11-03 15:20:02,1
1,114.044647,22.557516,2016-11-03 15:20:09,1
4,114.127403,22.548282999999998,2016-11-03 15:20:08,1
0,113.989769,22.527983,2016-11-03 15:20:16,0
3,114.031219,22.601017000000002,2016-11-03 15:20:15,1
2,113.93933100000001,22.571568,2016-11-03 15:20:16,1
1,114.04463200000001,22.557516,2016-11-03 15:20:24,1
4,114.12603,22.548348999999998,2016-11-03 15:20:23,1
0,113.989769,22.527983,2016-11-03 15:20:31,0
2,113.93728600000001,22.571568,2016-11-03 15:20:32,1
3,114.03211999999999,22.59845,2016-11-03 15:20:35,1
1,114.044647,22.557516,2016-11-03 15:20:39,1
4,114.12595400000001,22.548782,2016-11-03 15:20:38,1
0,113.989769,22.527983,2016-11-03 15:20:46,0
2,113.935318,22.571533,2016-11-03 15:20:47,1
1,114.044647,22.557516,2016-11-03 15:20:47,1
1,114.044647,22.557516,2016-11-03 15:20:48,1
4,114.12586999999999,22.549432999999997,2016-11-03 15:20:53,1
1,114.044647,22.557516,2016-11-03 15:20:55,1
0,113.989769,22.527983,2016-11-03 15:21:01,0
2,113.933617,22.571483999999998,2016-11-03 15:21:02,1
3,114.034966,22.59745,2016-11-03 15:20:55,1
4,114.12566399999999,22.54945,2016-11-03 15:21:08,1
1,114.044449,22.557333,2016-11-03 15:21:10,1
4,114.12566399999999,22.54945,2016-11-03 15:21:10,0
0,113.989769,22.527983,2016-11-03 15:21:16,0
3,114.03748300000001,22.599016,2016-11-03 15:21:15,1
2,113.93177,22.57155,2016-11-03 15:21:17,1
1,114.04402900000001,22.557033999999998,2016-11-03 15:21:25,1
4,114.12566399999999,22.54945,2016-11-03 15:21:25,0
2,113.930618,22.571684,2016-11-03 15:21:25,1
0,113.989769,22.527983,2016-11-03 15:21:31,0
3,114.038719,22.598,2016-11-03 15:21:35,1
1,114.043999,22.557033999999998,2016-11-03 15:21:40,1
4,114.12566399999999,22.54945,2016-11-03 15:21:40,0
2,113.92916899999999,22.5718,2016-11-03 15:21:40,1
0,113.989769,22.527983,2016-11-03 15:21:46,0
3,114.040718,22.596849,2016-11-03 15:21:55,1
1,114.043999,22.557033999999998,2016-11-03 15:21:55,1
4,114.12445100000001,22.549017000000003,2016-11-03 15:21:55,0
2,113.929253,22.571684,2016-11-03 15:21:55,1
0,113.989769,22.527983,2016-11-03 15:22:01,0
2,113.92890200000001,22.571783,2016-11-03 15:22:03,1
1,114.04401399999999,22.557051,2016-11-03 15:22:10,1
4,114.12460300000001,22.548983,2016-11-03 15:22:10,0
3,114.04323600000001,22.5963,2016-11-03 15:22:15,1
0,113.989769,22.527983,2016-11-03 15:22:16,0
2,113.92631499999999,22.571667,2016-11-03 15:22:18,1
1,114.04398300000001,22.557051,2016-11-03 15:22:25,1
4,114.12460300000001,22.548983,2016-11-03 15:22:25,0
0,113.989769,22.527983,2016-11-03 15:22:31,0
3,114.044731,22.5944,2016-11-03 15:22:35,1
4,114.12460300000001,22.548983,2016-11-03 15:22:40,0
1,114.043953,22.557068,2016-11-03 15:22:40,1
0,113.989769,22.527983,2016-11-03 15:22:46,0
1,114.043953,22.557051,2016-11-03 15:22:48,1
3,114.046051,22.592617,2016-11-03 15:22:55,1
4,114.12460300000001,22.548983,2016-11-03 15:22:55,0
0,113.989769,22.527983,2016-11-03 15:23:01,0
1,114.04396799999999,22.557051,2016-11-03 15:23:03,1
4,114.12516799999999,22.54915,2016-11-03 15:23:10,0
3,114.04733300000001,22.5905,2016-11-03 15:23:15,1
0,113.989769,22.527983,2016-11-03 15:23:16,0
1,114.043953,22.557033999999998,2016-11-03 15:23:18,1
1,114.043953,22.557033999999998,2016-11-03 15:23:26,1
4,114.125969,22.548782,2016-11-03 15:23:25,0
0,113.989769,22.527983,2016-11-03 15:23:31,0
3,114.04733300000001,22.5905,2016-11-03 15:23:35,1
4,114.125984,22.548317,2016-11-03 15:23:40,0
1,114.043999,22.557033999999998,2016-11-03 15:23:41,1
0,113.989769,22.527983,2016-11-03 15:23:46,0
3,114.04733300000001,22.5905,2016-11-03 15:23:55,1
4,114.125984,22.548317,2016-11-03 15:23:55,0
1,114.04401399999999,22.557033999999998,2016-11-03 15:23:56,1
0,113.989769,22.527983,2016-11-03 15:24:01,0
4,114.125984,22.548317,2016-11-03 15:24:10,0
1,114.043884,22.5569,2016-11-03 15:24:11,1
3,114.04733300000001,22.5905,2016-11-03 15:24:15,1
0,113.989769,22.527983,2016-11-03 15:24:16,0
4,114.125984,22.548317,2016-11-03 15:24:25,0
1,114.043999,22.555817,2016-11-03 15:24:26,1
0,113.989769,22.527983,2016-11-03 15:24:31,0
3,114.04733300000001,22.5905,2016-11-03 15:24:35,1
4,114.125984,22.548317,2016-11-03 15:24:40,0
1,114.04412099999999,22.554983,2016-11-03 15:24:41,1
0,113.989769,22.527983,2016-11-03 15:24:46,0
3,114.04733300000001,22.5905,2016-11-03 15:24:55,1
4,114.125984,22.548317,2016-11-03 15:24:55,0
1,114.04409799999999,22.554617,2016-11-03 15:24:56,1
0,113.989769,22.527983,2016-11-03 15:25:01,0
1,114.04416699999999,22.553017,2016-11-03 15:25:11,1
3,114.06021899999999,22.577717,2016-11-03 15:25:15,1
2,113.916168,22.567516,2016-11-03 15:25:08,0
2,113.91615300000001,22.567232,2016-11-03 15:25:10,0
0,113.989769,22.527983,2016-11-03 15:25:16,1
2,113.916199,22.566282,2016-11-03 15:25:16,0
1,114.044151,22.552167999999998,2016-11-03 15:25:26,1
0,113.989769,22.527983,2016-11-03 15:25:31,1
2,113.91626699999999,22.56555,2016-11-03 15:25:31,0
3,114.060814,22.5749,2016-11-03 15:25:35,1
4,114.12663300000001,22.547916,2016-11-03 15:25:40,0
1,114.044151,22.551849,2016-11-03 15:25:41,1
2,113.916229,22.564167,2016-11-03 15:25:46,0
0,113.98926499999999,22.52865,2016-11-03 15:25:46,1
4,114.127563,22.5481,2016-11-03 15:25:55,0
1,114.04412099999999,22.551832,2016-11-03 15:25:56,1
2,113.916634,22.562834,2016-11-03 15:26:01,0
0,113.98895300000001,22.5289,2016-11-03 15:26:01,1
3,114.06147,22.57185,2016-11-03 15:25:55,1
1,114.044151,22.551832,2016-11-03 15:26:11,1
3,114.06188200000001,22.570066,2016-11-03 15:26:15,1
0,113.988731,22.529966,2016-11-03 15:26:16,1
2,113.91909799999999,22.5618,2016-11-03 15:26:24,0
2,113.91909799999999,22.5618,2016-11-03 15:26:25,0
1,114.044182,22.551832,2016-11-03 15:26:26,1
0,113.990349,22.530434,2016-11-03 15:26:31,1
3,114.062202,22.568451,2016-11-03 15:26:35,1
2,113.91943400000001,22.560984,2016-11-03 15:26:38,0
1,114.04423500000001,22.551832,2016-11-03 15:26:41,1
0,113.992249,22.530849,2016-11-03 15:26:46,1
2,113.91905200000001,22.559433,2016-11-03 15:26:54,0
3,114.061897,22.566967,2016-11-03 15:26:55,1
1,114.044197,22.551399,2016-11-03 15:26:56,1
0,113.99261499999999,22.530898999999998,2016-11-03 15:27:01,1
2,113.91883100000001,22.558416,2016-11-03 15:27:08,0
4,114.133614,22.549017000000003,2016-11-03 15:27:10,0
1,114.04428100000001,22.550034,2016-11-03 15:27:11,1
3,114.06188200000001,22.568033,2016-11-03 15:27:15,1
0,113.99268300000001,22.530932999999997,2016-11-03 15:27:16,1
1,114.04431899999999,22.549167999999998,2016-11-03 15:27:19,1
4,114.133614,22.549017000000003,2016-11-03 15:27:20,1
2,113.918648,22.5578,2016-11-03 15:27:16,0
2,113.91851799999999,22.557133,2016-11-03 15:27:26,0
0,113.993385,22.531133999999998,2016-11-03 15:27:31,1
2,113.91856399999999,22.557083,2016-11-03 15:27:32,0
1,114.044334,22.547732999999997,2016-11-03 15:27:34,1
3,114.064598,22.568583,2016-11-03 15:27:35,1
4,114.134933,22.54915,2016-11-03 15:27:35,1
1,114.04438,22.545967,2016-11-03 15:27:49,1
4,114.13535300000001,22.549417000000002,2016-11-03 15:27:50,1
3,114.06766499999999,22.568899,2016-11-03 15:27:55,1
2,113.918465,22.556632999999998,2016-11-03 15:27:55,0
2,113.918465,22.556632999999998,2016-11-03 15:27:56,0
1,114.04438,22.543982999999997,2016-11-03 15:28:04,1
4,114.134583,22.549534,2016-11-03 15:28:05,1
0,113.993385,22.532167,2016-11-03 15:27:46,1
0,113.993179,22.5336,2016-11-03 15:28:01,1
2,113.918434,22.556601,2016-11-03 15:28:10,0
3,114.070953,22.569401,2016-11-03 15:28:15,1
0,113.993202,22.533684,2016-11-03 15:28:16,1
4,114.13348400000001,22.549282,2016-11-03 15:28:20,1
2,113.91838100000001,22.55625,2016-11-03 15:28:25,0
1,114.044449,22.539717,2016-11-03 15:28:27,1
1,114.044449,22.539717,2016-11-03 15:28:28,1
0,113.99299599999999,22.534917999999998,2016-11-03 15:28:31,1
3,114.07383,22.570551000000002,2016-11-03 15:28:35,1
4,114.13147,22.548883,2016-11-03 15:28:35,1
2,113.91833500000001,22.555918,2016-11-03 15:28:40,0
1,114.044403,22.537733,2016-11-03 15:28:42,1
0,113.992729,22.53665,2016-11-03 15:28:46,1
2,113.91833500000001,22.555834,2016-11-03 15:28:47,0
4,114.129814,22.548683,2016-11-03 15:28:50,1
3,114.07553100000001,22.571699,2016-11-03 15:28:55,1
1,114.044449,22.5357,2016-11-03 15:28:57,1
0,113.99256899999999,22.537782999999997,2016-11-03 15:29:01,1
2,113.91832,22.555651,2016-11-03 15:29:02,0
4,114.129814,22.548683,2016-11-03 15:29:05,1
2,113.91832,22.555582,2016-11-03 15:29:11,0
1,114.04446399999999,22.534384,2016-11-03 15:29:12,1
3,114.07633200000001,22.572083,2016-11-03 15:29:15,1
0,113.992516,22.53805,2016-11-03 15:29:16,1
4,114.129814,22.548683,2016-11-03 15:29:20,1
2,113.91835,22.55555,2016-11-03 15:29:26,0
1,114.04447900000001,22.533117,2016-11-03 15:29:27,1
0,113.992554,22.538483,2016-11-03 15:29:31,1
3,114.07761399999998,22.572433,2016-11-03 15:29:35,1
4,114.129814,22.548683,2016-11-03 15:29:35,1
2,113.91833500000001,22.555332,2016-11-03 15:29:41,0
1,114.04423500000001,22.53215,2016-11-03 15:29:42,1
0,113.992554,22.538483,2016-11-03 15:29:46,1
1,114.043449,22.532034,2016-11-03 15:29:50,1
2,113.91832,22.554983,2016-11-03 15:29:56,0
4,114.12851699999999,22.54845,2016-11-03 15:29:50,1
3,114.07903300000001,22.572567000000003,2016-11-03 15:29:55,1
0,113.992554,22.538483,2016-11-03 15:30:01,1
1,114.04188500000001,22.53125,2016-11-03 15:30:05,1
4,114.126465,22.548182999999998,2016-11-03 15:30:05,1
2,113.918297,22.554683999999998,2016-11-03 15:30:11,0
3,114.079384,22.572533,2016-11-03 15:30:15,1
0,113.992554,22.538483,2016-11-03 15:30:16,1
1,114.040085,22.53105,2016-11-03 15:30:20,1
4,114.126015,22.548616,2016-11-03 15:30:20,1
2,113.91833500000001,22.554399,2016-11-03 15:30:26,0
0,113.992554,22.538483,2016-11-03 15:30:31,1
3,114.08043700000002,22.572399,2016-11-03 15:30:35,1
4,114.125984,22.549383,2016-11-03 15:30:35,1
2,113.91833500000001,22.554167,2016-11-03 15:30:41,0
1,114.036301,22.530701,2016-11-03 15:30:43,1
1,114.036301,22.530701,2016-11-03 15:30:44,1
0,113.992554,22.538483,2016-11-03 15:30:46,1
4,114.12595400000001,22.5508,2016-11-03 15:30:50,1
2,113.91832,22.553984,2016-11-03 15:30:56,0
3,114.08123,22.572201,2016-11-03 15:30:55,1
0,113.992554,22.538483,2016-11-03 15:31:01,1
4,114.125999,22.551468,2016-11-03 15:31:01,0
1,114.034935,22.530567,2016-11-03 15:30:51,1
1,114.033546,22.530451,2016-11-03 15:31:00,1
1,114.032486,22.530367000000002,2016-11-03 15:31:06,1
2,113.91832,22.55385,2016-11-03 15:31:10,0
3,114.08236699999999,22.571867,2016-11-03 15:31:15,1
0,113.992554,22.538483,2016-11-03 15:31:16,1
1,114.029648,22.530533,2016-11-03 15:31:21,1
2,113.91823600000001,22.552767000000003,2016-11-03 15:31:26,0
0,113.992554,22.538483,2016-11-03 15:31:31,1
3,114.08366399999998,22.571167000000003,2016-11-03 15:31:35,1
1,114.028481,22.530832,2016-11-03 15:31:36,1
2,113.918251,22.552567,2016-11-03 15:31:41,0
4,114.12626599999999,22.553316,2016-11-03 15:31:46,0
0,113.992554,22.538483,2016-11-03 15:31:46,1
1,114.028397,22.531133999999998,2016-11-03 15:31:51,1
3,114.08461799999999,22.570316000000002,2016-11-03 15:31:55,1
2,113.918297,22.551884,2016-11-03 15:31:56,0
4,114.127151,22.5546,2016-11-03 15:32:01,0
0,113.992554,22.538483,2016-11-03 15:32:01,1
1,114.02832,22.53195,2016-11-03 15:32:06,1
2,113.918297,22.550283,2016-11-03 15:32:11,0
3,114.085098,22.569633,2016-11-03 15:32:15,1
0,113.992554,22.538483,2016-11-03 15:32:16,1
4,114.128151,22.556116,2016-11-03 15:32:16,0
1,114.028084,22.532467,2016-11-03 15:32:21,1
2,113.91832,22.548733,2016-11-03 15:32:26,0
4,114.128716,22.556116,2016-11-03 15:32:31,0
0,113.992554,22.538483,2016-11-03 15:32:31,1
3,114.08546399999999,22.568967999999998,2016-11-03 15:32:35,1
1,114.02787,22.533367000000002,2016-11-03 15:32:36,1
2,113.91848,22.54755,2016-11-03 15:32:41,0
0,113.992554,22.538483,2016-11-03 15:32:46,1
4,114.12878400000001,22.556048999999998,2016-11-03 15:32:46,0
1,114.027702,22.534166,2016-11-03 15:32:51,1
3,114.085518,22.568867,2016-11-03 15:32:55,1
2,113.918503,22.547367,2016-11-03 15:32:56,1
0,113.992554,22.538483,2016-11-03 15:33:01,1
4,114.12878400000001,22.556048999999998,2016-11-03 15:33:01,0
1,114.02766399999999,22.534367,2016-11-03 15:33:06,1
4,114.12878400000001,22.556048999999998,2016-11-03 15:33:06,1
2,113.91858700000002,22.54665,2016-11-03 15:33:11,1
0,113.992554,22.538483,2016-11-03 15:33:16,1
2,113.918648,22.545868,2016-11-03 15:33:19,1
1,114.027565,22.534917999999998,2016-11-03 15:33:21,1
3,114.08601399999999,22.5681,2016-11-03 15:33:15,1
4,114.128571,22.556283999999998,2016-11-03 15:33:21,1
0,113.992554,22.538483,2016-11-03 15:33:31,1
2,113.91883100000001,22.544167,2016-11-03 15:33:34,1
3,114.08636499999999,22.56735,2016-11-03 15:33:35,1
1,114.02773300000001,22.535017,2016-11-03 15:33:36,1
4,114.128571,22.556283999999998,2016-11-03 15:33:36,1
0,113.992554,22.538483,2016-11-03 15:33:46,1
1,114.027901,22.534582,2016-11-03 15:33:51,1
2,113.9189,22.54365,2016-11-03 15:33:49,1
4,114.128571,22.556283999999998,2016-11-03 15:33:51,1
3,114.087303,22.566682999999998,2016-11-03 15:33:55,1
2,113.91883100000001,22.543751,2016-11-03 15:33:57,1
1,114.02791599999999,22.534332,2016-11-03 15:33:59,1
0,113.992554,22.538483,2016-11-03 15:34:01,1
4,114.128571,22.556283999999998,2016-11-03 15:34:07,1
2,113.9188,22.543782999999998,2016-11-03 15:34:12,1
1,114.027946,22.533867,2016-11-03 15:34:14,1
3,114.088951,22.566816,2016-11-03 15:34:15,1
0,113.992554,22.538483,2016-11-03 15:34:16,1
4,114.128571,22.556283999999998,2016-11-03 15:34:21,1
1,114.02803,22.533251,2016-11-03 15:34:29,1
0,113.99261499999999,22.538532,2016-11-03 15:34:31,1
3,114.090767,22.567266,2016-11-03 15:34:35,1
4,114.128571,22.556283999999998,2016-11-03 15:34:36,1
1,114.028267,22.532301,2016-11-03 15:34:44,1
0,113.993118,22.538717000000002,2016-11-03 15:34:46,1
2,113.918671,22.543917,2016-11-03 15:34:27,1
2,113.918602,22.543982999999997,2016-11-03 15:34:35,1
2,113.91863300000001,22.543966,2016-11-03 15:34:37,1
2,113.91863300000001,22.543948999999998,2016-11-03 15:34:43,1
4,114.12773100000001,22.555849,2016-11-03 15:34:51,1
2,113.918747,22.5438,2016-11-03 15:34:51,1
3,114.092781,22.567783,2016-11-03 15:34:55,1
1,114.02845,22.531233,2016-11-03 15:34:59,1
0,113.993118,22.538717000000002,2016-11-03 15:35:01,1
2,113.91885400000001,22.543768,2016-11-03 15:35:06,1
4,114.126534,22.553932,2016-11-03 15:35:07,1
3,114.0961,22.568732999999998,2016-11-03 15:35:15,1
1,114.028236,22.530951,2016-11-03 15:35:14,1
0,113.99331699999999,22.53875,2016-11-03 15:35:16,1
4,114.126152,22.5534,2016-11-03 15:35:21,1
2,113.91885400000001,22.543751,2016-11-03 15:35:21,1
1,114.02743500000001,22.531017000000002,2016-11-03 15:35:22,1
2,113.91883100000001,22.543751,2016-11-03 15:35:29,1
0,113.993851,22.538798999999997,2016-11-03 15:35:31,1
1,114.025581,22.531549,2016-11-03 15:35:37,1
4,114.126152,22.5534,2016-11-03 15:35:36,1
3,114.09936499999999,22.570183,2016-11-03 15:35:35,1
2,113.9188,22.543782999999998,2016-11-03 15:35:44,1
0,113.99382,22.538767,2016-11-03 15:35:46,1
4,114.125717,22.552799,2016-11-03 15:35:51,1
1,114.02417,22.531982,2016-11-03 15:35:52,1
1,114.023354,22.53215,2016-11-03 15:36:00,1
2,113.91883100000001,22.543782999999998,2016-11-03 15:35:59,1
0,113.99382,22.538767,2016-11-03 15:36:01,1
2,113.91885400000001,22.543734,2016-11-03 15:36:07,1
1,114.02296399999999,22.532882999999998,2016-11-03 15:36:15,1
0,113.99382,22.538767,2016-11-03 15:36:16,1
3,114.10266899999999,22.572149,2016-11-03 15:35:55,1
4,114.12566399999999,22.552183,2016-11-03 15:36:06,1
3,114.105553,22.573851,2016-11-03 15:36:15,1
4,114.12566399999999,22.551067,2016-11-03 15:36:21,1
2,113.918884,22.543699,2016-11-03 15:36:22,1
1,114.02278100000001,22.533501,2016-11-03 15:36:30,1
0,113.99382,22.538767,2016-11-03 15:36:31,1
3,114.107697,22.575132,2016-11-03 15:36:35,1
2,113.91891499999998,22.543751,2016-11-03 15:36:37,1
4,114.125648,22.550734,2016-11-03 15:36:37,1
1,114.02291899999999,22.533649,2016-11-03 15:36:45,1
0,113.99382,22.538767,2016-11-03 15:36:46,1
2,113.91891499999998,22.543768,2016-11-03 15:36:45,1
4,114.125648,22.550734,2016-11-03 15:36:51,1
3,114.109329,22.57605,2016-11-03 15:36:55,1
1,114.02298,22.534218,2016-11-03 15:37:00,1
2,113.918999,22.543751,2016-11-03 15:37:00,1
0,113.99382,22.538767,2016-11-03 15:37:01,1
4,114.125648,22.550734,2016-11-03 15:37:06,1
1,114.02288100000001,22.534433,2016-11-03 15:37:15,1
3,114.11174799999999,22.576418,2016-11-03 15:37:15,1
0,113.99382,22.538767,2016-11-03 15:37:16,1
2,113.91901399999999,22.543751,2016-11-03 15:37:15,1
4,114.125648,22.550734,2016-11-03 15:37:22,1
1,114.022751,22.534599,2016-11-03 15:37:30,1
2,113.91885400000001,22.543633,2016-11-03 15:37:30,1
0,113.99382,22.538767,2016-11-03 15:37:31,1
3,114.11516599999999,22.576432999999998,2016-11-03 15:37:35,1
4,114.125648,22.550734,2016-11-03 15:37:37,1
1,114.022636,22.534599,2016-11-03 15:37:45,1
0,113.99382,22.538767,2016-11-03 15:37:46,1
2,113.918999,22.542618,2016-11-03 15:37:45,1
4,114.125648,22.550734,2016-11-03 15:37:52,1
3,114.11606599999999,22.576384,2016-11-03 15:37:55,1
1,114.02253,22.53455,2016-11-03 15:38:00,1
0,113.99382,22.538767,2016-11-03 15:38:01,1
2,113.91923500000001,22.541233,2016-11-03 15:38:00,1
4,114.125648,22.550734,2016-11-03 15:38:07,1
1,114.022598,22.534767000000002,2016-11-03 15:38:15,1
3,114.11631799999999,22.576384,2016-11-03 15:38:15,1
2,113.919418,22.539717,2016-11-03 15:38:15,1
0,113.99382,22.538767,2016-11-03 15:38:16,1
4,114.125748,22.54965,2016-11-03 15:38:22,1
1,114.023453,22.535084,2016-11-03 15:38:30,1
2,113.91968500000002,22.538834,2016-11-03 15:38:30,1
0,113.99382,22.538767,2016-11-03 15:38:31,1
3,114.117783,22.576366,2016-11-03 15:38:35,1
4,114.125847,22.549067,2016-11-03 15:38:37,1
1,114.024452,22.534682999999998,2016-11-03 15:38:45,1
2,113.919647,22.538834,2016-11-03 15:38:45,1
0,113.99382,22.538767,2016-11-03 15:38:46,1
4,114.125847,22.549067,2016-11-03 15:38:52,1
2,113.919701,22.538816,2016-11-03 15:38:53,1
3,114.118164,22.576166,2016-11-03 15:38:55,1
1,114.02458200000001,22.5338,2016-11-03 15:39:00,1
0,113.99393500000001,22.538467,2016-11-03 15:39:01,1
4,114.125999,22.547882,2016-11-03 15:39:07,1
2,113.919853,22.538616,2016-11-03 15:39:08,1
1,114.024597,22.533583,2016-11-03 15:39:15,1
3,114.11821699999999,22.575968,2016-11-03 15:39:15,1
0,113.99393500000001,22.538467,2016-11-03 15:39:16,1
4,114.127365,22.548082,2016-11-03 15:39:22,1
2,113.91988400000001,22.538651,2016-11-03 15:39:23,1
1,114.02462,22.533417,2016-11-03 15:39:30,1
3,114.11783600000001,22.575417,2016-11-03 15:39:35,1
4,114.129021,22.548348999999998,2016-11-03 15:39:37,1
0,113.99393500000001,22.538467,2016-11-03 15:39:31,1
2,113.9198,22.538651,2016-11-03 15:39:31,1
4,114.129349,22.548401000000002,2016-11-03 15:39:52,1
3,114.11747,22.575632000000002,2016-11-03 15:39:55,1
1,114.024681,22.5333,2016-11-03 15:39:45,1
0,113.993385,22.538549,2016-11-03 15:39:46,1
2,113.919785,22.537083,2016-11-03 15:39:46,1
2,113.919731,22.536133,2016-11-03 15:39:54,1
1,114.024948,22.532917,2016-11-03 15:40:00,1
0,113.99344599999999,22.538683,2016-11-03 15:40:01,1
4,114.129349,22.548401000000002,2016-11-03 15:40:07,1
2,113.91974599999999,22.535534,2016-11-03 15:40:09,1
3,114.11747,22.575632000000002,2016-11-03 15:40:15,1
1,114.02548200000001,22.53145,2016-11-03 15:40:15,1
0,113.993881,22.538667999999998,2016-11-03 15:40:16,1
4,114.129349,22.548401000000002,2016-11-03 15:40:22,1
2,113.91968500000002,22.535549,2016-11-03 15:40:24,1
1,114.02655,22.529699,2016-11-03 15:40:30,1
0,113.99292,22.538683,2016-11-03 15:40:31,1
3,114.117203,22.576183,2016-11-03 15:40:35,1
4,114.129349,22.548401000000002,2016-11-03 15:40:37,1
2,113.918999,22.535534,2016-11-03 15:40:39,0
1,114.028954,22.528151,2016-11-03 15:40:45,1
0,113.992752,22.538632999999997,2016-11-03 15:40:46,1
4,114.129898,22.548482999999997,2016-11-03 15:40:52,1
1,114.029999,22.527533,2016-11-03 15:40:53,1
3,114.116867,22.576817000000002,2016-11-03 15:40:55,1
2,113.917503,22.535549,2016-11-03 15:40:54,0
4,114.13018000000001,22.548517,2016-11-03 15:41:00,0
0,113.992752,22.538632999999997,2016-11-03 15:41:01,1
1,114.030998,22.52685,2016-11-03 15:41:07,1
2,113.91626699999999,22.535618,2016-11-03 15:41:09,0
3,114.116867,22.576817000000002,2016-11-03 15:41:15,1
4,114.13018000000001,22.548517,2016-11-03 15:41:15,0
0,113.992752,22.538632999999997,2016-11-03 15:41:16,1
2,113.916435,22.535467,2016-11-03 15:41:17,0
1,114.030899,22.526867000000003,2016-11-03 15:41:23,1
4,114.13054699999999,22.548567000000002,2016-11-03 15:41:30,0
0,113.992752,22.538632999999997,2016-11-03 15:41:31,1
2,113.918282,22.535418,2016-11-03 15:41:32,0
3,114.11658500000001,22.577284,2016-11-03 15:41:35,1
4,114.13141599999999,22.5487,2016-11-03 15:41:45,0
0,113.992752,22.538632999999997,2016-11-03 15:41:46,1
2,113.918449,22.535418,2016-11-03 15:41:47,0
3,114.11558500000001,22.579399,2016-11-03 15:41:55,1
4,114.13213300000001,22.5488,2016-11-03 15:42:00,0
1,114.03022,22.527117,2016-11-03 15:41:38,1
1,114.029747,22.526899,2016-11-03 15:41:46,1
0,113.99226399999999,22.538,2016-11-03 15:42:01,1
1,114.02968600000001,22.526882,2016-11-03 15:41:47,1
1,114.02948,22.526833,2016-11-03 15:41:54,1
1,114.02916699999999,22.526733,2016-11-03 15:42:02,1
2,113.918449,22.535366,2016-11-03 15:42:02,0
3,114.116432,22.580017,2016-11-03 15:42:15,1
4,114.13213300000001,22.5488,2016-11-03 15:42:15,0
0,113.992447,22.536301,2016-11-03 15:42:16,1
1,114.028687,22.526882,2016-11-03 15:42:17,0
2,113.918449,22.535351000000002,2016-11-03 15:42:17,0
0,113.992516,22.535868,2016-11-03 15:42:31,1
1,114.028618,22.526667,2016-11-03 15:42:31,0
2,113.918449,22.535334,2016-11-03 15:42:32,0
3,114.118202,22.580366,2016-11-03 15:42:35,1
1,114.028549,22.52655,2016-11-03 15:42:40,0
2,113.91848,22.5354,2016-11-03 15:42:41,0
0,113.992516,22.535868,2016-11-03 15:42:46,1
1,114.02851899999999,22.52655,2016-11-03 15:42:55,0
3,114.119781,22.5791,2016-11-03 15:42:55,1
2,113.918648,22.5355,2016-11-03 15:42:56,0
0,113.99288200000001,22.5348,2016-11-03 15:43:01,1
1,114.02833600000001,22.526649,2016-11-03 15:43:10,0
2,113.91863300000001,22.535383,2016-11-03 15:43:11,0
4,114.13213300000001,22.5488,2016-11-03 15:42:30,0
3,114.121948,22.5791,2016-11-03 15:43:15,1
0,113.99301899999999,22.532801,2016-11-03 15:43:16,1
1,114.02746599999999,22.526632,2016-11-03 15:43:25,0
2,113.91863300000001,22.535418,2016-11-03 15:43:26,0
0,113.99326299999998,22.531098999999998,2016-11-03 15:43:31,1
1,114.027351,22.5266,2016-11-03 15:43:33,0
2,113.918617,22.535467,2016-11-03 15:43:34,0
4,114.132469,22.548834,2016-11-03 15:42:45,0
3,114.12273400000001,22.578583,2016-11-03 15:43:35,1
4,114.13288100000001,22.548918,2016-11-03 15:43:00,0
0,113.993431,22.530317,2016-11-03 15:43:46,1
1,114.02696999999999,22.526951,2016-11-03 15:43:49,1
2,113.918602,22.535549,2016-11-03 15:43:49,0
4,114.13773300000001,22.5497,2016-11-03 15:43:52,0
3,114.123001,22.577133,2016-11-03 15:43:55,1
0,113.99358400000001,22.529016,2016-11-03 15:44:01,1
1,114.026749,22.526951,2016-11-03 15:44:04,1
2,113.918602,22.535517000000002,2016-11-03 15:44:04,0
4,114.139252,22.54985,2016-11-03 15:44:07,0
3,114.12301599999999,22.5784,2016-11-03 15:44:15,1
0,113.993614,22.527617000000003,2016-11-03 15:44:16,1
1,114.02611499999999,22.526583,2016-11-03 15:44:19,1
2,113.91858700000002,22.535549,2016-11-03 15:44:19,0
4,114.140381,22.549999,2016-11-03 15:44:22,0
0,113.991699,22.526382,2016-11-03 15:44:31,1
1,114.025749,22.5261,2016-11-03 15:44:34,1
3,114.123848,22.578518,2016-11-03 15:44:35,1
2,113.91856399999999,22.535517000000002,2016-11-03 15:44:34,0
4,114.14106799999999,22.5501,2016-11-03 15:44:37,0
0,113.989815,22.525482,2016-11-03 15:44:46,1
1,114.026398,22.525183,2016-11-03 15:44:49,1
2,113.918671,22.5354,2016-11-03 15:44:49,0
4,114.14201399999999,22.550182,2016-11-03 15:44:52,0
3,114.12397,22.57795,2016-11-03 15:44:55,1
0,113.98933400000001,22.5257,2016-11-03 15:45:01,1
1,114.026253,22.524767,2016-11-03 15:45:03,1
2,113.91883100000001,22.5354,2016-11-03 15:45:04,0
4,114.14273100000001,22.550248999999997,2016-11-03 15:45:07,0
3,114.12418400000001,22.57765,2016-11-03 15:45:09,0
1,114.02591699999999,22.524433,2016-11-03 15:45:12,1
2,113.91877,22.535316,2016-11-03 15:45:19,0
0,113.98913600000002,22.527184,2016-11-03 15:45:16,1
4,114.142799,22.550283,2016-11-03 15:45:22,0
3,114.12418400000001,22.57765,2016-11-03 15:45:29,0
0,113.989571,22.527901,2016-11-03 15:45:31,1
2,113.918747,22.535299,2016-11-03 15:45:34,0
4,114.142799,22.550283,2016-11-03 15:45:37,0
0,113.98991399999998,22.5278,2016-11-03 15:45:46,1
3,114.124748,22.577682,2016-11-03 15:45:49,0
2,113.918732,22.535282000000002,2016-11-03 15:45:49,0
4,114.143631,22.550417000000003,2016-11-03 15:45:52,0
0,113.989998,22.527767,2016-11-03 15:46:01,0
2,113.9188,22.535316,2016-11-03 15:46:04,0
4,114.144768,22.55055,2016-11-03 15:46:07,0
3,114.124733,22.577284,2016-11-03 15:46:09,0
0,113.989998,22.527767,2016-11-03 15:46:16,0
1,114.02578000000001,22.523968,2016-11-03 15:45:36,1
1,114.02591699999999,22.523899,2016-11-03 15:45:42,1
1,114.02611499999999,22.523849,2016-11-03 15:45:50,1
1,114.026131,22.523832000000002,2016-11-03 15:45:51,1
1,114.026154,22.523582,2016-11-03 15:45:58,1
1,114.026131,22.523466,2016-11-03 15:46:06,1
1,114.026131,22.523451,2016-11-03 15:46:07,1
2,113.91877,22.535316,2016-11-03 15:46:19,0
1,114.026436,22.523382,2016-11-03 15:46:21,1
4,114.144951,22.551083,2016-11-03 15:46:22,0
3,114.122498,22.577017,2016-11-03 15:46:29,0
0,113.989998,22.527767,2016-11-03 15:46:31,0
2,113.91883100000001,22.535299,2016-11-03 15:46:34,1
1,114.026619,22.523251000000002,2016-11-03 15:46:36,1
4,114.14473000000001,22.552,2016-11-03 15:46:37,0
1,114.026703,22.523198999999998,2016-11-03 15:46:44,1
0,113.989998,22.527767,2016-11-03 15:46:46,0
3,114.119881,22.576833999999998,2016-11-03 15:46:49,0
2,113.91968500000002,22.535267,2016-11-03 15:46:49,1
2,113.919899,22.534848999999998,2016-11-03 15:46:58,1
1,114.02683300000001,22.523149,2016-11-03 15:46:59,1
4,114.14396699999999,22.552532,2016-11-03 15:46:52,0
0,113.989998,22.527767,2016-11-03 15:47:01,0
2,113.91991399999999,22.534533,2016-11-03 15:47:04,1
4,114.143768,22.552532,2016-11-03 15:47:07,0
3,114.11966699999999,22.576883,2016-11-03 15:47:09,0
1,114.026932,22.523117000000003,2016-11-03 15:47:14,1
0,113.98958600000002,22.528833,2016-11-03 15:47:16,0
2,113.91983,22.533934,2016-11-03 15:47:19,1
4,114.143768,22.552532,2016-11-03 15:47:22,0
2,113.91983,22.533434,2016-11-03 15:47:27,1
1,114.027115,22.522917,2016-11-03 15:47:29,1
3,114.118301,22.576833999999998,2016-11-03 15:47:29,0
0,113.98958600000002,22.528868,2016-11-03 15:47:31,0
4,114.14353200000001,22.553217,2016-11-03 15:47:37,0
3,114.117065,22.576833999999998,2016-11-03 15:47:41,1
2,113.91968500000002,22.531933,2016-11-03 15:47:42,1
1,114.027451,22.5228,2016-11-03 15:47:44,1
0,113.988968,22.528783999999998,2016-11-03 15:47:46,0
4,114.14366899999999,22.554132,2016-11-03 15:47:52,0
2,113.91947900000001,22.531166,2016-11-03 15:47:56,1
1,114.02818300000001,22.52265,2016-11-03 15:47:59,1
3,114.11561599999999,22.577417,2016-11-03 15:48:01,1
0,113.988968,22.528783999999998,2016-11-03 15:48:01,0
4,114.143883,22.5553,2016-11-03 15:48:07,0
2,113.91935,22.529818,2016-11-03 15:48:12,1
1,114.028702,22.522333,2016-11-03 15:48:14,1
0,113.988968,22.528783999999998,2016-11-03 15:48:16,0
3,114.11681399999999,22.576418,2016-11-03 15:48:21,1
2,113.91922,22.529051000000003,2016-11-03 15:48:20,1
4,114.144966,22.555283,2016-11-03 15:48:22,0
1,114.028885,22.521998999999997,2016-11-03 15:48:29,1
0,113.988968,22.528783999999998,2016-11-03 15:48:31,0
2,113.91883100000001,22.5278,2016-11-03 15:48:34,1
4,114.145248,22.555267,2016-11-03 15:48:37,0
3,114.11606599999999,22.575832000000002,2016-11-03 15:48:41,1
1,114.029297,22.521532,2016-11-03 15:48:44,1
0,113.988968,22.528783999999998,2016-11-03 15:48:46,0
2,113.918732,22.527767,2016-11-03 15:48:50,1
4,114.14671299999999,22.555432999999997,2016-11-03 15:48:52,0
1,114.030083,22.522568,2016-11-03 15:48:59,1
0,113.988747,22.5296,2016-11-03 15:49:01,0
3,114.116547,22.576317,2016-11-03 15:49:01,1
2,113.918701,22.52775,2016-11-03 15:49:05,1
4,114.14866599999999,22.555799,2016-11-03 15:49:07,0
1,114.03108200000001,22.523733,2016-11-03 15:49:14,1
0,113.98933400000001,22.530282999999997,2016-11-03 15:49:16,0
2,113.918701,22.527767,2016-11-03 15:49:20,1
3,114.11805,22.576267,2016-11-03 15:49:21,1
4,114.15100100000001,22.556334,2016-11-03 15:49:22,0
1,114.03168500000001,22.523533,2016-11-03 15:49:29,1
0,113.991348,22.530634,2016-11-03 15:49:31,0
2,113.918671,22.527767,2016-11-03 15:49:34,1
1,114.031631,22.523518,2016-11-03 15:49:37,1
4,114.152946,22.557449,2016-11-03 15:49:37,0
3,114.11756899999999,22.575567000000003,2016-11-03 15:49:41,1
0,113.993347,22.531032999999997,2016-11-03 15:49:46,0
1,114.031586,22.52355,2016-11-03 15:49:52,1
2,113.91868600000001,22.527782000000002,2016-11-03 15:49:50,1
4,114.154999,22.559032000000002,2016-11-03 15:49:52,0
3,114.116951,22.576616,2016-11-03 15:50:01,1
0,113.993301,22.532932000000002,2016-11-03 15:50:01,0
4,114.15691399999999,22.560568,2016-11-03 15:50:07,0
2,113.918671,22.527718,2016-11-03 15:50:05,1
1,114.03157,22.523451,2016-11-03 15:50:07,1
0,113.993149,22.534,2016-11-03 15:50:16,0
3,114.115829,22.578768,2016-11-03 15:50:21,1
2,113.918648,22.527166,2016-11-03 15:50:20,1
1,114.03161599999999,22.523451,2016-11-03 15:50:22,1
4,114.15928600000001,22.561783,2016-11-03 15:50:22,0
0,113.99306499999999,22.534367,2016-11-03 15:50:31,0
4,114.16149899999999,22.562383999999998,2016-11-03 15:50:37,0
2,113.918434,22.526484,2016-11-03 15:50:35,1
1,114.03179899999999,22.523533,2016-11-03 15:50:37,1
3,114.11543300000001,22.579782,2016-11-03 15:50:41,1
3,114.11561599999999,22.579884,2016-11-03 15:50:47,0
0,113.992798,22.535833,2016-11-03 15:50:46,0
2,113.918198,22.525066,2016-11-03 15:50:50,1
1,114.032684,22.522932,2016-11-03 15:50:52,1
4,114.16362,22.562532,2016-11-03 15:50:52,0
0,113.992516,22.537701000000002,2016-11-03 15:51:01,0
2,113.918198,22.524883,2016-11-03 15:51:05,1
1,114.03353100000001,22.522467000000002,2016-11-03 15:51:07,1
3,114.11563100000001,22.579884,2016-11-03 15:51:07,0
4,114.16516899999999,22.562517,2016-11-03 15:51:07,0
0,113.992447,22.538,2016-11-03 15:51:16,0
2,113.91823600000001,22.5249,2016-11-03 15:51:20,1
1,114.033897,22.522301000000002,2016-11-03 15:51:22,1
4,114.16701499999999,22.562517,2016-11-03 15:51:22,0
3,114.11741599999999,22.580168,2016-11-03 15:51:28,0
2,113.91823600000001,22.524883,2016-11-03 15:51:28,1
0,113.9925,22.53845,2016-11-03 15:51:31,0
1,114.03476699999999,22.521883,2016-11-03 15:51:37,1
4,114.16806799999999,22.562532,2016-11-03 15:51:37,0
2,113.91832,22.524866,2016-11-03 15:51:43,1
0,113.9925,22.538483,2016-11-03 15:51:46,0
1,114.03501899999999,22.522051,2016-11-03 15:51:45,1
1,114.03501899999999,22.522051,2016-11-03 15:51:46,1
3,114.11882,22.579817000000002,2016-11-03 15:51:48,0
4,114.168182,22.561951,2016-11-03 15:51:52,0
1,114.035629,22.5224,2016-11-03 15:51:53,1
2,113.918152,22.524732999999998,2016-11-03 15:51:58,1
0,113.9925,22.538483,2016-11-03 15:52:01,0
3,114.12013200000001,22.578768,2016-11-03 15:52:08,0
1,114.036369,22.522966,2016-11-03 15:52:08,1
4,114.16901399999999,22.561832,2016-11-03 15:52:07,0
2,113.917953,22.523518,2016-11-03 15:52:13,1
0,113.9925,22.538483,2016-11-03 15:52:16,0
1,114.037102,22.523198999999998,2016-11-03 15:52:23,1
4,114.170547,22.561934,2016-11-03 15:52:22,0
3,114.121948,22.579017999999998,2016-11-03 15:52:28,0
2,113.917519,22.521717000000002,2016-11-03 15:52:28,1
0,113.9925,22.538483,2016-11-03 15:52:31,0
4,114.170898,22.562532,2016-11-03 15:52:37,0
1,114.03868100000001,22.522582999999997,2016-11-03 15:52:38,1
2,113.917381,22.521433,2016-11-03 15:52:43,1
1,114.040131,22.521867999999998,2016-11-03 15:52:46,1
0,113.992332,22.538883,2016-11-03 15:52:46,0
3,114.121948,22.579017999999998,2016-11-03 15:52:48,0
4,114.170868,22.563833,2016-11-03 15:52:52,0
2,113.917847,22.520782,2016-11-03 15:52:58,1
0,113.99203500000002,22.54035,2016-11-03 15:53:01,0
1,114.04146599999999,22.521133,2016-11-03 15:53:01,1
3,114.12276499999999,22.57855,2016-11-03 15:53:08,0
4,114.17085300000001,22.565367000000002,2016-11-03 15:53:07,0
2,113.91916699999999,22.519867,2016-11-03 15:53:13,1
0,113.991798,22.541567,2016-11-03 15:53:16,0
1,114.04153400000001,22.521168,2016-11-03 15:53:16,1
4,114.17083000000001,22.566566,2016-11-03 15:53:22,0
3,114.12318400000001,22.576218,2016-11-03 15:53:28,0
2,113.92036399999999,22.5189,2016-11-03 15:53:28,1
1,114.04293100000001,22.5205,2016-11-03 15:53:31,1
0,113.991699,22.542732,2016-11-03 15:53:31,0
4,114.170799,22.5667,2016-11-03 15:53:37,0
2,113.920235,22.5179,2016-11-03 15:53:43,1
1,114.045418,22.519282999999998,2016-11-03 15:53:46,1
0,113.991684,22.542868,2016-11-03 15:53:46,0
3,114.123901,22.574217,2016-11-03 15:53:48,0
4,114.170799,22.567083,2016-11-03 15:53:52,0
2,113.920685,22.517366,2016-11-03 15:53:58,1
1,114.048515,22.518383,2016-11-03 15:54:01,1
0,113.991753,22.542999,2016-11-03 15:54:01,0
4,114.17025,22.5681,2016-11-03 15:54:07,0
2,113.92112,22.516367000000002,2016-11-03 15:54:13,1
0,113.991447,22.543016,2016-11-03 15:54:16,0
3,114.12391699999999,22.5741,2016-11-03 15:54:08,0
3,114.12391699999999,22.5741,2016-11-03 15:54:09,1
4,114.169533,22.569468,2016-11-03 15:54:22,0
1,114.05051399999999,22.51815,2016-11-03 15:54:24,1
1,114.050499,22.51815,2016-11-03 15:54:25,1
2,113.92173000000001,22.515284,2016-11-03 15:54:28,1
3,114.12431299999999,22.572483,2016-11-03 15:54:29,1
0,113.991432,22.542417999999998,2016-11-03 15:54:31,0
4,114.168953,22.570517000000002,2016-11-03 15:54:37,0
1,114.050499,22.518167000000002,2016-11-03 15:54:39,1
2,113.92123400000001,22.514317000000002,2016-11-03 15:54:43,1
3,114.123268,22.571966,2016-11-03 15:54:49,1
4,114.168297,22.571716000000002,2016-11-03 15:54:52,0
1,114.050499,22.51815,2016-11-03 15:54:54,1
2,113.92103600000002,22.513817,2016-11-03 15:54:58,1
1,114.050568,22.51815,2016-11-03 15:55:09,1
4,114.16746499999999,22.571882000000002,2016-11-03 15:55:07,0
3,114.12226899999999,22.571733,2016-11-03 15:55:09,1
2,113.92093700000001,22.513567000000002,2016-11-03 15:55:13,1
0,113.9916,22.541866,2016-11-03 15:55:17,1
1,114.051933,22.51815,2016-11-03 15:55:24,1
4,114.16666399999998,22.571667,2016-11-03 15:55:22,0
2,113.920898,22.5131,2016-11-03 15:55:28,1
0,113.991753,22.541,2016-11-03 15:55:32,1
2,113.920616,22.5128,2016-11-03 15:55:42,1
3,114.122437,22.569767000000002,2016-11-03 15:55:29,1
4,114.16666399999998,22.571667,2016-11-03 15:55:37,0
0,113.99216499999999,22.538683,2016-11-03 15:55:47,1
3,114.122169,22.569201,2016-11-03 15:55:49,1
4,114.16666399999998,22.571667,2016-11-03 15:55:52,0
1,114.05511499999999,22.518499,2016-11-03 15:55:39,1
1,114.056969,22.518998999999997,2016-11-03 15:55:47,1
1,114.05819699999999,22.519432000000002,2016-11-03 15:55:55,1
2,113.920303,22.512117,2016-11-03 15:55:58,1
0,113.992554,22.536568,2016-11-03 15:56:02,1
2,113.920181,22.511932,2016-11-03 15:56:06,1
1,114.05871599999999,22.51965,2016-11-03 15:56:10,1
0,113.99276699999999,22.5354,2016-11-03 15:56:17,1
4,114.16666399999998,22.571667,2016-11-03 15:56:07,0
3,114.12162,22.569117000000002,2016-11-03 15:56:09,1
1,114.059303,22.519934,2016-11-03 15:56:25,1
0,113.993347,22.534451,2016-11-03 15:56:32,1
1,114.059715,22.520267,2016-11-03 15:56:33,1
2,113.920235,22.511967000000002,2016-11-03 15:56:21,1
2,113.920197,22.511967000000002,2016-11-03 15:56:29,1
2,113.92021899999999,22.511967000000002,2016-11-03 15:56:31,1
2,113.92028,22.511967000000002,2016-11-03 15:56:37,1
1,114.060402,22.5207,2016-11-03 15:56:42,1
0,113.995384,22.534533,2016-11-03 15:56:47,1
1,114.060966,22.521151,2016-11-03 15:56:48,1
2,113.92025,22.511932,2016-11-03 15:56:52,1
4,114.16666399999998,22.571667,2016-11-03 15:56:22,0
3,114.12028500000001,22.568783,2016-11-03 15:56:29,1
0,113.997482,22.534834,2016-11-03 15:57:02,1
4,114.16666399999998,22.571667,2016-11-03 15:56:37,0
1,114.061935,22.521967,2016-11-03 15:57:03,1
2,113.920303,22.511732000000002,2016-11-03 15:57:07,1
0,113.99971799999999,22.535316,2016-11-03 15:57:17,1
3,114.117668,22.568451,2016-11-03 15:56:49,1
4,114.16666399999998,22.571667,2016-11-03 15:56:52,0
4,114.16581699999999,22.571317999999998,2016-11-03 15:57:07,0
2,113.92116499999999,22.511351,2016-11-03 15:57:22,1
3,114.117065,22.569433,2016-11-03 15:57:09,1
4,114.16548200000001,22.570482000000002,2016-11-03 15:57:22,0
3,114.11768300000001,22.568583,2016-11-03 15:57:29,1
0,113.99994699999999,22.535383,2016-11-03 15:57:32,1
4,114.165497,22.569433,2016-11-03 15:57:37,0
2,113.921631,22.511232,2016-11-03 15:57:37,1
1,114.063217,22.525433,2016-11-03 15:57:41,1
1,114.063217,22.525433,2016-11-03 15:57:42,1
0,114.001297,22.535618,2016-11-03 15:57:47,1
1,114.06323200000001,22.525883,2016-11-03 15:57:49,1
3,114.11658500000001,22.568016,2016-11-03 15:57:49,1
4,114.165535,22.5683,2016-11-03 15:57:52,0
2,113.921783,22.511118,2016-11-03 15:57:52,0
2,113.92181399999998,22.511101,2016-11-03 15:58:00,0
0,114.001686,22.5357,2016-11-03 15:58:02,1
4,114.16556499999999,22.567133,2016-11-03 15:58:07,0
3,114.11591299999999,22.565718,2016-11-03 15:58:09,1
1,114.063332,22.527468,2016-11-03 15:58:12,1
2,113.921852,22.51115,2016-11-03 15:58:15,0
1,114.063332,22.527651000000002,2016-11-03 15:58:13,1
0,114.002319,22.535801,2016-11-03 15:58:17,1
1,114.063301,22.528183,2016-11-03 15:58:20,1
4,114.165154,22.566868,2016-11-03 15:58:22,0
3,114.114098,22.563999,2016-11-03 15:58:29,1
2,113.921799,22.51115,2016-11-03 15:58:30,0
0,114.002319,22.535801,2016-11-03 15:58:32,1
1,114.063347,22.529432,2016-11-03 15:58:35,1
4,114.16423,22.566816,2016-11-03 15:58:37,0
2,113.921829,22.511167999999998,2016-11-03 15:58:38,0
0,114.002319,22.535801,2016-11-03 15:58:47,1
3,114.11458600000002,22.5613,2016-11-03 15:58:49,1
1,114.063286,22.530282999999997,2016-11-03 15:58:50,1
4,114.16348300000001,22.566732000000002,2016-11-03 15:58:52,0
2,113.92168400000001,22.511232,2016-11-03 15:58:53,0
0,114.002319,22.535801,2016-11-03 15:59:02,1
1,114.063217,22.530451,2016-11-03 15:59:05,1
4,114.16336799999999,22.566282,2016-11-03 15:59:07,0
3,114.11509699999999,22.559017,2016-11-03 15:59:10,1
2,113.92134899999999,22.5114,2016-11-03 15:59:08,0
0,114.002296,22.535816,2016-11-03 15:59:17,1
1,114.06293500000001,22.529667,2016-11-03 15:59:20,1
4,114.1632,22.565468,2016-11-03 15:59:22,0
2,113.9207,22.511582999999998,2016-11-03 15:59:23,0
3,114.11268600000001,22.558849,2016-11-03 15:59:30,1
0,114.00228100000001,22.535816,2016-11-03 15:59:32,1
1,114.06291999999999,22.528717,2016-11-03 15:59:35,1
4,114.161781,22.565399,2016-11-03 15:59:37,0
2,113.920464,22.511618,2016-11-03 15:59:38,0
1,114.06295,22.528334,2016-11-03 15:59:43,1
0,114.00228100000001,22.535816,2016-11-03 15:59:47,1
3,114.111534,22.559834,2016-11-03 15:59:50,1
4,114.161369,22.564882,2016-11-03 15:59:52,0
2,113.92025,22.5114,2016-11-03 15:59:53,0
1,114.06289699999999,22.528151,2016-11-03 15:59:58,1
0,114.00228100000001,22.535816,2016-11-03 16:00:02,1
4,114.161369,22.564698999999997,2016-11-03 16:00:07,0
2,113.919731,22.510468,2016-11-03 16:00:08,0
3,114.11156499999998,22.558067,2016-11-03 16:00:10,1
1,114.06282,22.527732999999998,2016-11-03 16:00:13,0
0,114.00228100000001,22.535816,2016-11-03 16:00:17,1
1,114.06282,22.5277,2016-11-03 16:00:21,0
4,114.161369,22.564698999999997,2016-11-03 16:00:22,0
2,113.919418,22.50955,2016-11-03 16:00:23,0
3,114.11125200000001,22.557568,2016-11-03 16:00:30,1
0,114.00228100000001,22.535749,2016-11-03 16:00:32,1
1,114.06282,22.527651000000002,2016-11-03 16:00:35,0
2,113.919418,22.509332999999998,2016-11-03 16:00:38,0
0,114.00228100000001,22.535749,2016-11-03 16:00:47,1
1,114.06282,22.527384,2016-11-03 16:00:51,0
2,113.91938,22.509367,2016-11-03 16:00:53,0
1,114.062653,22.527317,2016-11-03 16:00:59,0
0,114.00233500000002,22.535767,2016-11-03 16:01:02,1
2,113.919403,22.5093,2016-11-03 16:01:08,0
1,114.06233200000001,22.527134,2016-11-03 16:01:14,0
0,114.002953,22.535868,2016-11-03 16:01:17,1
2,113.91936499999998,22.509317000000003,2016-11-03 16:01:23,0
1,114.061996,22.527267000000002,2016-11-03 16:01:29,0
0,114.002953,22.535868,2016-11-03 16:01:32,1
4,114.161369,22.564698999999997,2016-11-03 16:00:37,0
1,114.06183600000001,22.527517,2016-11-03 16:01:37,0
2,113.91928100000001,22.509317000000003,2016-11-03 16:01:38,0
3,114.11125200000001,22.557568,2016-11-03 16:00:50,1
4,114.16138500000001,22.564417000000002,2016-11-03 16:00:52,0
1,114.06168400000001,22.52755,2016-11-03 16:01:46,0
4,114.160797,22.564332999999998,2016-11-03 16:01:07,0
2,113.91923500000001,22.509317000000003,2016-11-03 16:01:46,0
3,114.11076399999999,22.557016,2016-11-03 16:01:10,1
0,114.002953,22.535868,2016-11-03 16:01:47,1
4,114.160797,22.564332999999998,2016-11-03 16:01:10,1
4,114.159218,22.564251000000002,2016-11-03 16:01:26,1
3,114.11076399999999,22.557016,2016-11-03 16:01:30,1
1,114.061501,22.527617000000003,2016-11-03 16:01:52,0
4,114.15802,22.564251000000002,2016-11-03 16:01:41,1
3,114.11076399999999,22.557016,2016-11-03 16:01:50,1
4,114.15802,22.564251000000002,2016-11-03 16:01:56,1
2,113.919266,22.5093,2016-11-03 16:02:01,0
0,114.002953,22.535868,2016-11-03 16:02:02,1
1,114.060799,22.527718,2016-11-03 16:02:07,0
3,114.11076399999999,22.557016,2016-11-03 16:02:10,1
4,114.15802,22.564251000000002,2016-11-03 16:02:11,1
2,113.91922,22.50915,2016-11-03 16:02:09,0
0,114.002953,22.535868,2016-11-03 16:02:17,1
4,114.157486,22.56325,2016-11-03 16:02:26,1
0,114.002953,22.535868,2016-11-03 16:02:32,1
3,114.11076399999999,22.557016,2016-11-03 16:02:30,1
4,114.157417,22.562082,2016-11-03 16:02:41,1
1,114.060432,22.5277,2016-11-03 16:02:16,0
1,114.06036399999999,22.527683,2016-11-03 16:02:22,0
1,114.06028,22.527666,2016-11-03 16:02:30,0
1,114.06026499999999,22.527666,2016-11-03 16:02:31,0
1,114.060204,22.527651000000002,2016-11-03 16:02:38,0
0,114.002953,22.535868,2016-11-03 16:02:47,1
1,114.060204,22.527634,2016-11-03 16:02:46,0
1,114.06021899999999,22.527634,2016-11-03 16:02:47,0
3,114.11001599999999,22.555933,2016-11-03 16:02:50,1
4,114.15728,22.5611,2016-11-03 16:02:56,1
1,114.06012,22.527599,2016-11-03 16:03:01,0
0,114.002953,22.535868,2016-11-03 16:03:02,1
3,114.109779,22.555082000000002,2016-11-03 16:03:10,1
4,114.156548,22.560534,2016-11-03 16:03:11,1
1,114.05961599999999,22.527599,2016-11-03 16:03:16,0
0,114.002953,22.535868,2016-11-03 16:03:17,1
4,114.155952,22.560167,2016-11-03 16:03:26,1
3,114.109749,22.553766,2016-11-03 16:03:30,1
1,114.059486,22.526783,2016-11-03 16:03:31,0
0,114.002953,22.535868,2016-11-03 16:03:32,1
1,114.05958600000001,22.5264,2016-11-03 16:03:39,0
4,114.155251,22.559584,2016-11-03 16:03:40,1
0,114.002953,22.535868,2016-11-03 16:03:47,1
3,114.11016799999999,22.5504,2016-11-03 16:03:50,1
1,114.059265,22.525999,2016-11-03 16:03:54,0
4,114.154198,22.558617,2016-11-03 16:03:56,1
2,113.91883100000001,22.508232,2016-11-03 16:02:33,0
2,113.9188,22.508249,2016-11-03 16:02:39,0
2,113.918671,22.508266,2016-11-03 16:02:47,0
1,114.05871599999999,22.525984,2016-11-03 16:04:02,0
0,114.002953,22.535868,2016-11-03 16:04:02,1
3,114.11031299999999,22.549351,2016-11-03 16:04:10,1
4,114.15255,22.557301000000002,2016-11-03 16:04:10,1
0,114.00313600000001,22.5364,2016-11-03 16:04:17,1
1,114.05763200000001,22.5259,2016-11-03 16:04:17,0
1,114.05743400000001,22.525949,2016-11-03 16:04:25,0
4,114.15018500000001,22.55625,2016-11-03 16:04:26,1
3,114.110298,22.548233,2016-11-03 16:04:30,1
0,114.003731,22.536966,2016-11-03 16:04:32,1
1,114.056633,22.525949,2016-11-03 16:04:40,0
4,114.14866599999999,22.555918,2016-11-03 16:04:41,1
0,114.005531,22.537083,2016-11-03 16:04:47,1
3,114.11031299999999,22.547684,2016-11-03 16:04:50,1
1,114.05435200000001,22.525949,2016-11-03 16:04:55,0
4,114.14668300000001,22.55555,2016-11-03 16:04:55,1
0,114.006165,22.537167,2016-11-03 16:05:02,0
1,114.053352,22.525932,2016-11-03 16:05:03,0
3,114.109848,22.546568,2016-11-03 16:05:10,1
4,114.14391299999998,22.555599,2016-11-03 16:05:11,1
1,114.052231,22.525932,2016-11-03 16:05:18,0
0,114.006165,22.537167,2016-11-03 16:05:17,0
4,114.14228100000001,22.555782,2016-11-03 16:05:26,1
3,114.10976399999998,22.5446,2016-11-03 16:05:30,1
0,114.006302,22.537201,2016-11-03 16:05:32,0
1,114.05138400000001,22.52585,2016-11-03 16:05:33,0
4,114.140732,22.556482,2016-11-03 16:05:41,1
2,113.915604,22.510332000000002,2016-11-03 16:05:43,1
0,114.006851,22.537333,2016-11-03 16:05:47,0
2,113.91548200000001,22.510468,2016-11-03 16:05:47,1
1,114.050133,22.52585,2016-11-03 16:05:48,0
3,114.11001599999999,22.542717,2016-11-03 16:05:50,1
2,113.915199,22.5107,2016-11-03 16:05:55,1
4,114.139168,22.557117,2016-11-03 16:05:55,1
1,114.04834699999999,22.525883,2016-11-03 16:06:05,0
0,114.00738500000001,22.537382,2016-11-03 16:06:02,0
3,114.110046,22.542334,2016-11-03 16:06:10,1
2,113.91446699999999,22.51115,2016-11-03 16:06:10,1
1,114.04793500000001,22.525883,2016-11-03 16:06:11,0
4,114.13777900000001,22.556283999999998,2016-11-03 16:06:10,1
0,114.008133,22.537666,2016-11-03 16:06:17,0
2,113.914047,22.511417,2016-11-03 16:06:18,1
1,114.04733300000001,22.525833,2016-11-03 16:06:26,0
4,114.13868000000001,22.554716,2016-11-03 16:06:26,1
3,114.11031299999999,22.54175,2016-11-03 16:06:30,1
2,113.913284,22.512449,2016-11-03 16:06:33,1
1,114.046402,22.525734,2016-11-03 16:06:41,0
2,113.912651,22.513082999999998,2016-11-03 16:06:41,1
4,114.13858,22.553617000000003,2016-11-03 16:06:40,1
0,114.008118,22.538218,2016-11-03 16:06:32,0
0,114.007713,22.538267,2016-11-03 16:06:47,0
3,114.108368,22.541468,2016-11-03 16:06:50,1
1,114.04525,22.525801,2016-11-03 16:06:56,0
4,114.137421,22.55175,2016-11-03 16:06:56,1
2,113.911781,22.514418,2016-11-03 16:06:56,1
0,114.00728600000001,22.538116,2016-11-03 16:07:02,0
2,113.91127,22.515118,2016-11-03 16:07:04,1
3,114.107399,22.541451000000002,2016-11-03 16:07:10,1
1,114.04488400000001,22.525932,2016-11-03 16:07:11,0
0,114.00651599999999,22.537848999999998,2016-11-03 16:07:17,0
4,114.13618500000001,22.550082999999997,2016-11-03 16:07:11,1
2,113.912231,22.516268,2016-11-03 16:07:19,1
4,114.1343,22.54945,2016-11-03 16:07:26,1
3,114.10733,22.541451000000002,2016-11-03 16:07:30,1
0,114.00610400000001,22.537901,2016-11-03 16:07:32,0
2,113.913132,22.517067,2016-11-03 16:07:34,1
0,114.00515,22.537682999999998,2016-11-03 16:07:47,0
4,114.13243100000001,22.549116,2016-11-03 16:07:41,1
3,114.106117,22.541332,2016-11-03 16:07:50,1
2,113.91411599999999,22.51795,2016-11-03 16:07:49,1
4,114.132332,22.549101,2016-11-03 16:07:56,1
2,113.91411599999999,22.517933,2016-11-03 16:07:57,1
0,114.004501,22.537767000000002,2016-11-03 16:08:02,0
3,114.104698,22.540817,2016-11-03 16:08:10,1
4,114.132332,22.549101,2016-11-03 16:08:11,1
2,113.91408500000001,22.517933,2016-11-03 16:08:12,1
1,114.044968,22.526684,2016-11-03 16:07:26,0
1,114.045052,22.527282999999997,2016-11-03 16:07:34,0
0,114.003899,22.537582,2016-11-03 16:08:17,0
1,114.04506699999999,22.527384,2016-11-03 16:07:35,0
1,114.04512,22.527517,2016-11-03 16:07:42,0
1,114.04531899999999,22.527533,2016-11-03 16:07:50,0
1,114.04536399999999,22.527533,2016-11-03 16:07:51,0
1,114.045731,22.527433,2016-11-03 16:08:05,0
1,114.04616499999999,22.52755,2016-11-03 16:08:13,0
1,114.04616499999999,22.52755,2016-11-03 16:08:14,0
1,114.04643200000001,22.52755,2016-11-03 16:08:21,0
4,114.13155400000001,22.548932999999998,2016-11-03 16:08:25,1
3,114.103951,22.540501000000003,2016-11-03 16:08:30,1
0,114.003899,22.537582,2016-11-03 16:08:32,0
1,114.046799,22.527582000000002,2016-11-03 16:08:36,0
2,113.91408500000001,22.517967000000002,2016-11-03 16:08:36,1
4,114.129547,22.548616,2016-11-03 16:08:41,1
2,113.914101,22.517933,2016-11-03 16:08:42,1
3,114.10298200000001,22.540466000000002,2016-11-03 16:08:41,0
0,114.00358600000001,22.537518,2016-11-03 16:08:47,0
1,114.04713400000001,22.527082,2016-11-03 16:08:51,0
4,114.127701,22.548317,2016-11-03 16:08:56,1
2,113.91466499999999,22.518482000000002,2016-11-03 16:08:57,1
3,114.10298200000001,22.540466000000002,2016-11-03 16:09:01,0
0,114.00358600000001,22.537518,2016-11-03 16:09:02,0
1,114.046951,22.526182000000002,2016-11-03 16:09:06,0
4,114.126465,22.548134,2016-11-03 16:09:11,1
2,113.91566499999999,22.519484,2016-11-03 16:09:12,1
1,114.046829,22.525833,2016-11-03 16:09:14,0
0,114.002968,22.537399,2016-11-03 16:09:17,0
3,114.10257,22.54055,2016-11-03 16:09:21,0
3,114.102547,22.540982999999997,2016-11-03 16:09:27,1
2,113.91642,22.520117000000003,2016-11-03 16:09:27,1
1,114.0467,22.525717,2016-11-03 16:09:29,0
4,114.126465,22.548134,2016-11-03 16:09:26,1
0,114.00267,22.538082,2016-11-03 16:09:32,0
2,113.916618,22.52035,2016-11-03 16:09:42,0
1,114.0467,22.525717,2016-11-03 16:09:44,0
4,114.126465,22.548134,2016-11-03 16:09:41,1
0,114.00208300000001,22.538732999999997,2016-11-03 16:09:47,0
3,114.101868,22.541401,2016-11-03 16:09:47,1
4,114.126465,22.548134,2016-11-03 16:09:56,1
2,113.91664899999999,22.52025,2016-11-03 16:09:57,0
1,114.04598200000001,22.525748999999998,2016-11-03 16:09:59,0
0,114.00091599999999,22.5385,2016-11-03 16:10:01,0
3,114.10189799999999,22.542717,2016-11-03 16:10:07,1
4,114.126465,22.548134,2016-11-03 16:10:11,1
2,113.916702,22.520267,2016-11-03 16:10:12,0
1,114.04506699999999,22.525833,2016-11-03 16:10:14,0
0,114.00095400000001,22.537382,2016-11-03 16:10:17,0
4,114.126465,22.548134,2016-11-03 16:10:26,1
3,114.101982,22.543716,2016-11-03 16:10:27,1
2,113.916817,22.520367,2016-11-03 16:10:27,1
0,114.001152,22.5373,2016-11-03 16:10:32,0
4,114.125153,22.547916,2016-11-03 16:10:41,1
2,113.91705300000001,22.520666000000002,2016-11-03 16:10:42,1
0,114.00136599999999,22.5373,2016-11-03 16:10:47,0
3,114.103569,22.544148999999997,2016-11-03 16:10:47,1
4,114.12411499999999,22.547716,2016-11-03 16:10:56,1
2,113.91698500000001,22.520651,2016-11-03 16:10:57,1
0,114.001434,22.537251,2016-11-03 16:11:02,0
3,114.105515,22.544382000000002,2016-11-03 16:11:07,1
4,114.12411499999999,22.547716,2016-11-03 16:11:11,1
2,113.91698500000001,22.520634,2016-11-03 16:11:12,1
0,114.001434,22.537251,2016-11-03 16:11:17,0
3,114.10553,22.544382000000002,2016-11-03 16:11:27,1
2,113.91713,22.520884,2016-11-03 16:11:27,1
0,114.001648,22.537232999999997,2016-11-03 16:11:32,0
4,114.122597,22.547483,2016-11-03 16:11:26,1
4,114.12024699999999,22.5471,2016-11-03 16:11:41,1
2,113.91761799999999,22.522284,2016-11-03 16:11:42,1
3,114.10553,22.544382000000002,2016-11-03 16:11:47,1
0,114.00238,22.537367,2016-11-03 16:11:47,0
4,114.1194,22.546948999999998,2016-11-03 16:11:56,1
2,113.917969,22.52405,2016-11-03 16:11:57,1
0,114.00267,22.537232999999997,2016-11-03 16:12:01,0
2,113.91811399999999,22.524567,2016-11-03 16:12:06,1
3,114.10553,22.544382000000002,2016-11-03 16:12:07,1
4,114.11837,22.546833,2016-11-03 16:12:11,1
0,114.002899,22.5366,2016-11-03 16:12:17,0
2,113.91813700000002,22.525066,2016-11-03 16:12:21,1
4,114.11738600000001,22.546682,2016-11-03 16:12:26,1
3,114.10553,22.544382000000002,2016-11-03 16:12:27,1
2,113.918282,22.525682,2016-11-03 16:12:29,1
0,114.002899,22.5366,2016-11-03 16:12:32,0
4,114.11738600000001,22.546682,2016-11-03 16:12:41,1
2,113.918449,22.526833,2016-11-03 16:12:44,1
3,114.10553,22.544382000000002,2016-11-03 16:12:47,1
0,114.002899,22.5366,2016-11-03 16:12:47,0
2,113.91835,22.526783,2016-11-03 16:12:52,1
4,114.11738600000001,22.546682,2016-11-03 16:12:56,1
0,114.002899,22.5366,2016-11-03 16:13:02,0
3,114.10553,22.544382000000002,2016-11-03 16:13:07,1
2,113.91835,22.526751,2016-11-03 16:13:07,1
4,114.11738600000001,22.546682,2016-11-03 16:13:11,1
1,114.041969,22.5214,2016-11-03 16:13:12,0
0,114.002899,22.5366,2016-11-03 16:13:17,0
2,113.918365,22.526699,2016-11-03 16:13:22,1
4,114.11738600000001,22.546682,2016-11-03 16:13:26,1
3,114.10553,22.544382000000002,2016-11-03 16:13:27,1
1,114.041946,22.5214,2016-11-03 16:13:28,0
0,114.002899,22.5366,2016-11-03 16:13:32,0
1,114.041946,22.5214,2016-11-03 16:13:35,0
2,113.918419,22.527017999999998,2016-11-03 16:13:37,1
4,114.11738600000001,22.546682,2016-11-03 16:13:41,1
3,114.10627,22.545082,2016-11-03 16:13:47,1
0,114.002899,22.5366,2016-11-03 16:13:47,0
1,114.041946,22.521383,2016-11-03 16:13:50,0
2,113.918152,22.527433,2016-11-03 16:13:52,1
4,114.11738600000001,22.546682,2016-11-03 16:13:56,1
2,113.917847,22.5275,2016-11-03 16:14:00,1
0,114.002899,22.5366,2016-11-03 16:14:02,0
1,114.041969,22.5214,2016-11-03 16:14:05,0
3,114.106247,22.545982000000002,2016-11-03 16:14:07,1
4,114.11738600000001,22.546682,2016-11-03 16:14:11,1
1,114.041969,22.5214,2016-11-03 16:14:13,0
0,114.00313600000001,22.536082999999998,2016-11-03 16:14:17,0
2,113.917519,22.527533,2016-11-03 16:14:24,1
4,114.11738600000001,22.546682,2016-11-03 16:14:26,1
3,114.106247,22.545982000000002,2016-11-03 16:14:27,1
1,114.04188500000001,22.52125,2016-11-03 16:14:27,0
2,113.917519,22.52755,2016-11-03 16:14:30,1
0,114.003349,22.534834,2016-11-03 16:14:32,0
4,114.11563100000001,22.5464,2016-11-03 16:14:41,1
1,114.042984,22.520432999999997,2016-11-03 16:14:43,0
2,113.91713,22.527599,2016-11-03 16:14:45,1
3,114.106247,22.545982000000002,2016-11-03 16:14:47,1
0,114.00358600000001,22.533567,2016-11-03 16:14:47,0
2,113.917099,22.527599,2016-11-03 16:14:52,1
4,114.11446399999998,22.546183,2016-11-03 16:14:56,1
1,114.04499799999999,22.519432000000002,2016-11-03 16:14:57,0
0,114.00363200000001,22.5334,2016-11-03 16:15:02,0
3,114.106247,22.545982000000002,2016-11-03 16:15:07,1
2,113.917152,22.527599,2016-11-03 16:15:07,1
4,114.11446399999998,22.546183,2016-11-03 16:15:11,1
1,114.04766799999999,22.518566,2016-11-03 16:15:13,0
0,114.00363200000001,22.5334,2016-11-03 16:15:17,0
2,113.917152,22.527599,2016-11-03 16:15:22,1
4,114.11446399999998,22.546183,2016-11-03 16:15:26,1
3,114.106247,22.545982000000002,2016-11-03 16:15:27,1
1,114.049553,22.518133,2016-11-03 16:15:28,0
0,114.00363200000001,22.5334,2016-11-03 16:15:32,0
2,113.91711399999998,22.527599,2016-11-03 16:15:37,1
4,114.11446399999998,22.546183,2016-11-03 16:15:41,1
1,114.050735,22.517817,2016-11-03 16:15:43,0
3,114.105934,22.546568,2016-11-03 16:15:47,1
0,114.003685,22.533234,2016-11-03 16:15:47,0
2,113.916801,22.527634,2016-11-03 16:15:52,1
4,114.11446399999998,22.546183,2016-11-03 16:15:56,1
1,114.050499,22.5163,2016-11-03 16:15:58,0
2,113.91656499999999,22.5278,2016-11-03 16:16:01,1
0,114.00358600000001,22.534133999999998,2016-11-03 16:16:02,0
3,114.10513300000001,22.548033,2016-11-03 16:16:07,1
4,114.11446399999998,22.546183,2016-11-03 16:16:11,1
1,114.050949,22.513866,2016-11-03 16:16:13,0
2,113.91653400000001,22.528382999999998,2016-11-03 16:16:16,1
0,114.00344799999999,22.534817,2016-11-03 16:16:16,1
4,114.11446399999998,22.546183,2016-11-03 16:16:26,1
3,114.10506399999998,22.549999,2016-11-03 16:16:27,1
1,114.05138400000001,22.511766,2016-11-03 16:16:28,0
2,113.91655,22.529217000000003,2016-11-03 16:16:31,1
0,114.00331899999999,22.535351000000002,2016-11-03 16:16:31,1
2,113.91655,22.529617000000002,2016-11-03 16:16:39,1
4,114.11446399999998,22.546183,2016-11-03 16:16:41,1
1,114.051399,22.511566000000002,2016-11-03 16:16:43,0
3,114.10524699999999,22.550817000000002,2016-11-03 16:16:47,1
0,114.00325,22.53545,2016-11-03 16:16:47,1
4,114.113068,22.545851000000003,2016-11-03 16:16:56,1
2,113.91626699999999,22.530367000000002,2016-11-03 16:16:54,1
1,114.051353,22.511368,2016-11-03 16:16:58,0
0,114.00325,22.53545,2016-11-03 16:17:02,1
1,114.051331,22.511132999999997,2016-11-03 16:17:05,0
3,114.105347,22.551718,2016-11-03 16:17:07,1
4,114.11086999999999,22.545548999999998,2016-11-03 16:17:11,1
2,113.916283,22.530884,2016-11-03 16:17:09,1
0,114.00326499999998,22.535517000000002,2016-11-03 16:17:17,1
1,114.050835,22.510983,2016-11-03 16:17:21,0
2,113.916283,22.531017000000002,2016-11-03 16:17:24,1
4,114.10906999999999,22.545282,2016-11-03 16:17:26,1
3,114.104836,22.552151000000002,2016-11-03 16:17:27,1
0,114.00426499999999,22.536051,2016-11-03 16:17:32,1
1,114.05016299999998,22.511217000000002,2016-11-03 16:17:36,0
2,113.916229,22.531116,2016-11-03 16:17:39,1
4,114.107681,22.545099,2016-11-03 16:17:41,1
3,114.104836,22.552151000000002,2016-11-03 16:17:47,1
2,113.916183,22.531183,2016-11-03 16:17:47,1
0,114.006599,22.536483999999998,2016-11-03 16:17:47,1
1,114.05006399999999,22.511983999999998,2016-11-03 16:17:51,0
4,114.106834,22.544968,2016-11-03 16:17:56,1
1,114.05003400000001,22.512383,2016-11-03 16:17:59,0
2,113.915283,22.531098999999998,2016-11-03 16:18:02,1
0,114.00821699999999,22.536783,2016-11-03 16:18:02,1
3,114.104836,22.552151000000002,2016-11-03 16:18:07,1
4,114.106171,22.545601,2016-11-03 16:18:11,1
1,114.05088,22.512684,2016-11-03 16:18:14,0
2,113.91428400000001,22.531151,2016-11-03 16:18:17,1
0,114.009819,22.537067,2016-11-03 16:18:17,1
4,114.10613300000001,22.545683,2016-11-03 16:18:26,1
3,114.104836,22.552151000000002,2016-11-03 16:18:27,1
1,114.052399,22.512966,2016-11-03 16:18:29,0
2,113.913498,22.531282,2016-11-03 16:18:32,1
0,114.012253,22.537434,2016-11-03 16:18:32,1
4,114.10613300000001,22.545683,2016-11-03 16:18:41,1
1,114.05356599999999,22.513282999999998,2016-11-03 16:18:44,0
3,114.10426299999999,22.55195,2016-11-03 16:18:47,1
2,113.91278100000001,22.531267,2016-11-03 16:18:47,1
0,114.01432,22.537817,2016-11-03 16:18:47,1
4,114.10613300000001,22.545683,2016-11-03 16:18:56,1
1,114.055054,22.513767,2016-11-03 16:18:59,0
2,113.912567,22.531218,2016-11-03 16:19:02,1
0,114.017319,22.53825,2016-11-03 16:19:03,1
3,114.10392,22.552967000000002,2016-11-03 16:19:07,1
4,114.106148,22.546118,2016-11-03 16:19:11,1
1,114.055199,22.513832,2016-11-03 16:19:14,0
2,113.912598,22.531267,2016-11-03 16:19:17,1
0,114.01988200000001,22.538717000000002,2016-11-03 16:19:17,1
4,114.106148,22.546,2016-11-03 16:19:26,1
3,114.10410300000001,22.553867,2016-11-03 16:19:27,1
1,114.055199,22.513901,2016-11-03 16:19:29,0
2,113.912636,22.531317,2016-11-03 16:19:32,1
4,114.106117,22.5453,2016-11-03 16:19:41,1
1,114.055603,22.514132999999998,2016-11-03 16:19:44,0
0,114.02291899999999,22.539351,2016-11-03 16:19:32,1
0,114.024864,22.539749,2016-11-03 16:19:45,1
3,114.10408000000001,22.554716,2016-11-03 16:19:47,1
2,113.912102,22.531282,2016-11-03 16:19:47,1
0,114.0252,22.539801,2016-11-03 16:19:47,1
1,114.056168,22.514366,2016-11-03 16:19:52,0
2,113.91156799999999,22.531366000000002,2016-11-03 16:19:55,1
4,114.106117,22.5453,2016-11-03 16:19:56,1
2,113.91156799999999,22.531366000000002,2016-11-03 16:19:56,1
0,114.027832,22.540182,2016-11-03 16:20:02,1
3,114.10408000000001,22.554716,2016-11-03 16:20:07,1
2,113.911484,22.531384,2016-11-03 16:20:10,0
4,114.106117,22.5453,2016-11-03 16:20:11,1
1,114.056602,22.514532,2016-11-03 16:20:07,1
0,114.029381,22.540417,2016-11-03 16:20:17,1
2,113.91153,22.531349,2016-11-03 16:20:25,0
4,114.106117,22.5453,2016-11-03 16:20:26,1
3,114.10410300000001,22.555232999999998,2016-11-03 16:20:27,1
1,114.057152,22.514816,2016-11-03 16:20:15,1
2,113.91143000000001,22.5313,2016-11-03 16:20:40,0
4,114.106117,22.5453,2016-11-03 16:20:41,1
3,114.10410300000001,22.555232999999998,2016-11-03 16:20:47,1
1,114.057236,22.514882999999998,2016-11-03 16:20:17,1
1,114.057381,22.515051,2016-11-03 16:20:23,1
2,113.91093400000001,22.531334,2016-11-03 16:20:55,0
4,114.106117,22.5453,2016-11-03 16:20:56,1
1,114.057701,22.515266,2016-11-03 16:20:32,1
0,114.03315,22.541017999999998,2016-11-03 16:20:47,1
1,114.058067,22.515516,2016-11-03 16:20:38,1
1,114.05873100000001,22.515949,2016-11-03 16:20:46,1
1,114.058899,22.516083,2016-11-03 16:20:48,1
1,114.05946399999999,22.516417,2016-11-03 16:20:54,1
0,114.03571299999999,22.541451000000002,2016-11-03 16:21:02,1
3,114.10416399999998,22.55555,2016-11-03 16:21:07,1
1,114.06102,22.517532,2016-11-03 16:21:09,1
2,113.910881,22.531366000000002,2016-11-03 16:21:10,0
4,114.106117,22.5453,2016-11-03 16:21:11,1
0,114.03817,22.541883,2016-11-03 16:21:17,1
2,113.910866,22.531401000000002,2016-11-03 16:21:25,0
1,114.06168400000001,22.517982,2016-11-03 16:21:18,1
1,114.06221799999999,22.518432999999998,2016-11-03 16:21:24,1
1,114.06308,22.519199,2016-11-03 16:21:39,1
2,113.910866,22.531418,2016-11-03 16:21:40,0
4,114.106117,22.5453,2016-11-03 16:21:26,1
3,114.10416399999998,22.55555,2016-11-03 16:21:27,1
0,114.038651,22.541983,2016-11-03 16:21:32,1
0,114.03952,22.542168,2016-11-03 16:21:47,1
2,113.91078200000001,22.531418,2016-11-03 16:21:55,0
0,114.041351,22.542368,2016-11-03 16:22:02,1
1,114.06286599999999,22.51955,2016-11-03 16:21:54,1
1,114.062752,22.519632,2016-11-03 16:22:03,1
1,114.062752,22.519632,2016-11-03 16:22:04,1
2,113.910454,22.531982,2016-11-03 16:22:10,0
1,114.062119,22.52025,2016-11-03 16:22:10,1
4,114.106148,22.544817000000002,2016-11-03 16:21:41,1
0,114.043182,22.542382999999997,2016-11-03 16:22:18,1
3,114.10423300000001,22.555733,2016-11-03 16:21:47,1
4,114.107452,22.544832,2016-11-03 16:21:56,1
2,113.910385,22.533751000000002,2016-11-03 16:22:25,0
1,114.06192,22.5205,2016-11-03 16:22:25,1
3,114.10416399999998,22.556232,2016-11-03 16:22:07,1
4,114.108452,22.544916,2016-11-03 16:22:11,1
4,114.108452,22.544916,2016-11-03 16:22:23,0
3,114.10406499999999,22.558001,2016-11-03 16:22:27,1
0,114.04525,22.542382999999997,2016-11-03 16:22:32,1
4,114.108452,22.544916,2016-11-03 16:22:38,0
1,114.06158400000001,22.520782,2016-11-03 16:22:40,1
2,113.9105,22.534901,2016-11-03 16:22:40,0
3,114.10410300000001,22.558167,2016-11-03 16:22:47,1
0,114.04746999999999,22.542417999999998,2016-11-03 16:22:48,1
2,113.910851,22.535217000000003,2016-11-03 16:22:47,0
4,114.10843700000001,22.544518,2016-11-03 16:22:53,0
1,114.061501,22.521418,2016-11-03 16:22:55,1
0,114.0476,22.5424,2016-11-03 16:23:03,1
2,113.91176599999999,22.535299,2016-11-03 16:23:02,0
3,114.10410300000001,22.558167,2016-11-03 16:23:07,1
4,114.10843700000001,22.544468,2016-11-03 16:23:08,0
0,114.0476,22.5424,2016-11-03 16:23:18,1
2,113.91188000000001,22.535334,2016-11-03 16:23:17,0
4,114.108551,22.54495,2016-11-03 16:23:23,0
3,114.105148,22.558598999999997,2016-11-03 16:23:27,1
0,114.04853100000001,22.542417999999998,2016-11-03 16:23:32,1
2,113.91298700000002,22.535418,2016-11-03 16:23:32,0
4,114.109352,22.545168,2016-11-03 16:23:38,0
1,114.063271,22.525833,2016-11-03 16:23:36,1
3,114.10704799999999,22.558117000000003,2016-11-03 16:23:47,1
0,114.050797,22.54245,2016-11-03 16:23:47,1
2,113.91383400000001,22.535566,2016-11-03 16:23:47,0
1,114.063248,22.525801,2016-11-03 16:23:49,1
4,114.111053,22.545467000000002,2016-11-03 16:23:53,0
2,113.91376499999998,22.535534,2016-11-03 16:24:02,0
0,114.053665,22.542067000000003,2016-11-03 16:24:03,1
1,114.06323200000001,22.525766,2016-11-03 16:24:05,1
3,114.10738400000001,22.5597,2016-11-03 16:24:07,1
4,114.112968,22.545782,2016-11-03 16:24:08,0
1,114.06323200000001,22.525766,2016-11-03 16:24:12,1
0,114.05608400000001,22.542182999999998,2016-11-03 16:24:17,1
2,113.913696,22.535549,2016-11-03 16:24:17,0
4,114.114349,22.546066,2016-11-03 16:24:23,0
3,114.10685,22.562616000000002,2016-11-03 16:24:27,1
1,114.06323200000001,22.525734,2016-11-03 16:24:27,1
2,113.913734,22.535467,2016-11-03 16:24:32,0
0,114.058853,22.542417999999998,2016-11-03 16:24:32,1
1,114.063217,22.5261,2016-11-03 16:24:35,1
4,114.115501,22.546232,2016-11-03 16:24:38,0
3,114.10686499999998,22.564332999999998,2016-11-03 16:24:47,1
2,113.913849,22.53545,2016-11-03 16:24:47,0
1,114.063217,22.527517,2016-11-03 16:24:48,1
4,114.11636399999999,22.546316,2016-11-03 16:24:53,0
2,113.91428400000001,22.535632999999997,2016-11-03 16:25:02,0
1,114.063202,22.529301,2016-11-03 16:25:06,1
3,114.107216,22.566017000000002,2016-11-03 16:25:07,1
4,114.11648600000001,22.546368,2016-11-03 16:25:08,0
2,113.91443600000001,22.536867,2016-11-03 16:25:17,0
4,114.11648600000001,22.546368,2016-11-03 16:25:23,0
3,114.107353,22.566401000000003,2016-11-03 16:25:27,1
2,113.914551,22.537634,2016-11-03 16:25:32,0
4,114.11648600000001,22.546368,2016-11-03 16:25:38,0
1,114.063217,22.53145,2016-11-03 16:25:29,1
1,114.063217,22.53145,2016-11-03 16:25:30,1
1,114.063469,22.531482999999998,2016-11-03 16:25:37,1
1,114.064186,22.53145,2016-11-03 16:25:45,1
3,114.107353,22.566401000000003,2016-11-03 16:25:47,1
2,113.914803,22.539082999999998,2016-11-03 16:25:47,0
4,114.11648600000001,22.546368,2016-11-03 16:25:53,0
2,113.914948,22.539883,2016-11-03 16:25:56,0
1,114.065964,22.531349,2016-11-03 16:26:00,1
3,114.107353,22.566401000000003,2016-11-03 16:26:07,1
1,114.066879,22.530767,2016-11-03 16:26:08,1
4,114.11648600000001,22.546368,2016-11-03 16:26:08,0
0,114.06336999999999,22.538017,2016-11-03 16:26:09,1
2,113.915047,22.54085,2016-11-03 16:26:11,0
0,114.06336999999999,22.538017,2016-11-03 16:26:15,1
4,114.11768300000001,22.546568,2016-11-03 16:26:23,0
2,113.915283,22.541866,2016-11-03 16:26:26,0
3,114.107353,22.566401000000003,2016-11-03 16:26:27,1
1,114.06793200000001,22.528982,2016-11-03 16:26:23,1
0,114.06336999999999,22.538017,2016-11-03 16:26:33,1
1,114.067619,22.528168,2016-11-03 16:26:31,1
1,114.067619,22.528168,2016-11-03 16:26:32,1
1,114.067101,22.527148999999998,2016-11-03 16:26:39,1
4,114.118752,22.546734,2016-11-03 16:26:38,0
2,113.915451,22.542883,2016-11-03 16:26:41,0
0,114.06336999999999,22.538017,2016-11-03 16:26:45,1
3,114.107353,22.566401000000003,2016-11-03 16:26:47,1
1,114.06608600000001,22.5252,2016-11-03 16:26:54,1
4,114.120384,22.546984,2016-11-03 16:26:53,0
2,113.91552,22.542832999999998,2016-11-03 16:26:56,0
0,114.06336999999999,22.538017,2016-11-03 16:26:59,1
2,113.915764,22.543083,2016-11-03 16:27:04,0
2,113.91588600000001,22.543132999999997,2016-11-03 16:27:05,0
3,114.107353,22.566401000000003,2016-11-03 16:27:07,1
4,114.12103300000001,22.547167,2016-11-03 16:27:08,0
2,113.91656499999999,22.54315,2016-11-03 16:27:12,0
0,114.06336999999999,22.537567000000003,2016-11-03 16:27:15,1
1,114.065018,22.52305,2016-11-03 16:27:17,1
4,114.12208600000001,22.5474,2016-11-03 16:27:23,0
1,114.06541399999999,22.522917,2016-11-03 16:27:25,1
3,114.10762,22.567432,2016-11-03 16:27:27,1
2,113.91811399999999,22.54315,2016-11-03 16:27:27,0
0,114.064079,22.537434,2016-11-03 16:27:30,1
4,114.12348200000001,22.547583,2016-11-03 16:27:38,0
1,114.066383,22.522582999999997,2016-11-03 16:27:40,1
0,114.064079,22.537451,2016-11-03 16:27:45,1
3,114.10775,22.567751,2016-11-03 16:27:47,1
1,114.06752,22.522301000000002,2016-11-03 16:27:55,1
4,114.12451899999999,22.547732999999997,2016-11-03 16:27:53,0
0,114.064079,22.537451,2016-11-03 16:28:00,1
3,114.107697,22.569,2016-11-03 16:28:07,1
4,114.124619,22.54775,2016-11-03 16:28:08,0
1,114.06815300000001,22.52195,2016-11-03 16:28:10,1
0,114.06401799999999,22.536617,2016-11-03 16:28:15,1
2,113.918198,22.543167,2016-11-03 16:27:42,0
2,113.918182,22.5432,2016-11-03 16:27:50,0
2,113.918182,22.5432,2016-11-03 16:27:51,0
2,113.918198,22.5432,2016-11-03 16:27:57,0
2,113.918198,22.543182,2016-11-03 16:28:06,0
2,113.918221,22.543182,2016-11-03 16:28:07,0
2,113.918198,22.543233999999998,2016-11-03 16:28:21,0
4,114.125198,22.547867,2016-11-03 16:28:23,0
3,114.107666,22.569668,2016-11-03 16:28:28,1
4,114.126297,22.548033,2016-11-03 16:28:38,0
1,114.067848,22.521017,2016-11-03 16:28:25,0
0,114.06401799999999,22.5361,2016-11-03 16:28:30,1
1,114.06786299999999,22.520933,2016-11-03 16:28:33,0
2,113.918182,22.543249,2016-11-03 16:28:36,0
2,113.918182,22.543233999999998,2016-11-03 16:28:44,0
0,114.063469,22.535883,2016-11-03 16:28:45,0
3,114.107353,22.569967000000002,2016-11-03 16:28:48,1
4,114.127518,22.548182999999998,2016-11-03 16:28:53,0
1,114.06811499999999,22.521517000000003,2016-11-03 16:28:57,0
2,113.91808300000001,22.54315,2016-11-03 16:28:59,0
0,114.063469,22.535883,2016-11-03 16:29:00,0
1,114.06811499999999,22.521532,2016-11-03 16:29:03,0
3,114.106453,22.569882999999997,2016-11-03 16:29:08,1
4,114.12876899999999,22.54845,2016-11-03 16:29:08,0
2,113.91813700000002,22.5432,2016-11-03 16:29:14,0
3,114.106453,22.569882999999997,2016-11-03 16:29:15,0
0,114.063469,22.535883,2016-11-03 16:29:15,0
1,114.06821399999998,22.521883,2016-11-03 16:29:18,0
4,114.128914,22.548468,2016-11-03 16:29:23,0
2,113.91811399999999,22.54315,2016-11-03 16:29:29,0
0,114.06331599999999,22.53565,2016-11-03 16:29:30,0
1,114.06770300000001,22.522266000000002,2016-11-03 16:29:33,0
3,114.106453,22.569882999999997,2016-11-03 16:29:35,0
2,113.91808300000001,22.543118,2016-11-03 16:29:37,0
4,114.128914,22.548468,2016-11-03 16:29:38,0
0,114.063148,22.536448999999998,2016-11-03 16:29:45,0
2,113.91811399999999,22.543118,2016-11-03 16:29:52,0
4,114.128914,22.548468,2016-11-03 16:29:53,0
3,114.106453,22.569882999999997,2016-11-03 16:29:55,0
0,114.063034,22.536583,2016-11-03 16:30:00,0
2,113.91891499999998,22.54315,2016-11-03 16:30:07,0
4,114.129448,22.548532,2016-11-03 16:30:08,0
1,114.06538400000001,22.524117,2016-11-03 16:30:11,0
1,114.06538400000001,22.524117,2016-11-03 16:30:12,0
3,114.106453,22.569882999999997,2016-11-03 16:30:15,0
0,114.062881,22.536766,2016-11-03 16:30:15,1
2,113.919083,22.5436,2016-11-03 16:30:15,0
4,114.13036299999999,22.548616,2016-11-03 16:30:23,0
1,114.066048,22.5242,2016-11-03 16:30:26,0
2,113.91893,22.545082,2016-11-03 16:30:30,0
0,114.06293500000001,22.53705,2016-11-03 16:30:31,1
3,114.107468,22.569733,2016-11-03 16:30:35,0
4,114.130981,22.5487,2016-11-03 16:30:38,0
1,114.06793200000001,22.523733,2016-11-03 16:30:41,0
2,113.91883100000001,22.546534,2016-11-03 16:30:45,0
1,114.06841999999999,22.523933,2016-11-03 16:30:49,0
4,114.13208,22.548901,2016-11-03 16:30:53,0
3,114.107468,22.569733,2016-11-03 16:30:55,0
2,113.91871599999999,22.54705,2016-11-03 16:31:00,0
0,114.063301,22.53735,2016-11-03 16:30:49,1
0,114.064102,22.537466000000002,2016-11-03 16:31:00,1
1,114.06813000000001,22.524282,2016-11-03 16:31:04,0
4,114.13318600000001,22.549067,2016-11-03 16:31:08,0
3,114.107651,22.569599,2016-11-03 16:31:15,0
2,113.91851799999999,22.548817,2016-11-03 16:31:15,0
0,114.065666,22.538033,2016-11-03 16:31:15,1
1,114.06811499999999,22.524282,2016-11-03 16:31:19,0
4,114.13341499999999,22.549049,2016-11-03 16:31:23,1
2,113.91853300000001,22.548967,2016-11-03 16:31:23,0
2,113.91853300000001,22.548967,2016-11-03 16:31:24,0
1,114.0681,22.52425,2016-11-03 16:31:27,0
0,114.066833,22.538517000000002,2016-11-03 16:31:30,1
3,114.107651,22.569599,2016-11-03 16:31:35,0
2,113.918503,22.548983,2016-11-03 16:31:38,0
4,114.134781,22.549217000000002,2016-11-03 16:31:38,1
1,114.0681,22.524282,2016-11-03 16:31:42,0
0,114.06801599999999,22.537968,2016-11-03 16:31:45,1
4,114.135368,22.54875,2016-11-03 16:31:53,1
2,113.918503,22.54895,2016-11-03 16:31:53,0
3,114.10771899999999,22.571217,2016-11-03 16:31:55,0
1,114.0681,22.524332,2016-11-03 16:31:57,0
3,114.10783400000001,22.571617,2016-11-03 16:32:01,1
0,114.06801599999999,22.536133,2016-11-03 16:32:00,1
4,114.1343,22.547283,2016-11-03 16:32:08,1
2,113.918503,22.548932999999998,2016-11-03 16:32:08,0
1,114.068069,22.524332,2016-11-03 16:32:12,0
0,114.06801599999999,22.534,2016-11-03 16:32:15,1
4,114.132599,22.546083,2016-11-03 16:32:23,1
2,113.918434,22.549784,2016-11-03 16:32:23,0
3,114.107933,22.572117000000002,2016-11-03 16:32:21,1
0,114.067451,22.533182,2016-11-03 16:32:30,1
1,114.06804699999999,22.524332,2016-11-03 16:32:36,0
2,113.91838100000001,22.5516,2016-11-03 16:32:38,0
4,114.13078300000001,22.545151,2016-11-03 16:32:38,1
1,114.06808500000001,22.524349,2016-11-03 16:32:42,0
3,114.10775,22.573116,2016-11-03 16:32:41,1
0,114.06725300000001,22.533016,2016-11-03 16:32:45,1
4,114.12973000000001,22.544518,2016-11-03 16:32:53,1
2,113.918434,22.553682000000002,2016-11-03 16:32:53,0
1,114.06808500000001,22.524317,2016-11-03 16:32:57,0
3,114.10685,22.5749,2016-11-03 16:33:01,1
0,114.06691699999999,22.532667,2016-11-03 16:33:00,1
2,113.91838100000001,22.555367,2016-11-03 16:33:08,0
4,114.128799,22.543817999999998,2016-11-03 16:33:08,1
1,114.067902,22.524349,2016-11-03 16:33:12,0
0,114.06662,22.532367999999998,2016-11-03 16:33:15,1
3,114.10673500000001,22.576134,2016-11-03 16:33:21,1
2,113.918747,22.557467000000003,2016-11-03 16:33:23,0
4,114.126915,22.542967,2016-11-03 16:33:23,1
1,114.067902,22.524332,2016-11-03 16:33:27,0
2,113.918999,22.558434,2016-11-03 16:33:31,0
4,114.12631999999999,22.542717,2016-11-03 16:33:38,1
3,114.10678100000001,22.575018,2016-11-03 16:33:41,1
1,114.067902,22.524332,2016-11-03 16:33:42,0
0,114.066216,22.532034,2016-11-03 16:33:30,1
2,113.91909799999999,22.558598999999997,2016-11-03 16:33:46,0
0,114.06508600000001,22.531982,2016-11-03 16:33:45,1
4,114.1259,22.542417999999998,2016-11-03 16:33:53,1
1,114.067917,22.524332,2016-11-03 16:33:57,0
0,114.06358300000001,22.532034,2016-11-03 16:34:00,1
2,113.919083,22.558666,2016-11-03 16:34:01,0
3,114.105682,22.574317999999998,2016-11-03 16:34:01,1
4,114.1259,22.542417999999998,2016-11-03 16:34:08,1
1,114.067917,22.524349,2016-11-03 16:34:12,0
0,114.06205,22.5322,2016-11-03 16:34:16,1
2,113.91923500000001,22.559517,2016-11-03 16:34:16,0
1,114.067917,22.524349,2016-11-03 16:34:20,0
3,114.10410300000001,22.57325,2016-11-03 16:34:21,1
4,114.1259,22.542417999999998,2016-11-03 16:34:23,1
2,113.919403,22.560467000000003,2016-11-03 16:34:24,0
0,114.06278200000001,22.532682,2016-11-03 16:34:30,1
1,114.067902,22.524332,2016-11-03 16:34:35,0
4,114.12608300000001,22.542217,2016-11-03 16:34:38,1
2,113.91967,22.561434,2016-11-03 16:34:39,0
3,114.101532,22.571783,2016-11-03 16:34:41,1
0,114.06304899999999,22.530732999999998,2016-11-03 16:34:45,1
1,114.067902,22.524332,2016-11-03 16:34:50,0
2,113.919647,22.561434,2016-11-03 16:34:54,0
4,114.12608300000001,22.542217,2016-11-03 16:34:53,1
3,114.099236,22.571501,2016-11-03 16:35:01,1
2,113.91968500000002,22.561532999999997,2016-11-03 16:35:02,0
1,114.06788600000002,22.524332,2016-11-03 16:35:05,0
4,114.126663,22.5425,2016-11-03 16:35:08,1
4,114.126663,22.5425,2016-11-03 16:35:09,0
1,114.06788600000002,22.524332,2016-11-03 16:35:13,0
2,113.91826599999999,22.562348999999998,2016-11-03 16:35:17,0
4,114.126663,22.5425,2016-11-03 16:35:23,0
0,114.06296499999999,22.528366000000002,2016-11-03 16:35:15,1
1,114.067596,22.524317,2016-11-03 16:35:28,0
3,114.09911299999999,22.568899,2016-11-03 16:35:21,1
0,114.06291999999999,22.527782000000002,2016-11-03 16:35:30,1
2,113.91660300000001,22.563284,2016-11-03 16:35:32,0
4,114.126663,22.5425,2016-11-03 16:35:38,0
1,114.067596,22.524317,2016-11-03 16:35:43,0
3,114.09906799999999,22.5665,2016-11-03 16:35:41,1
0,114.06295,22.526833,2016-11-03 16:35:45,1
2,113.916351,22.564899,2016-11-03 16:35:47,0
4,114.126663,22.5425,2016-11-03 16:35:52,1
3,114.09861799999999,22.566317,2016-11-03 16:35:52,0
1,114.067596,22.524332,2016-11-03 16:35:58,0
0,114.06296499999999,22.5268,2016-11-03 16:35:59,1
2,113.916397,22.565033,2016-11-03 16:36:02,0
4,114.12788400000001,22.543067999999998,2016-11-03 16:36:07,1
3,114.09861799999999,22.566317,2016-11-03 16:36:12,0
2,113.916397,22.565033,2016-11-03 16:36:10,0
1,114.067596,22.524384,2016-11-03 16:36:13,0
0,114.06296499999999,22.5268,2016-11-03 16:36:15,1
4,114.12930300000001,22.543768,2016-11-03 16:36:22,1
2,113.91638200000001,22.565832,2016-11-03 16:36:25,0
1,114.067596,22.524418,2016-11-03 16:36:28,0
0,114.06304899999999,22.5264,2016-11-03 16:36:30,1
3,114.09861799999999,22.566317,2016-11-03 16:36:32,0
4,114.12973000000001,22.544201,2016-11-03 16:36:37,1
2,113.916351,22.567766,2016-11-03 16:36:40,0
1,114.06756599999999,22.524418,2016-11-03 16:36:43,0
0,114.063148,22.52545,2016-11-03 16:36:45,1
3,114.09861799999999,22.566317,2016-11-03 16:36:52,0
4,114.129646,22.544849,2016-11-03 16:36:52,1
2,113.91705300000001,22.56835,2016-11-03 16:36:48,0
1,114.067551,22.524418,2016-11-03 16:36:58,0
0,114.06296499999999,22.523782999999998,2016-11-03 16:36:59,1
1,114.067551,22.524366,2016-11-03 16:37:13,0
3,114.09861799999999,22.566317,2016-11-03 16:37:12,0
0,114.061966,22.521998999999997,2016-11-03 16:37:15,1
1,114.067581,22.524182999999997,2016-11-03 16:37:28,0
0,114.06123400000001,22.521366,2016-11-03 16:37:29,1
3,114.098251,22.566532000000002,2016-11-03 16:37:32,0
4,114.129616,22.54595,2016-11-03 16:37:07,1
4,114.12968400000001,22.547016,2016-11-03 16:37:22,1
4,114.129631,22.547632,2016-11-03 16:37:37,1
1,114.067596,22.524166,2016-11-03 16:37:43,0
4,114.129631,22.547632,2016-11-03 16:37:42,0
0,114.0597,22.520384,2016-11-03 16:37:45,1
3,114.09783200000001,22.56645,2016-11-03 16:37:52,0
1,114.067581,22.524182999999997,2016-11-03 16:37:51,0
2,113.91961699999999,22.569851,2016-11-03 16:37:18,0
2,113.91983,22.570368,2016-11-03 16:37:25,0
2,113.91963200000001,22.570267,2016-11-03 16:37:27,0
4,114.129631,22.547632,2016-11-03 16:37:57,0
2,113.919083,22.569866,2016-11-03 16:37:33,0
2,113.918419,22.569418,2016-11-03 16:37:41,0
2,113.91826599999999,22.569317,2016-11-03 16:37:43,0
2,113.91743500000001,22.568783,2016-11-03 16:37:57,0
0,114.059448,22.5203,2016-11-03 16:38:00,1
3,114.097321,22.566366,2016-11-03 16:38:06,1
4,114.129631,22.547632,2016-11-03 16:38:12,0
1,114.067581,22.524182999999997,2016-11-03 16:38:15,0
0,114.05936399999999,22.520201,2016-11-03 16:38:15,1
1,114.067581,22.524182999999997,2016-11-03 16:38:21,0
3,114.09661899999999,22.566217,2016-11-03 16:38:26,1
4,114.129616,22.548401000000002,2016-11-03 16:38:27,0
0,114.05826599999999,22.51965,2016-11-03 16:38:30,1
1,114.067581,22.5242,2016-11-03 16:38:36,0
4,114.13078300000001,22.548616,2016-11-03 16:38:42,0
3,114.095413,22.566267,2016-11-03 16:38:46,1
0,114.056564,22.518984,2016-11-03 16:38:45,1
1,114.067581,22.524166,2016-11-03 16:38:53,0
4,114.13192,22.5488,2016-11-03 16:38:57,0
1,114.067581,22.524166,2016-11-03 16:38:59,0
0,114.05653400000001,22.519683999999998,2016-11-03 16:39:00,1
3,114.095169,22.566317,2016-11-03 16:39:06,1
4,114.133385,22.548983,2016-11-03 16:39:12,0
1,114.067581,22.524182999999997,2016-11-03 16:39:14,0
0,114.05646499999999,22.520184,2016-11-03 16:39:15,1
3,114.095169,22.566317,2016-11-03 16:39:26,1
4,114.13472,22.549267,2016-11-03 16:39:27,0
1,114.06766499999999,22.524134,2016-11-03 16:39:31,0
0,114.056152,22.520582,2016-11-03 16:39:30,1
1,114.06768000000001,22.524134,2016-11-03 16:39:37,0
4,114.13641399999999,22.549517,2016-11-03 16:39:42,0
3,114.09465,22.566299,2016-11-03 16:39:46,1
0,114.055481,22.520782,2016-11-03 16:39:46,1
1,114.067764,22.524117,2016-11-03 16:39:52,0
4,114.136948,22.5492,2016-11-03 16:39:57,0
0,114.05439799999999,22.521048999999998,2016-11-03 16:40:01,0
3,114.09466599999999,22.565651000000003,2016-11-03 16:40:06,1
2,113.917397,22.5688,2016-11-03 16:40:09,0
2,113.917381,22.568783,2016-11-03 16:40:12,0
4,114.13623,22.548983,2016-11-03 16:40:12,0
1,114.067802,22.524134,2016-11-03 16:40:15,0
0,114.05435200000001,22.521133,2016-11-03 16:40:16,0
1,114.067802,22.524134,2016-11-03 16:40:16,0
1,114.06781799999999,22.524134,2016-11-03 16:40:23,0
3,114.09470400000001,22.564917,2016-11-03 16:40:26,1
2,113.917397,22.568783,2016-11-03 16:40:27,0
4,114.136581,22.54995,2016-11-03 16:40:27,0
0,114.054367,22.521168,2016-11-03 16:40:31,0
1,114.06781799999999,22.524117,2016-11-03 16:40:38,0
2,113.917419,22.5688,2016-11-03 16:40:42,0
4,114.137215,22.55085,2016-11-03 16:40:42,0
0,114.05521399999999,22.520733,2016-11-03 16:40:46,0
3,114.09687,22.564882,2016-11-03 16:40:46,1
1,114.067902,22.524099,2016-11-03 16:40:53,0
2,113.917397,22.5688,2016-11-03 16:40:57,0
0,114.056252,22.520733,2016-11-03 16:41:01,0
4,114.13822900000001,22.55225,2016-11-03 16:40:57,0
3,114.098297,22.564734,2016-11-03 16:41:06,1
2,113.917397,22.568817000000003,2016-11-03 16:41:12,0
4,114.13915300000001,22.553801,2016-11-03 16:41:12,0
1,114.067902,22.524082,2016-11-03 16:41:16,0
1,114.067902,22.524067000000002,2016-11-03 16:41:17,0
0,114.056519,22.52035,2016-11-03 16:41:15,0
3,114.09913600000002,22.5644,2016-11-03 16:41:26,1
1,114.067848,22.523982999999998,2016-11-03 16:41:31,0
0,114.056519,22.520267,2016-11-03 16:41:30,0
4,114.140533,22.555082000000002,2016-11-03 16:41:27,0
4,114.141602,22.555634,2016-11-03 16:41:42,0
3,114.09921999999999,22.5623,2016-11-03 16:41:46,1
1,114.06783300000001,22.524017,2016-11-03 16:41:46,0
0,114.05648000000001,22.519768,2016-11-03 16:41:47,1
2,113.917336,22.5688,2016-11-03 16:41:58,0
4,114.142448,22.555599,2016-11-03 16:41:57,0
1,114.06778,22.524067000000002,2016-11-03 16:42:01,0
3,114.099251,22.561916,2016-11-03 16:42:06,1
1,114.06783300000001,22.52405,2016-11-03 16:42:09,0
2,113.917351,22.5688,2016-11-03 16:42:12,0
4,114.143898,22.55545,2016-11-03 16:42:12,0
0,114.05639599999999,22.518967,2016-11-03 16:42:01,1
0,114.054649,22.5186,2016-11-03 16:42:16,1
1,114.06796999999999,22.524017,2016-11-03 16:42:24,0
3,114.099251,22.561916,2016-11-03 16:42:26,1
2,113.91721299999999,22.568649,2016-11-03 16:42:27,0
4,114.14537,22.555349,2016-11-03 16:42:27,0
0,114.052719,22.518267,2016-11-03 16:42:31,1
1,114.06804699999999,22.524,2016-11-03 16:42:39,0
2,113.916618,22.568251,2016-11-03 16:42:41,0
4,114.147232,22.555567,2016-11-03 16:42:42,0
3,114.099251,22.561916,2016-11-03 16:42:46,1
0,114.052269,22.518217,2016-11-03 16:42:46,1
1,114.06808500000001,22.523982999999998,2016-11-03 16:42:54,0
2,113.916183,22.567066,2016-11-03 16:42:57,0
4,114.149231,22.555967000000003,2016-11-03 16:42:57,0
1,114.06811499999999,22.523968,2016-11-03 16:43:02,0
0,114.052269,22.518217,2016-11-03 16:43:01,1
3,114.099251,22.561916,2016-11-03 16:43:06,1
4,114.151131,22.556417,2016-11-03 16:43:12,0
2,113.916229,22.565582,2016-11-03 16:43:11,0
1,114.0681,22.523982999999998,2016-11-03 16:43:17,0
0,114.051849,22.518182999999997,2016-11-03 16:43:16,1
3,114.099251,22.561916,2016-11-03 16:43:26,1
4,114.15287,22.55735,2016-11-03 16:43:27,0
2,113.916229,22.56555,2016-11-03 16:43:27,0
1,114.068069,22.523982999999998,2016-11-03 16:43:32,0
0,114.051231,22.518167000000002,2016-11-03 16:43:31,1
2,113.916252,22.565533,2016-11-03 16:43:42,0
4,114.154137,22.558384,2016-11-03 16:43:42,0
3,114.099251,22.561916,2016-11-03 16:43:46,1
1,114.0681,22.524017,2016-11-03 16:43:47,0
0,114.051231,22.518167000000002,2016-11-03 16:43:46,1
2,113.916283,22.565416,2016-11-03 16:43:57,0
4,114.15588400000001,22.559851000000002,2016-11-03 16:43:57,0
1,114.06815300000001,22.524017,2016-11-03 16:44:02,0
0,114.051231,22.518167000000002,2016-11-03 16:44:01,1
3,114.099251,22.561916,2016-11-03 16:44:06,1
4,114.15808100000001,22.561268,2016-11-03 16:44:12,0
2,113.916367,22.565817000000003,2016-11-03 16:44:12,0
1,114.06815300000001,22.52405,2016-11-03 16:44:17,0
0,114.051231,22.518167000000002,2016-11-03 16:44:16,1
3,114.09933500000001,22.559467,2016-11-03 16:44:26,1
4,114.16018700000001,22.562099,2016-11-03 16:44:27,0
1,114.068169,22.524099,2016-11-03 16:44:32,0
0,114.051231,22.518167000000002,2016-11-03 16:44:31,1
2,113.916451,22.567917,2016-11-03 16:44:27,0
2,113.91713,22.568466,2016-11-03 16:44:35,0
4,114.16201799999999,22.562468,2016-11-03 16:44:42,0
3,114.09935,22.559099,2016-11-03 16:44:46,1
0,114.051231,22.518167000000002,2016-11-03 16:44:46,1
1,114.06828300000001,22.524067000000002,2016-11-03 16:44:47,0
1,114.06828300000001,22.524033,2016-11-03 16:44:55,0
2,113.918648,22.569317,2016-11-03 16:44:50,0
4,114.16376499999998,22.562532,2016-11-03 16:44:57,0
2,113.91943400000001,22.569782,2016-11-03 16:44:58,0
0,114.051231,22.518167000000002,2016-11-03 16:45:01,1
3,114.09935,22.559099,2016-11-03 16:45:06,1
1,114.068298,22.523968,2016-11-03 16:45:10,0
4,114.16533700000001,22.562483,2016-11-03 16:45:12,0
2,113.921219,22.570917,2016-11-03 16:45:13,0
0,114.051231,22.518167000000002,2016-11-03 16:45:16,1
1,114.068253,22.523916,2016-11-03 16:45:25,0
3,114.09935,22.559099,2016-11-03 16:45:26,1
4,114.16736599999999,22.56255,2016-11-03 16:45:27,0
2,113.923248,22.571501,2016-11-03 16:45:28,0
0,114.051231,22.518167000000002,2016-11-03 16:45:31,1
1,114.068253,22.523916,2016-11-03 16:45:33,0
4,114.16811399999999,22.5625,2016-11-03 16:45:42,0
3,114.09935,22.559099,2016-11-03 16:45:46,1
0,114.050949,22.5182,2016-11-03 16:45:46,1
1,114.06823,22.523933,2016-11-03 16:45:48,0
4,114.168221,22.561982999999998,2016-11-03 16:45:57,0
0,114.04913300000001,22.518316,2016-11-03 16:46:01,1
1,114.06823,22.523933,2016-11-03 16:46:03,0
3,114.09935,22.559099,2016-11-03 16:46:06,1
1,114.068253,22.523916,2016-11-03 16:46:11,0
4,114.168999,22.561649,2016-11-03 16:46:12,0
0,114.046768,22.5189,2016-11-03 16:46:16,1
3,114.09935,22.559099,2016-11-03 16:46:26,1
1,114.06823,22.523916,2016-11-03 16:46:26,0
4,114.17036399999999,22.561684,2016-11-03 16:46:27,0
0,114.044151,22.519951000000002,2016-11-03 16:46:31,1
1,114.068253,22.523916,2016-11-03 16:46:41,0
4,114.170898,22.562201,2016-11-03 16:46:42,0
3,114.100136,22.558517000000002,2016-11-03 16:46:46,1
1,114.068184,22.523884,2016-11-03 16:46:56,0
4,114.170868,22.563417,2016-11-03 16:46:57,0
3,114.10211899999999,22.558598999999997,2016-11-03 16:47:06,1
1,114.06813000000001,22.523867000000003,2016-11-03 16:47:11,0
4,114.17085300000001,22.564632,2016-11-03 16:47:12,0
0,114.042351,22.520901000000002,2016-11-03 16:47:01,1
0,114.042351,22.520901000000002,2016-11-03 16:47:16,1
3,114.102783,22.558649,2016-11-03 16:47:26,1
1,114.06808500000001,22.523867000000003,2016-11-03 16:47:26,0
4,114.17083000000001,22.5658,2016-11-03 16:47:28,0
0,114.04211399999998,22.521099,2016-11-03 16:47:31,1
1,114.0681,22.523867000000003,2016-11-03 16:47:41,0
4,114.170799,22.566682999999998,2016-11-03 16:47:43,0
3,114.102783,22.558649,2016-11-03 16:47:46,1
0,114.041367,22.521467,2016-11-03 16:47:46,1
1,114.06804699999999,22.523899,2016-11-03 16:47:49,0
4,114.170799,22.566682999999998,2016-11-03 16:47:59,0
0,114.03953600000001,22.522467000000002,2016-11-03 16:48:01,1
1,114.067917,22.523951,2016-11-03 16:48:03,0
3,114.102783,22.558649,2016-11-03 16:48:06,1
4,114.170799,22.566682999999998,2016-11-03 16:48:14,0
0,114.038101,22.523332999999997,2016-11-03 16:48:16,1
1,114.067764,22.524017,2016-11-03 16:48:20,1
3,114.103569,22.558617,2016-11-03 16:48:26,1
4,114.170799,22.566682999999998,2016-11-03 16:48:29,0
0,114.037651,22.5235,2016-11-03 16:48:31,1
1,114.067551,22.524549,2016-11-03 16:48:35,1
4,114.17078400000001,22.567034,2016-11-03 16:48:44,0
1,114.0672,22.524866,2016-11-03 16:48:43,1
3,114.105003,22.558649,2016-11-03 16:48:46,1
0,114.036148,22.524366,2016-11-03 16:48:46,1
2,113.928665,22.564367,2016-11-03 16:48:50,1
2,113.92845200000001,22.564367,2016-11-03 16:48:51,1
1,114.067146,22.526016000000002,2016-11-03 16:48:58,1
4,114.17025,22.568167000000003,2016-11-03 16:48:59,0
0,114.033997,22.525582999999997,2016-11-03 16:49:01,1
3,114.10743000000001,22.558666,2016-11-03 16:49:06,1
2,113.927269,22.56535,2016-11-03 16:49:10,1
1,114.067917,22.528084,2016-11-03 16:49:13,1
4,114.169518,22.569517,2016-11-03 16:49:14,0
2,113.928329,22.56535,2016-11-03 16:49:19,1
1,114.06819899999999,22.529417000000002,2016-11-03 16:49:21,1
0,114.033302,22.5261,2016-11-03 16:49:16,1
4,114.16893,22.57045,2016-11-03 16:49:29,0
0,114.033302,22.5261,2016-11-03 16:49:31,1
2,113.93055,22.564982999999998,2016-11-03 16:49:34,1
3,114.110786,22.558649,2016-11-03 16:49:26,1
1,114.06821399999998,22.532867,2016-11-03 16:49:44,1
4,114.168297,22.57165,2016-11-03 16:49:44,0
1,114.06821399999998,22.533199,2016-11-03 16:49:45,1
3,114.11076399999999,22.557167,2016-11-03 16:49:46,1
0,114.033302,22.5261,2016-11-03 16:49:46,1
2,113.934868,22.565634,2016-11-03 16:49:57,1
1,114.06819899999999,22.535517000000002,2016-11-03 16:49:59,1
2,113.93526499999999,22.565617,2016-11-03 16:49:59,1
0,114.032898,22.526318,2016-11-03 16:50:01,1
4,114.16721299999999,22.571832999999998,2016-11-03 16:49:59,0
3,114.10986299999999,22.555668,2016-11-03 16:50:06,1
2,113.93808,22.56555,2016-11-03 16:50:12,1
4,114.16556499999999,22.571234,2016-11-03 16:50:14,0
1,114.06823,22.537216,2016-11-03 16:50:14,1
0,114.031769,22.526917,2016-11-03 16:50:16,1
3,114.109734,22.55455,2016-11-03 16:50:26,1
2,113.94218400000001,22.565533,2016-11-03 16:50:27,1
4,114.16538200000001,22.570168,2016-11-03 16:50:29,0
0,114.029648,22.528067,2016-11-03 16:50:31,1
1,114.06987,22.538267,2016-11-03 16:50:38,1
1,114.07036599999999,22.538218,2016-11-03 16:50:43,1
2,113.94601399999999,22.565268,2016-11-03 16:50:42,1
4,114.165398,22.56925,2016-11-03 16:50:44,0
3,114.10986299999999,22.551884,2016-11-03 16:50:46,1
0,114.027786,22.529034,2016-11-03 16:50:46,1
2,113.948196,22.565082999999998,2016-11-03 16:50:50,1
1,114.07163200000001,22.538366,2016-11-03 16:50:59,1
4,114.16543600000001,22.568382,2016-11-03 16:50:59,0
0,114.026016,22.530483,2016-11-03 16:51:01,1
3,114.11028300000001,22.549067,2016-11-03 16:51:06,1
1,114.07195300000001,22.537582,2016-11-03 16:51:14,1
4,114.16543600000001,22.567432,2016-11-03 16:51:14,0
0,114.02518500000001,22.531349,2016-11-03 16:51:16,1
2,113.952568,22.564501,2016-11-03 16:51:05,1
2,113.95459699999999,22.5641,2016-11-03 16:51:13,1
2,113.955132,22.563999,2016-11-03 16:51:15,1
2,113.956635,22.563766,2016-11-03 16:51:21,1
3,114.110252,22.547817000000002,2016-11-03 16:51:26,1
4,114.165314,22.566833,2016-11-03 16:51:29,0
1,114.071999,22.536118,2016-11-03 16:51:29,1
2,113.958366,22.56345,2016-11-03 16:51:29,1
1,114.07225,22.535933,2016-11-03 16:51:37,1
0,114.02303300000001,22.532132999999998,2016-11-03 16:51:31,1
2,113.96131899999999,22.563132999999997,2016-11-03 16:51:44,1
4,114.164497,22.566799,2016-11-03 16:51:44,0
3,114.109619,22.547033,2016-11-03 16:51:46,1
0,114.021133,22.532167,2016-11-03 16:51:46,1
3,114.109619,22.546867000000002,2016-11-03 16:51:49,0
1,114.072769,22.535917,2016-11-03 16:51:52,1
1,114.07316599999999,22.535967000000003,2016-11-03 16:52:00,1
4,114.163521,22.566584,2016-11-03 16:51:59,0
2,113.96444699999999,22.564501,2016-11-03 16:51:59,1
0,114.018997,22.531933,2016-11-03 16:52:01,1
3,114.10965,22.546618,2016-11-03 16:52:09,0
1,114.07373,22.535632999999997,2016-11-03 16:52:15,1
4,114.163269,22.566267,2016-11-03 16:52:14,0
2,113.966248,22.566816,2016-11-03 16:52:14,1
0,114.016998,22.531567000000003,2016-11-03 16:52:16,1
3,114.10965,22.546618,2016-11-03 16:52:29,0
4,114.163284,22.565832,2016-11-03 16:52:29,0
2,113.966682,22.570183,2016-11-03 16:52:29,1
1,114.07373,22.535549,2016-11-03 16:52:30,0
0,114.014618,22.531017000000002,2016-11-03 16:52:31,1
1,114.073799,22.5355,2016-11-03 16:52:38,0
4,114.162865,22.565451,2016-11-03 16:52:44,0
2,113.96661399999999,22.57345,2016-11-03 16:52:45,1
0,114.0121,22.530434,2016-11-03 16:52:46,1
3,114.10994699999999,22.544849,2016-11-03 16:52:49,0
1,114.07448600000001,22.534967,2016-11-03 16:52:53,0
2,113.96661399999999,22.5742,2016-11-03 16:52:52,1
4,114.162102,22.565367000000002,2016-11-03 16:52:59,0
0,114.009102,22.52985,2016-11-03 16:53:01,1
1,114.075401,22.534332,2016-11-03 16:53:08,0
2,113.96661399999999,22.5742,2016-11-03 16:53:07,1
3,114.11021399999998,22.542967,2016-11-03 16:53:09,0
4,114.161346,22.565268,2016-11-03 16:53:14,0
0,114.00641599999999,22.52985,2016-11-03 16:53:16,1
1,114.075783,22.534367,2016-11-03 16:53:23,0
3,114.110298,22.54245,2016-11-03 16:53:29,0
2,113.96661399999999,22.5742,2016-11-03 16:53:22,1
4,114.161301,22.564684,2016-11-03 16:53:29,0
0,114.00367,22.530233,2016-11-03 16:53:31,1
2,113.968033,22.582916,2016-11-03 16:53:31,1
1,114.075951,22.534533,2016-11-03 16:53:38,0
2,113.970184,22.5849,2016-11-03 16:53:45,1
4,114.16091899999999,22.564167,2016-11-03 16:53:44,0
0,114.001648,22.530317,2016-11-03 16:53:46,1
3,114.110298,22.54245,2016-11-03 16:53:49,0
1,114.07628600000001,22.534933,2016-11-03 16:53:53,0
4,114.1595,22.5641,2016-11-03 16:53:59,0
2,113.97323600000001,22.586033,2016-11-03 16:54:00,1
0,113.99926799999999,22.529966,2016-11-03 16:54:01,1
3,114.110298,22.54245,2016-11-03 16:54:09,0
1,114.07665300000001,22.535267,2016-11-03 16:54:08,0
4,114.158363,22.564034,2016-11-03 16:54:14,0
0,113.997047,22.529318,2016-11-03 16:54:16,1
2,113.977051,22.586267000000003,2016-11-03 16:54:16,1
2,113.97892,22.586267000000003,2016-11-03 16:54:24,1
3,114.110298,22.54245,2016-11-03 16:54:29,0
4,114.158302,22.564034,2016-11-03 16:54:29,0
1,114.077271,22.53595,2016-11-03 16:54:31,0
0,113.996353,22.529132999999998,2016-11-03 16:54:31,1
2,113.982285,22.585966,2016-11-03 16:54:39,1
1,114.0774,22.5364,2016-11-03 16:54:46,0
0,113.994919,22.528534,2016-11-03 16:54:46,1
2,113.98386399999998,22.586082,2016-11-03 16:54:54,1
1,114.077301,22.536818,2016-11-03 16:55:01,0
0,113.99382,22.529318,2016-11-03 16:55:01,1
2,113.984299,22.5861,2016-11-03 16:55:09,1
1,114.077347,22.537149,2016-11-03 16:55:16,0
0,113.993668,22.530233,2016-11-03 16:55:16,1
4,114.158302,22.564034,2016-11-03 16:54:44,0
2,113.984619,22.586082,2016-11-03 16:55:24,1
3,114.110748,22.541901,2016-11-03 16:54:49,0
1,114.07741499999999,22.5375,2016-11-03 16:55:31,0
0,113.993614,22.53035,2016-11-03 16:55:31,1
2,113.9851,22.586149,2016-11-03 16:55:39,1
4,114.158302,22.564034,2016-11-03 16:54:59,0
1,114.077454,22.537617,2016-11-03 16:55:46,0
0,113.99348400000001,22.531366000000002,2016-11-03 16:55:46,1
2,113.98573300000001,22.586317,2016-11-03 16:55:54,1
1,114.07748400000001,22.537617,2016-11-03 16:56:01,0
3,114.111351,22.541567,2016-11-03 16:55:09,0
0,113.993164,22.533382,2016-11-03 16:56:01,1
4,114.157715,22.563868,2016-11-03 16:55:14,0
2,113.98631999999999,22.586451,2016-11-03 16:56:09,1
4,114.15738700000001,22.564934,2016-11-03 16:55:29,0
3,114.11178600000001,22.539182999999998,2016-11-03 16:55:29,0
4,114.15736399999999,22.566467000000003,2016-11-03 16:55:44,0
3,114.11215200000001,22.537251,2016-11-03 16:55:49,0
4,114.15736399999999,22.56765,2016-11-03 16:55:59,0
3,114.11219799999999,22.536917000000003,2016-11-03 16:56:09,0
4,114.157799,22.56875,2016-11-03 16:56:14,0
1,114.077499,22.537567000000003,2016-11-03 16:56:16,0
0,113.99303400000001,22.534317,2016-11-03 16:56:16,1
2,113.98688500000002,22.586533,2016-11-03 16:56:24,1
3,114.11246499999999,22.5359,2016-11-03 16:56:29,0
4,114.159203,22.569433,2016-11-03 16:56:29,0
1,114.077431,22.537649,2016-11-03 16:56:31,0
0,113.99303400000001,22.534317,2016-11-03 16:56:31,1
2,113.987648,22.586733,2016-11-03 16:56:39,1
1,114.077454,22.537701000000002,2016-11-03 16:56:46,0
4,114.160866,22.57,2016-11-03 16:56:44,0
0,113.99303400000001,22.534317,2016-11-03 16:56:46,1
3,114.112816,22.535667,2016-11-03 16:56:49,0
2,113.988869,22.58675,2016-11-03 16:56:54,1
4,114.161736,22.57015,2016-11-03 16:56:59,0
1,114.077499,22.537649,2016-11-03 16:57:01,0
0,113.99303400000001,22.534317,2016-11-03 16:57:01,1
2,113.990799,22.587151000000002,2016-11-03 16:57:09,1
4,114.16275,22.570368,2016-11-03 16:57:14,0
1,114.07748400000001,22.537617,2016-11-03 16:57:16,0
0,113.99303400000001,22.534317,2016-11-03 16:57:16,1
2,113.99271399999999,22.587816,2016-11-03 16:57:24,1
3,114.113281,22.535732,2016-11-03 16:57:09,0
3,114.113281,22.535732,2016-11-03 16:57:29,0
4,114.163521,22.57085,2016-11-03 16:57:29,0
1,114.077499,22.537634,2016-11-03 16:57:31,0
0,113.99303400000001,22.534317,2016-11-03 16:57:31,1
2,113.994904,22.588699,2016-11-03 16:57:39,1
4,114.163651,22.570984,2016-11-03 16:57:44,0
1,114.07753000000001,22.537634,2016-11-03 16:57:46,0
0,113.99303400000001,22.534317,2016-11-03 16:57:46,1
3,114.113983,22.535851,2016-11-03 16:57:49,0
2,113.997032,22.589533,2016-11-03 16:57:54,1
4,114.163651,22.570984,2016-11-03 16:57:55,1
1,114.07751499999999,22.537617,2016-11-03 16:58:01,1
0,113.99288200000001,22.53565,2016-11-03 16:58:01,1
2,113.999817,22.590532,2016-11-03 16:58:09,1
3,114.114098,22.535717,2016-11-03 16:58:09,0
4,114.1632,22.570717000000002,2016-11-03 16:58:10,1
1,114.07751499999999,22.53775,2016-11-03 16:58:16,1
0,113.992554,22.537533,2016-11-03 16:58:16,1
2,114.002052,22.590933,2016-11-03 16:58:24,1
4,114.161819,22.570217,2016-11-03 16:58:25,1
3,114.114151,22.535267,2016-11-03 16:58:29,0
1,114.07748400000001,22.53775,2016-11-03 16:58:31,1
0,113.99247,22.53805,2016-11-03 16:58:31,1
2,114.003281,22.590918,2016-11-03 16:58:32,1
4,114.160248,22.570032,2016-11-03 16:58:40,1
1,114.077431,22.537832,2016-11-03 16:58:45,1
0,113.99247,22.53805,2016-11-03 16:58:46,1
2,114.00571399999998,22.590334,2016-11-03 16:58:47,1
3,114.11421999999999,22.534917999999998,2016-11-03 16:58:49,0
4,114.158798,22.569267,2016-11-03 16:58:55,1
0,113.99243200000001,22.538067,2016-11-03 16:59:01,1
2,114.00788100000001,22.589867,2016-11-03 16:59:02,1
1,114.07741499999999,22.537901,2016-11-03 16:59:01,1
1,114.07741499999999,22.537951,2016-11-03 16:59:09,1
4,114.157486,22.568684,2016-11-03 16:59:10,1
0,113.992287,22.539066000000002,2016-11-03 16:59:16,1
2,114.01001699999999,22.590567,2016-11-03 16:59:17,1
1,114.07733200000001,22.537982999999997,2016-11-03 16:59:24,1
4,114.15733300000001,22.567484,2016-11-03 16:59:25,1
2,114.01080300000001,22.5921,2016-11-03 16:59:32,1
0,113.99192,22.541332,2016-11-03 16:59:31,1
1,114.07733200000001,22.537968,2016-11-03 16:59:39,1
4,114.15733300000001,22.566351,2016-11-03 16:59:40,1
2,114.01096299999999,22.594168,2016-11-03 16:59:47,1
0,113.99171399999999,22.5431,2016-11-03 16:59:46,1
1,114.077316,22.537982999999997,2016-11-03 16:59:54,1
4,114.15736399999999,22.564532999999997,2016-11-03 16:59:55,1
0,113.99108100000001,22.543934,2016-11-03 17:00:01,1
2,114.01106999999999,22.595318,2016-11-03 17:00:02,1
1,114.07741499999999,22.538099,2016-11-03 17:00:09,1
2,114.01106999999999,22.595318,2016-11-03 17:00:10,1
4,114.15736399999999,22.563049,2016-11-03 17:00:10,1
2,114.01106999999999,22.595318,2016-11-03 17:00:11,1
0,113.98936499999999,22.544001,2016-11-03 17:00:16,1
3,114.11408200000001,22.534682999999998,2016-11-03 16:59:09,0
3,114.113983,22.534682999999998,2016-11-03 16:59:36,0
3,114.113983,22.534682999999998,2016-11-03 16:59:56,0
3,114.113297,22.534184,2016-11-03 17:00:16,0
3,114.113297,22.534184,2016-11-03 17:00:23,0
1,114.077469,22.53825,2016-11-03 17:00:24,1
4,114.157303,22.561768,2016-11-03 17:00:25,1
2,114.01163500000001,22.599817,2016-11-03 17:00:25,1
0,113.98741899999999,22.544399,2016-11-03 17:00:31,1
1,114.07748400000001,22.538467,2016-11-03 17:00:39,1
2,114.011902,22.601917,2016-11-03 17:00:40,1
4,114.156952,22.560984,2016-11-03 17:00:40,1
3,114.113297,22.534184,2016-11-03 17:00:44,0
0,113.98642,22.545,2016-11-03 17:00:46,1
2,114.012253,22.604167999999998,2016-11-03 17:00:55,1
1,114.07748400000001,22.538584,2016-11-03 17:00:54,1
1,114.077454,22.538651,2016-11-03 17:01:02,1
0,113.986397,22.545017,2016-11-03 17:01:01,1
2,114.012947,22.602617000000002,2016-11-03 17:01:10,1
0,113.98611499999998,22.54525,2016-11-03 17:01:16,1
1,114.07748400000001,22.538767,2016-11-03 17:01:17,1
2,114.01131399999998,22.602234,2016-11-03 17:01:25,1
0,113.98466499999999,22.546499,2016-11-03 17:01:31,1
1,114.077583,22.538834,2016-11-03 17:01:32,1
2,114.010033,22.602432,2016-11-03 17:01:40,1
4,114.15608200000001,22.560284,2016-11-03 17:00:55,1
1,114.07766699999999,22.538816,2016-11-03 17:01:47,1
3,114.113831,22.534067,2016-11-03 17:01:04,0
0,113.981003,22.549432999999997,2016-11-03 17:02:01,1
1,114.07785,22.539167000000003,2016-11-03 17:02:02,1
2,114.009583,22.60445,2016-11-03 17:02:02,1
0,113.979919,22.549932000000002,2016-11-03 17:02:16,1
3,114.113831,22.534067,2016-11-03 17:01:24,0
1,114.07773600000002,22.540016,2016-11-03 17:02:25,1
4,114.152496,22.55735,2016-11-03 17:01:40,1
3,114.11423500000001,22.533898999999998,2016-11-03 17:01:44,0
0,113.97905,22.550501,2016-11-03 17:02:46,1
4,114.151016,22.556601,2016-11-03 17:01:55,1
1,114.07766699999999,22.540449,2016-11-03 17:02:55,1
2,114.01149699999999,22.60685,2016-11-03 17:02:26,1
2,114.012619,22.607533,2016-11-03 17:02:34,1
2,114.01288600000001,22.6077,2016-11-03 17:02:35,1
2,114.01356499999999,22.608232,2016-11-03 17:02:42,1
0,113.97681399999999,22.551682999999997,2016-11-03 17:03:01,1
2,114.014381,22.609533,2016-11-03 17:02:51,1
4,114.149849,22.557016,2016-11-03 17:02:10,1
1,114.077698,22.540367,2016-11-03 17:03:10,1
3,114.113968,22.534332,2016-11-03 17:02:24,0
1,114.0774,22.5403,2016-11-03 17:03:25,1
2,114.01671599999999,22.611967,2016-11-03 17:03:14,1
2,114.017265,22.612217,2016-11-03 17:03:20,1
2,114.017532,22.612316,2016-11-03 17:03:27,1
3,114.114182,22.534533,2016-11-03 17:02:41,1
0,113.97528100000001,22.552982,2016-11-03 17:03:31,1
4,114.14866599999999,22.559717000000003,2016-11-03 17:02:40,1
4,114.14788100000001,22.559151,2016-11-03 17:02:55,1
3,114.114182,22.534533,2016-11-03 17:03:01,1
4,114.14751399999999,22.55805,2016-11-03 17:03:10,1
3,114.115898,22.535267,2016-11-03 17:03:21,1
4,114.14608,22.557083,2016-11-03 17:03:25,1
4,114.146004,22.556383,2016-11-03 17:03:40,1
1,114.07624799999999,22.540132999999997,2016-11-03 17:03:40,1
2,114.018051,22.61245,2016-11-03 17:03:42,1
3,114.11702,22.536699,2016-11-03 17:03:41,1
0,113.975121,22.55315,2016-11-03 17:03:46,1
1,114.076103,22.540067999999998,2016-11-03 17:03:48,1
4,114.146286,22.555082000000002,2016-11-03 17:03:55,1
2,114.018829,22.612316,2016-11-03 17:03:57,1
0,113.975121,22.55315,2016-11-03 17:04:01,1
1,114.07628600000001,22.540051000000002,2016-11-03 17:04:03,1
3,114.11805,22.537268,2016-11-03 17:04:01,1
4,114.14503500000001,22.554867,2016-11-03 17:04:10,1
2,114.019814,22.611816,2016-11-03 17:04:12,1
0,113.975121,22.55315,2016-11-03 17:04:16,1
1,114.07592,22.541149,2016-11-03 17:04:18,1
3,114.11948400000001,22.538099,2016-11-03 17:04:21,1
2,114.021248,22.610567,2016-11-03 17:04:27,1
0,113.975121,22.55315,2016-11-03 17:04:31,1
1,114.07608,22.542583,2016-11-03 17:04:33,1
2,114.021851,22.609833,2016-11-03 17:04:36,1
1,114.076103,22.542917000000003,2016-11-03 17:04:48,1
2,114.022469,22.608749,2016-11-03 17:04:51,1
4,114.143753,22.554648999999998,2016-11-03 17:04:55,1
1,114.076103,22.543016,2016-11-03 17:05:03,1
3,114.123314,22.540567000000003,2016-11-03 17:05:01,1
4,114.1436,22.553883,2016-11-03 17:05:10,1
0,113.974998,22.553283999999998,2016-11-03 17:05:16,1
1,114.07606499999999,22.543034,2016-11-03 17:05:18,1
3,114.125565,22.542,2016-11-03 17:05:21,1
4,114.14348600000001,22.553316,2016-11-03 17:05:24,1
2,114.02273600000001,22.608667,2016-11-03 17:05:29,1
0,113.974998,22.553283999999998,2016-11-03 17:05:31,1
1,114.07606499999999,22.543016,2016-11-03 17:05:33,1
4,114.14348600000001,22.553316,2016-11-03 17:05:39,1
3,114.128197,22.54335,2016-11-03 17:05:41,1
2,114.022079,22.609582999999997,2016-11-03 17:05:44,1
0,113.974998,22.553283999999998,2016-11-03 17:05:46,1
1,114.076035,22.542999,2016-11-03 17:05:48,1
4,114.14348600000001,22.553316,2016-11-03 17:05:54,1
3,114.130348,22.5445,2016-11-03 17:06:01,1
4,114.14348600000001,22.553316,2016-11-03 17:06:10,1
1,114.076118,22.542816000000002,2016-11-03 17:06:11,1
2,114.02211799999999,22.609818,2016-11-03 17:06:14,1
0,113.974686,22.553417,2016-11-03 17:06:16,1
3,114.133118,22.546083,2016-11-03 17:06:21,1
4,114.14344799999999,22.552517,2016-11-03 17:06:25,1
1,114.07608,22.542801,2016-11-03 17:06:26,1
2,114.022667,22.610001,2016-11-03 17:06:29,1
0,113.974686,22.553417,2016-11-03 17:06:31,1
1,114.07608,22.542784,2016-11-03 17:06:34,1
4,114.144333,22.552366,2016-11-03 17:06:40,1
2,114.023247,22.610518,2016-11-03 17:06:44,1
0,113.974686,22.553417,2016-11-03 17:06:46,1
1,114.07613400000001,22.542883,2016-11-03 17:06:49,1
4,114.14486699999999,22.551482999999998,2016-11-03 17:06:55,1
2,114.023247,22.610518,2016-11-03 17:06:59,0
0,113.974686,22.553417,2016-11-03 17:07:01,1
1,114.076218,22.5439,2016-11-03 17:07:04,1
2,114.023247,22.610518,2016-11-03 17:07:07,0
4,114.144897,22.550917000000002,2016-11-03 17:07:10,1
0,113.974686,22.553417,2016-11-03 17:07:16,1
2,114.023247,22.610518,2016-11-03 17:07:22,0
1,114.076103,22.544718,2016-11-03 17:07:21,1
4,114.14503500000001,22.550532999999998,2016-11-03 17:07:25,1
4,114.14503500000001,22.550532999999998,2016-11-03 17:07:27,0
1,114.076103,22.544884,2016-11-03 17:07:27,1
0,113.974686,22.553417,2016-11-03 17:07:31,1
3,114.1353,22.5481,2016-11-03 17:06:41,1
3,114.136932,22.550682000000002,2016-11-03 17:07:01,1
2,114.023247,22.610518,2016-11-03 17:07:37,0
3,114.13874799999999,22.553301,2016-11-03 17:07:21,1
3,114.139885,22.556717000000003,2016-11-03 17:07:41,1
1,114.076149,22.545282,2016-11-03 17:07:42,1
4,114.14503500000001,22.550532999999998,2016-11-03 17:07:42,0
0,113.974686,22.553417,2016-11-03 17:07:46,1
2,114.023247,22.610518,2016-11-03 17:07:52,0
1,114.07708000000001,22.545382999999998,2016-11-03 17:07:57,1
4,114.14503500000001,22.550532999999998,2016-11-03 17:07:57,0
3,114.140518,22.559084,2016-11-03 17:08:01,1
0,113.974686,22.553417,2016-11-03 17:08:01,1
2,114.023247,22.610518,2016-11-03 17:08:07,0
1,114.077385,22.545382999999998,2016-11-03 17:08:05,1
4,114.144348,22.550432,2016-11-03 17:08:12,0
0,113.974617,22.553583,2016-11-03 17:08:16,1
1,114.077721,22.545433,2016-11-03 17:08:20,1
3,114.14106799999999,22.561184,2016-11-03 17:08:21,1
2,114.021431,22.610733,2016-11-03 17:08:22,0
4,114.143799,22.55035,2016-11-03 17:08:27,0
0,113.97403,22.553534,2016-11-03 17:08:31,1
1,114.078331,22.5452,2016-11-03 17:08:35,1
2,114.021652,22.610232999999997,2016-11-03 17:08:37,0
3,114.14108300000001,22.561216,2016-11-03 17:08:41,1
4,114.14337900000001,22.550367,2016-11-03 17:08:42,0
0,113.973648,22.553217,2016-11-03 17:08:46,1
1,114.079102,22.545233,2016-11-03 17:08:50,1
2,114.02156799999999,22.610232999999997,2016-11-03 17:08:52,0
4,114.14337900000001,22.550367,2016-11-03 17:08:57,0
3,114.14108300000001,22.561216,2016-11-03 17:09:01,1
0,113.972649,22.552298999999998,2016-11-03 17:09:01,1
1,114.079315,22.545433,2016-11-03 17:09:05,1
2,114.021217,22.610782999999998,2016-11-03 17:09:07,0
4,114.14325,22.551184,2016-11-03 17:09:12,0
1,114.079399,22.545482999999997,2016-11-03 17:09:13,0
2,114.020981,22.611099,2016-11-03 17:09:15,0
0,113.972298,22.551634,2016-11-03 17:09:16,1
3,114.141052,22.562,2016-11-03 17:09:21,1
4,114.14333300000001,22.5518,2016-11-03 17:09:28,0
1,114.07946799999999,22.54575,2016-11-03 17:09:29,0
2,114.020233,22.61165,2016-11-03 17:09:30,0
0,113.97226699999999,22.551282999999998,2016-11-03 17:09:31,1
3,114.141052,22.562,2016-11-03 17:09:41,1
1,114.07946799999999,22.5459,2016-11-03 17:09:44,0
2,114.01916499999999,22.612217,2016-11-03 17:09:45,0
0,113.972183,22.550367,2016-11-03 17:09:46,1
1,114.079353,22.546167,2016-11-03 17:09:59,0
2,114.01936299999998,22.612867,2016-11-03 17:10:00,0
3,114.141052,22.562,2016-11-03 17:10:01,1
0,113.97238200000001,22.549367999999998,2016-11-03 17:10:01,1
1,114.07928500000001,22.5464,2016-11-03 17:10:14,0
2,114.02083600000002,22.613501,2016-11-03 17:10:15,0
0,113.973068,22.548918,2016-11-03 17:10:16,1
3,114.141052,22.562,2016-11-03 17:10:21,1
2,114.02148400000002,22.613817,2016-11-03 17:10:22,0
1,114.079247,22.546499,2016-11-03 17:10:29,0
0,113.974152,22.548348999999998,2016-11-03 17:10:31,1
1,114.079247,22.546568,2016-11-03 17:10:37,0
2,114.02327,22.614866,2016-11-03 17:10:37,0
3,114.14091499999999,22.562317,2016-11-03 17:10:41,1
0,113.974197,22.548,2016-11-03 17:10:46,1
1,114.079269,22.54665,2016-11-03 17:10:52,0
2,114.024879,22.615816,2016-11-03 17:10:52,0
3,114.14091499999999,22.562317,2016-11-03 17:11:01,1
0,113.97393000000001,22.5476,2016-11-03 17:11:01,0
2,114.026352,22.616467,2016-11-03 17:11:07,0
1,114.080147,22.546818,2016-11-03 17:11:15,0
1,114.080147,22.546818,2016-11-03 17:11:16,0
2,114.02678700000001,22.616266,2016-11-03 17:11:16,0
0,113.97393000000001,22.5476,2016-11-03 17:11:16,0
3,114.14091499999999,22.562317,2016-11-03 17:11:21,1
1,114.080215,22.546882999999998,2016-11-03 17:11:23,0
4,114.150948,22.556267000000002,2016-11-03 17:11:27,0
0,113.97393000000001,22.5476,2016-11-03 17:11:31,0
1,114.08033,22.546667000000003,2016-11-03 17:11:37,0
2,114.02761799999999,22.614918,2016-11-03 17:11:40,0
3,114.14091499999999,22.562317,2016-11-03 17:11:41,1
4,114.15255,22.557051,2016-11-03 17:11:42,0
2,114.027702,22.614582000000002,2016-11-03 17:11:46,0
0,113.97393000000001,22.5476,2016-11-03 17:11:46,0
1,114.08031499999998,22.546284,2016-11-03 17:11:53,0
4,114.153847,22.558132,2016-11-03 17:11:57,0
2,114.027832,22.614134,2016-11-03 17:12:01,0
3,114.14091499999999,22.562317,2016-11-03 17:12:01,1
0,113.97393000000001,22.5476,2016-11-03 17:12:01,0
1,114.08025400000001,22.546118,2016-11-03 17:12:08,0
4,114.15583000000001,22.559683,2016-11-03 17:12:12,0
2,114.027832,22.614134,2016-11-03 17:12:16,0
0,113.97393000000001,22.5476,2016-11-03 17:12:16,0
3,114.14091499999999,22.562317,2016-11-03 17:12:21,1
1,114.08031499999998,22.545767,2016-11-03 17:12:23,0
4,114.15756999999999,22.560984,2016-11-03 17:12:27,0
2,114.027832,22.614134,2016-11-03 17:12:31,0
0,113.973846,22.547449,2016-11-03 17:12:31,0
1,114.08036799999999,22.545601,2016-11-03 17:12:37,0
3,114.14091499999999,22.562317,2016-11-03 17:12:41,1
4,114.159599,22.561899,2016-11-03 17:12:42,0
2,114.027832,22.614134,2016-11-03 17:12:46,0
0,113.973381,22.546568,2016-11-03 17:12:46,0
1,114.080353,22.54545,2016-11-03 17:12:53,0
4,114.16179699999999,22.562416,2016-11-03 17:12:57,0
2,114.027832,22.614134,2016-11-03 17:13:01,0
3,114.14091499999999,22.562317,2016-11-03 17:13:01,1
0,113.973396,22.545,2016-11-03 17:13:01,0
1,114.08033,22.545417999999998,2016-11-03 17:13:08,0
4,114.16368100000001,22.562468,2016-11-03 17:13:12,0
2,114.027832,22.614134,2016-11-03 17:13:16,0
0,113.973396,22.544067000000002,2016-11-03 17:13:16,0
1,114.08033,22.54545,2016-11-03 17:13:23,0
3,114.14043400000001,22.563084,2016-11-03 17:13:21,1
4,114.16465,22.562468,2016-11-03 17:13:27,0
2,114.027832,22.614134,2016-11-03 17:13:31,0
0,113.973335,22.542566,2016-11-03 17:13:31,0
1,114.08033,22.545467000000002,2016-11-03 17:13:38,0
3,114.14013700000001,22.563417,2016-11-03 17:13:41,1
2,114.027832,22.614134,2016-11-03 17:13:46,0
0,113.973366,22.541183,2016-11-03 17:13:46,0
2,114.027451,22.614349,2016-11-03 17:13:54,0
1,114.080299,22.545282,2016-11-03 17:13:53,1
4,114.16763300000001,22.562468,2016-11-03 17:13:57,0
3,114.13971699999999,22.563816,2016-11-03 17:14:01,1
0,113.97341899999999,22.540982999999997,2016-11-03 17:14:01,0
1,114.080399,22.5453,2016-11-03 17:14:01,1
4,114.168015,22.562483,2016-11-03 17:14:12,0
1,114.08049799999999,22.545151,2016-11-03 17:14:16,1
0,113.97341899999999,22.540982999999997,2016-11-03 17:14:16,0
2,114.027267,22.613768,2016-11-03 17:14:17,0
3,114.13971699999999,22.563816,2016-11-03 17:14:21,1
2,114.027748,22.613251,2016-11-03 17:14:24,0
4,114.168015,22.562483,2016-11-03 17:14:27,0
1,114.080482,22.544884,2016-11-03 17:14:31,1
0,113.97341899999999,22.540982999999997,2016-11-03 17:14:31,0
2,114.029099,22.61235,2016-11-03 17:14:39,0
3,114.13971699999999,22.563816,2016-11-03 17:14:42,1
4,114.168015,22.562483,2016-11-03 17:14:41,1
1,114.080467,22.544532999999998,2016-11-03 17:14:46,1
0,113.97341899999999,22.540982999999997,2016-11-03 17:14:46,0
2,114.02721399999999,22.611401,2016-11-03 17:14:54,0
4,114.168671,22.561867000000003,2016-11-03 17:14:56,1
1,114.080399,22.544382000000002,2016-11-03 17:15:01,1
3,114.13971699999999,22.563816,2016-11-03 17:15:02,1
0,113.97341899999999,22.540982999999997,2016-11-03 17:15:01,0
2,114.02546699999999,22.610317000000002,2016-11-03 17:15:09,0
4,114.16988400000001,22.56185,2016-11-03 17:15:11,1
1,114.080353,22.544317000000003,2016-11-03 17:15:16,1
0,113.97361799999999,22.540817,2016-11-03 17:15:16,0
3,114.13971699999999,22.563816,2016-11-03 17:15:22,1
2,114.02356699999999,22.609016,2016-11-03 17:15:24,0
4,114.170883,22.561832,2016-11-03 17:15:26,1
1,114.080269,22.5438,2016-11-03 17:15:31,1
0,113.974617,22.541149,2016-11-03 17:15:31,0
2,114.02256799999999,22.6089,2016-11-03 17:15:39,0
3,114.139183,22.5644,2016-11-03 17:15:42,1
4,114.170914,22.562732999999998,2016-11-03 17:15:41,1
1,114.07941399999999,22.5436,2016-11-03 17:15:46,1
0,113.976082,22.540982999999997,2016-11-03 17:15:46,0
2,114.022247,22.609568,2016-11-03 17:15:54,0
4,114.170898,22.56415,2016-11-03 17:15:56,1
1,114.078102,22.543266,2016-11-03 17:16:01,1
3,114.138947,22.564698999999997,2016-11-03 17:16:02,1
0,113.977364,22.540934,2016-11-03 17:16:01,0
1,114.077751,22.543083,2016-11-03 17:16:09,1
2,114.021584,22.610416,2016-11-03 17:16:09,0
4,114.170883,22.565567,2016-11-03 17:16:11,1
0,113.97786699999999,22.54055,2016-11-03 17:16:16,0
3,114.138947,22.564698999999997,2016-11-03 17:16:22,1
1,114.076935,22.54295,2016-11-03 17:16:24,1
2,114.02123300000001,22.610933,2016-11-03 17:16:24,0
4,114.170868,22.56625,2016-11-03 17:16:26,1
0,113.978233,22.540132999999997,2016-11-03 17:16:31,0
4,114.170799,22.566098999999998,2016-11-03 17:16:37,0
2,114.021049,22.611134,2016-11-03 17:16:39,0
3,114.138649,22.56505,2016-11-03 17:16:42,1
0,113.97861499999999,22.539717,2016-11-03 17:16:46,0
4,114.170799,22.566098999999998,2016-11-03 17:16:52,0
2,114.02061499999999,22.611632999999998,2016-11-03 17:16:54,0
1,114.07328000000001,22.542982000000002,2016-11-03 17:16:55,1
3,114.138649,22.56505,2016-11-03 17:17:02,1
0,113.978981,22.539433,2016-11-03 17:17:01,0
1,114.072464,22.543016,2016-11-03 17:17:03,1
1,114.072464,22.543016,2016-11-03 17:17:04,1
2,114.019218,22.612467000000002,2016-11-03 17:17:09,0
4,114.170799,22.566098999999998,2016-11-03 17:17:07,0
0,113.97888200000001,22.539232000000002,2016-11-03 17:17:15,0
1,114.07118200000001,22.543132999999997,2016-11-03 17:17:18,1
3,114.138649,22.56505,2016-11-03 17:17:22,1
4,114.170799,22.565082999999998,2016-11-03 17:17:22,0
2,114.018951,22.6126,2016-11-03 17:17:24,0
1,114.06993100000001,22.5431,2016-11-03 17:17:27,1
0,113.979599,22.539118,2016-11-03 17:17:31,0
1,114.069153,22.54315,2016-11-03 17:17:33,1
4,114.17078400000001,22.564217000000003,2016-11-03 17:17:37,0
2,114.01878400000001,22.612667000000002,2016-11-03 17:17:39,0
3,114.138649,22.56505,2016-11-03 17:17:42,1
0,113.979897,22.538651,2016-11-03 17:17:46,0
1,114.067947,22.543782999999998,2016-11-03 17:17:48,1
4,114.170547,22.563601000000002,2016-11-03 17:17:52,0
2,114.017601,22.612967,2016-11-03 17:17:54,0
3,114.138649,22.56505,2016-11-03 17:18:02,1
0,113.97993500000001,22.537884,2016-11-03 17:18:01,0
2,114.016769,22.612516,2016-11-03 17:18:02,0
1,114.067497,22.542467000000002,2016-11-03 17:18:03,1
4,114.169731,22.563617999999998,2016-11-03 17:18:07,0
1,114.06774899999999,22.541451000000002,2016-11-03 17:18:11,1
2,114.01509899999999,22.611217,2016-11-03 17:18:17,0
0,113.979897,22.537482999999998,2016-11-03 17:18:16,0
3,114.13825200000001,22.565483,2016-11-03 17:18:22,1
4,114.168869,22.563617999999998,2016-11-03 17:18:22,0
1,114.068031,22.539717,2016-11-03 17:18:26,1
2,114.014168,22.609484,2016-11-03 17:18:32,0
0,113.980003,22.537018,2016-11-03 17:18:31,0
4,114.168053,22.563784,2016-11-03 17:18:37,0
3,114.13825200000001,22.565483,2016-11-03 17:18:42,1
1,114.068031,22.537817,2016-11-03 17:18:41,1
0,113.980721,22.536949,2016-11-03 17:18:46,0
1,114.068069,22.53665,2016-11-03 17:18:49,1
2,114.01163500000001,22.606882000000002,2016-11-03 17:18:55,0
4,114.16788500000001,22.563917,2016-11-03 17:18:52,0
3,114.13825200000001,22.565483,2016-11-03 17:19:02,1
0,113.981453,22.536917000000003,2016-11-03 17:19:01,0
1,114.06804699999999,22.534848999999998,2016-11-03 17:19:04,1
4,114.16666399999998,22.564051,2016-11-03 17:19:07,0
2,114.009933,22.605432999999998,2016-11-03 17:19:10,0
0,113.9823,22.5371,2016-11-03 17:19:16,0
1,114.06781799999999,22.533466,2016-11-03 17:19:19,1
3,114.13825200000001,22.565483,2016-11-03 17:19:22,1
4,114.16653400000001,22.56415,2016-11-03 17:19:22,0
4,114.16653400000001,22.56415,2016-11-03 17:19:30,1
0,113.982368,22.537832,2016-11-03 17:19:31,0
2,114.006752,22.602301,2016-11-03 17:19:33,0
1,114.06671899999999,22.532383,2016-11-03 17:19:35,1
3,114.13825200000001,22.565483,2016-11-03 17:19:42,1
2,114.00576799999999,22.601534,2016-11-03 17:19:41,0
1,114.066383,22.53215,2016-11-03 17:19:42,1
4,114.165604,22.564234,2016-11-03 17:19:46,1
0,113.98243000000001,22.538183,2016-11-03 17:19:46,0
1,114.065201,22.531967,2016-11-03 17:19:57,1
4,114.16521499999999,22.564251000000002,2016-11-03 17:20:01,1
3,114.137634,22.566167999999998,2016-11-03 17:20:02,1
0,113.982552,22.539017,2016-11-03 17:20:01,0
2,114.003418,22.599617000000002,2016-11-03 17:20:05,0
2,114.002899,22.599732999999997,2016-11-03 17:20:11,0
1,114.063515,22.532034,2016-11-03 17:20:12,1
4,114.16521499999999,22.564251000000002,2016-11-03 17:20:16,1
0,113.983101,22.539333,2016-11-03 17:20:16,0
3,114.137634,22.566167999999998,2016-11-03 17:20:22,1
2,114.001198,22.5993,2016-11-03 17:20:26,0
1,114.06161499999999,22.531982,2016-11-03 17:20:27,1
0,113.98393200000001,22.539368,2016-11-03 17:20:31,0
4,114.16521499999999,22.564251000000002,2016-11-03 17:20:31,1
3,114.137634,22.566167999999998,2016-11-03 17:20:42,1
1,114.05963100000001,22.531866,2016-11-03 17:20:42,1
2,114.000748,22.599318,2016-11-03 17:20:41,0
4,114.16521499999999,22.564251000000002,2016-11-03 17:20:46,1
0,113.984299,22.539,2016-11-03 17:20:47,0
2,114.000832,22.599083,2016-11-03 17:20:49,0
1,114.057533,22.531767000000002,2016-11-03 17:20:57,1
4,114.16435200000001,22.564034,2016-11-03 17:21:01,1
3,114.137634,22.566167999999998,2016-11-03 17:21:02,1
0,113.98438300000001,22.538717000000002,2016-11-03 17:21:02,0
2,114.000969,22.59865,2016-11-03 17:21:04,0
1,114.056519,22.53175,2016-11-03 17:21:05,1
2,114.00091599999999,22.598417,2016-11-03 17:21:12,0
0,113.98451999999999,22.538667999999998,2016-11-03 17:21:16,0
4,114.164383,22.563132999999997,2016-11-03 17:21:16,1
1,114.05453500000002,22.5317,2016-11-03 17:21:20,1
3,114.137634,22.566167999999998,2016-11-03 17:21:22,1
2,114.00048100000001,22.598267,2016-11-03 17:21:27,0
4,114.163101,22.56295,2016-11-03 17:21:31,1
0,113.985352,22.538717000000002,2016-11-03 17:21:32,0
1,114.052002,22.531668,2016-11-03 17:21:35,1
3,114.137482,22.566616,2016-11-03 17:21:42,1
2,113.99971799999999,22.596767,2016-11-03 17:21:41,0
4,114.16095,22.56275,2016-11-03 17:21:46,1
0,113.986382,22.538717000000002,2016-11-03 17:21:47,0
1,114.05048400000001,22.531616,2016-11-03 17:21:50,1
2,113.99955,22.597017,2016-11-03 17:21:57,0
4,114.159035,22.561934,2016-11-03 17:22:01,1
3,114.137482,22.566616,2016-11-03 17:22:02,1
0,113.986916,22.539182999999998,2016-11-03 17:22:02,0
1,114.050148,22.531767000000002,2016-11-03 17:22:05,1
2,113.999229,22.596617000000002,2016-11-03 17:22:12,1
4,114.15738700000001,22.56105,2016-11-03 17:22:16,1
0,113.986732,22.5404,2016-11-03 17:22:17,0
3,114.137482,22.566616,2016-11-03 17:22:22,1
2,113.998985,22.595582999999998,2016-11-03 17:22:27,1
4,114.156181,22.560217,2016-11-03 17:22:31,1
0,113.986801,22.541033,2016-11-03 17:22:32,0
1,114.050331,22.532967000000003,2016-11-03 17:22:22,1
1,114.05063600000001,22.533234,2016-11-03 17:22:28,1
1,114.051147,22.533317999999998,2016-11-03 17:22:36,1
3,114.137482,22.566616,2016-11-03 17:22:42,1
2,113.999397,22.595217,2016-11-03 17:22:42,1
4,114.15531899999999,22.559532,2016-11-03 17:22:46,1
0,113.987068,22.541517000000002,2016-11-03 17:22:47,0
1,114.05127,22.532132999999998,2016-11-03 17:22:51,1
4,114.154251,22.558634,2016-11-03 17:23:01,1
3,114.1371,22.567682,2016-11-03 17:23:02,1
0,113.9879,22.541416,2016-11-03 17:23:02,0
1,114.05131499999999,22.530399,2016-11-03 17:23:06,1
2,114.00008400000002,22.595118,2016-11-03 17:22:57,1
2,113.999748,22.595782999999997,2016-11-03 17:23:06,1
2,113.999748,22.595782999999997,2016-11-03 17:23:07,1
4,114.152565,22.557301000000002,2016-11-03 17:23:16,1
0,113.98888400000001,22.541468,2016-11-03 17:23:17,0
1,114.051331,22.528366000000002,2016-11-03 17:23:21,1
3,114.13773300000001,22.56835,2016-11-03 17:23:22,1
2,113.999748,22.595782999999997,2016-11-03 17:23:22,1
2,114.00043500000001,22.595966,2016-11-03 17:23:29,1
4,114.15048200000001,22.556299,2016-11-03 17:23:31,1
0,113.989281,22.5415,2016-11-03 17:23:32,0
1,114.051468,22.52725,2016-11-03 17:23:36,1
2,114.0009,22.596332999999998,2016-11-03 17:23:37,1
3,114.13818400000001,22.569151,2016-11-03 17:23:42,1
0,113.990334,22.541567,2016-11-03 17:23:47,0
1,114.051247,22.525967,2016-11-03 17:23:51,1
2,113.99960300000001,22.594998999999998,2016-11-03 17:23:51,1
0,113.99063100000001,22.541567,2016-11-03 17:24:02,0
4,114.148315,22.555849,2016-11-03 17:23:46,1
2,113.997101,22.593633999999998,2016-11-03 17:24:07,1
1,114.050316,22.525783999999998,2016-11-03 17:24:06,1
1,114.04989599999999,22.525783999999998,2016-11-03 17:24:14,1
4,114.146004,22.55545,2016-11-03 17:24:01,1
0,113.99091299999999,22.541598999999998,2016-11-03 17:24:17,0
2,113.99481999999999,22.59285,2016-11-03 17:24:22,1
1,114.04972099999999,22.525818,2016-11-03 17:24:29,1
0,113.99153100000001,22.54155,2016-11-03 17:24:32,0
2,113.99248500000002,22.591818,2016-11-03 17:24:37,1
3,114.13797,22.569267,2016-11-03 17:24:02,1
4,114.14391299999998,22.555599,2016-11-03 17:24:16,1
1,114.04861499999998,22.525766,2016-11-03 17:24:44,1
2,113.991501,22.5914,2016-11-03 17:24:45,1
3,114.13743600000001,22.569151,2016-11-03 17:24:22,1
0,113.99185200000001,22.540067999999998,2016-11-03 17:24:47,0
4,114.14225,22.555767000000003,2016-11-03 17:24:31,1
2,113.99056999999999,22.591,2016-11-03 17:25:00,1
1,114.04763,22.52565,2016-11-03 17:24:59,1
0,113.992218,22.539066000000002,2016-11-03 17:25:02,0
4,114.140549,22.556618,2016-11-03 17:24:46,1
1,114.047234,22.525566,2016-11-03 17:25:07,1
3,114.135834,22.570032,2016-11-03 17:24:42,1
3,114.134819,22.570551000000002,2016-11-03 17:25:02,1
4,114.13863400000001,22.556917000000002,2016-11-03 17:25:01,1
2,113.989571,22.590483,2016-11-03 17:25:15,1
4,114.137932,22.555634,2016-11-03 17:25:16,1
0,113.991997,22.540751,2016-11-03 17:25:17,0
3,114.13404799999999,22.571016,2016-11-03 17:25:22,1
1,114.04716499999999,22.525617999999998,2016-11-03 17:25:22,1
2,113.98906699999999,22.590267,2016-11-03 17:25:22,1
1,114.04713400000001,22.525667000000002,2016-11-03 17:25:30,1
4,114.13883200000001,22.554068,2016-11-03 17:25:31,1
0,113.99178300000001,22.542433,2016-11-03 17:25:32,0
2,113.987633,22.5898,2016-11-03 17:25:37,1
3,114.13404799999999,22.571016,2016-11-03 17:25:42,1
1,114.04653200000001,22.525633,2016-11-03 17:25:45,1
0,113.99202,22.543699,2016-11-03 17:25:47,0
2,113.985519,22.588917000000002,2016-11-03 17:25:52,1
4,114.138168,22.55265,2016-11-03 17:25:46,1
1,114.04533400000001,22.525551,2016-11-03 17:26:00,1
4,114.13708500000001,22.55105,2016-11-03 17:26:01,1
3,114.13404799999999,22.571016,2016-11-03 17:26:02,1
0,113.993149,22.544233,2016-11-03 17:26:02,0
1,114.04526499999999,22.525566,2016-11-03 17:26:08,1
2,113.98411599999999,22.588383,2016-11-03 17:26:07,1
0,113.99428600000002,22.544582000000002,2016-11-03 17:26:17,0
4,114.136017,22.54945,2016-11-03 17:26:16,1
3,114.13404799999999,22.571016,2016-11-03 17:26:22,1
2,113.984169,22.588367,2016-11-03 17:26:22,1
1,114.046448,22.525867,2016-11-03 17:26:31,1
4,114.13472,22.547501,2016-11-03 17:26:31,1
0,113.995354,22.545082,2016-11-03 17:26:32,0
1,114.046448,22.525883,2016-11-03 17:26:33,1
2,113.984131,22.5884,2016-11-03 17:26:37,1
3,114.13404799999999,22.571016,2016-11-03 17:26:42,1
1,114.04746999999999,22.5259,2016-11-03 17:26:46,1
4,114.13306399999999,22.546049,2016-11-03 17:26:46,1
0,113.99718500000002,22.545668,2016-11-03 17:26:47,0
2,113.984169,22.5884,2016-11-03 17:26:52,1
1,114.048248,22.5259,2016-11-03 17:27:01,1
3,114.133553,22.571251,2016-11-03 17:27:02,1
4,114.13121799999999,22.545067,2016-11-03 17:27:01,1
0,113.9991,22.546049,2016-11-03 17:27:02,0
2,113.9841,22.588417,2016-11-03 17:27:07,1
4,114.12915,22.543948999999998,2016-11-03 17:27:16,1
1,114.048401,22.525316,2016-11-03 17:27:16,1
0,114.00095400000001,22.546232,2016-11-03 17:27:17,0
3,114.132599,22.5718,2016-11-03 17:27:22,1
2,113.983833,22.588318,2016-11-03 17:27:22,1
1,114.04838600000001,22.525066,2016-11-03 17:27:24,1
4,114.12693,22.542883,2016-11-03 17:27:31,1
0,114.002899,22.54645,2016-11-03 17:27:32,0
2,113.98380300000001,22.588301,2016-11-03 17:27:37,1
3,114.130936,22.572117000000002,2016-11-03 17:27:42,1
1,114.04818,22.524834,2016-11-03 17:27:39,1
4,114.12513,22.541883,2016-11-03 17:27:46,1
0,114.00491299999999,22.547283,2016-11-03 17:27:47,0
2,113.983833,22.588333,2016-11-03 17:27:52,1
1,114.048119,22.52475,2016-11-03 17:27:54,1
4,114.12453500000001,22.5415,2016-11-03 17:28:01,1
3,114.12896699999999,22.571583,2016-11-03 17:28:02,1
0,114.005882,22.548,2016-11-03 17:28:02,0
2,113.983833,22.588333,2016-11-03 17:28:07,1
1,114.048019,22.524632999999998,2016-11-03 17:28:09,1
4,114.12408400000001,22.541183,2016-11-03 17:28:16,1
0,114.00608100000001,22.548282999999998,2016-11-03 17:28:17,0
3,114.127647,22.57115,2016-11-03 17:28:22,1
2,113.983818,22.588333,2016-11-03 17:28:22,1
3,114.127647,22.57115,2016-11-03 17:28:26,0
1,114.04793500000001,22.524668,2016-11-03 17:28:17,1
4,114.12386299999999,22.54105,2016-11-03 17:28:31,1
0,114.00608100000001,22.548282999999998,2016-11-03 17:28:32,0
1,114.04791999999999,22.524632999999998,2016-11-03 17:28:26,1
1,114.04763,22.524651000000002,2016-11-03 17:28:32,1
2,113.983818,22.588318,2016-11-03 17:28:37,1
3,114.127647,22.57115,2016-11-03 17:28:46,0
4,114.123253,22.540684,2016-11-03 17:28:46,1
0,114.006134,22.548367000000002,2016-11-03 17:28:47,0
1,114.04721799999999,22.524599,2016-11-03 17:28:47,1
2,113.983551,22.588217,2016-11-03 17:28:52,1
4,114.12276499999999,22.540318,2016-11-03 17:29:01,1
1,114.047234,22.524549,2016-11-03 17:29:01,1
0,114.006134,22.548367000000002,2016-11-03 17:28:59,1
3,114.127647,22.57115,2016-11-03 17:29:06,0
2,113.98328400000001,22.587767000000003,2016-11-03 17:29:07,1
4,114.122047,22.539867,2016-11-03 17:29:16,1
0,114.006371,22.548817,2016-11-03 17:29:17,1
1,114.047279,22.524632999999998,2016-11-03 17:29:17,1
2,113.983414,22.586817,2016-11-03 17:29:22,1
3,114.127647,22.57115,2016-11-03 17:29:26,0
4,114.120949,22.539133,2016-11-03 17:29:31,1
0,114.00647,22.548918,2016-11-03 17:29:32,1
2,113.983566,22.585016,2016-11-03 17:29:37,1
3,114.128731,22.571483999999998,2016-11-03 17:29:46,0
4,114.120636,22.53895,2016-11-03 17:29:46,1
0,114.00647,22.548918,2016-11-03 17:29:47,1
2,113.983521,22.584032,2016-11-03 17:29:52,1
4,114.119919,22.538816,2016-11-03 17:30:01,1
0,114.00647,22.548918,2016-11-03 17:30:02,1
3,114.13073,22.572149,2016-11-03 17:30:06,0
2,113.983521,22.584032,2016-11-03 17:30:07,1
4,114.119316,22.539467000000002,2016-11-03 17:30:16,1
0,114.00647,22.548918,2016-11-03 17:30:17,1
2,113.983521,22.584032,2016-11-03 17:30:22,1
3,114.132217,22.5718,2016-11-03 17:30:26,0
4,114.118233,22.540083,2016-11-03 17:30:31,1
0,114.006432,22.548901,2016-11-03 17:30:32,1
2,113.983521,22.584032,2016-11-03 17:30:37,1
4,114.11681399999999,22.539551,2016-11-03 17:30:46,1
0,114.00695,22.549549,2016-11-03 17:30:47,1
3,114.13301799999999,22.571517999999998,2016-11-03 17:30:46,0
2,113.983521,22.584032,2016-11-03 17:31:01,1
2,113.983521,22.584032,2016-11-03 17:31:02,1
0,114.00798,22.5509,2016-11-03 17:31:02,1
4,114.115219,22.538918,2016-11-03 17:31:01,1
3,114.13301799999999,22.571517999999998,2016-11-03 17:31:06,0
2,113.983521,22.584032,2016-11-03 17:31:16,1
4,114.113518,22.538317000000003,2016-11-03 17:31:16,1
3,114.13301799999999,22.571517999999998,2016-11-03 17:31:26,0
0,114.00908700000001,22.552349,2016-11-03 17:31:17,1
2,113.983521,22.584032,2016-11-03 17:31:31,1
0,114.009216,22.5527,2016-11-03 17:31:32,1
4,114.11187,22.538,2016-11-03 17:31:31,1
3,114.13301799999999,22.571517999999998,2016-11-03 17:31:46,0
2,113.983521,22.584032,2016-11-03 17:31:46,1
0,114.009216,22.5527,2016-11-03 17:31:47,1
4,114.110184,22.5378,2016-11-03 17:31:45,1
2,113.983521,22.584032,2016-11-03 17:32:01,1
0,114.009216,22.5527,2016-11-03 17:32:02,1
4,114.108147,22.537416,2016-11-03 17:32:00,1
3,114.13327,22.571234,2016-11-03 17:32:06,0
4,114.10641499999998,22.537067,2016-11-03 17:32:15,1
3,114.134247,22.570818,2016-11-03 17:32:26,0
4,114.105202,22.537617,2016-11-03 17:32:31,1
3,114.13490300000001,22.570351000000002,2016-11-03 17:32:46,0
4,114.105682,22.538432999999998,2016-11-03 17:32:46,1
2,113.983521,22.584032,2016-11-03 17:32:16,1
4,114.106697,22.539551,2016-11-03 17:33:01,1
0,114.009216,22.5527,2016-11-03 17:32:17,1
0,114.009216,22.5527,2016-11-03 17:32:32,1
4,114.106834,22.540649,2016-11-03 17:33:16,1
0,114.009216,22.5527,2016-11-03 17:32:47,1
2,113.984001,22.56365,2016-11-03 17:33:01,1
0,114.009598,22.55345,2016-11-03 17:33:02,1
3,114.13715400000001,22.569267,2016-11-03 17:33:26,0
1,114.04836999999999,22.523167,2016-11-03 17:33:11,0
4,114.10678100000001,22.54085,2016-11-03 17:33:31,1
1,114.04843100000001,22.523216,2016-11-03 17:33:15,0
0,114.01046799999999,22.555218,2016-11-03 17:33:17,1
1,114.048515,22.523184,2016-11-03 17:33:23,0
3,114.13768,22.568482999999997,2016-11-03 17:33:46,0
2,113.983368,22.560516,2016-11-03 17:33:24,1
2,113.983498,22.560133,2016-11-03 17:33:25,1
0,114.01223,22.555283,2016-11-03 17:33:32,1
1,114.048447,22.52285,2016-11-03 17:33:37,0
2,113.98335300000001,22.557667000000002,2016-11-03 17:33:41,1
1,114.04848500000001,22.522499,2016-11-03 17:33:46,0
0,114.01231399999999,22.555283,2016-11-03 17:33:47,1
2,113.98211699999999,22.556383,2016-11-03 17:33:56,1
1,114.04848500000001,22.521982,2016-11-03 17:34:01,0
2,113.981171,22.55685,2016-11-03 17:34:01,1
0,114.013199,22.5553,2016-11-03 17:34:02,1
3,114.13686399999999,22.567833,2016-11-03 17:34:06,0
2,113.98185,22.557568,2016-11-03 17:34:17,1
0,114.015221,22.555267,2016-11-03 17:34:17,1
1,114.04836999999999,22.521749,2016-11-03 17:34:16,0
3,114.135582,22.566517,2016-11-03 17:34:26,0
1,114.048302,22.52165,2016-11-03 17:34:31,0
4,114.10762,22.541416,2016-11-03 17:34:31,1
2,113.98213200000001,22.558018,2016-11-03 17:34:32,1
0,114.016617,22.55525,2016-11-03 17:34:32,1
1,114.048332,22.521601,2016-11-03 17:34:45,0
3,114.13476599999998,22.565451,2016-11-03 17:34:46,0
4,114.108116,22.5415,2016-11-03 17:34:46,1
2,113.982697,22.558167,2016-11-03 17:34:47,1
0,114.017548,22.555218,2016-11-03 17:34:47,0
1,114.048332,22.521282,2016-11-03 17:34:53,0
4,114.108116,22.5415,2016-11-03 17:35:01,1
0,114.017548,22.555218,2016-11-03 17:35:02,0
2,113.982552,22.558283,2016-11-03 17:35:02,1
3,114.133347,22.563801,2016-11-03 17:35:06,0
1,114.04847,22.52035,2016-11-03 17:35:08,0
4,114.108116,22.5415,2016-11-03 17:35:16,1
0,114.0177,22.555183,2016-11-03 17:35:17,0
1,114.048553,22.519899,2016-11-03 17:35:17,0
2,113.982552,22.558283,2016-11-03 17:35:19,1
2,113.986916,22.558733,2016-11-03 17:35:25,1
3,114.13223300000001,22.562517,2016-11-03 17:35:26,0
1,114.04853100000001,22.519266000000002,2016-11-03 17:35:32,0
4,114.10886399999998,22.541567,2016-11-03 17:35:31,1
0,114.018433,22.55525,2016-11-03 17:35:32,0
3,114.13223300000001,22.562517,2016-11-03 17:35:46,0
4,114.10998500000001,22.541683,2016-11-03 17:35:46,1
1,114.04821799999999,22.518749,2016-11-03 17:35:47,0
0,114.01963,22.555367,2016-11-03 17:35:47,0
2,113.98867,22.55895,2016-11-03 17:35:49,1
1,114.04748500000001,22.518883,2016-11-03 17:35:55,0
2,113.98867,22.55895,2016-11-03 17:35:55,1
4,114.11039699999999,22.540951,2016-11-03 17:36:01,1
0,114.02111799999999,22.555517000000002,2016-11-03 17:36:02,0
3,114.13223300000001,22.562517,2016-11-03 17:36:06,0
1,114.04608200000001,22.519251,2016-11-03 17:36:10,0
4,114.110565,22.53915,2016-11-03 17:36:16,1
1,114.045502,22.519432000000002,2016-11-03 17:36:18,0
0,114.02273600000001,22.555532,2016-11-03 17:36:17,0
3,114.13223300000001,22.562517,2016-11-03 17:36:26,0
4,114.110649,22.538717000000002,2016-11-03 17:36:31,1
1,114.04436499999998,22.519934,2016-11-03 17:36:33,0
0,114.024353,22.555582,2016-11-03 17:36:32,0
3,114.13223300000001,22.562517,2016-11-03 17:36:46,0
4,114.110748,22.538099,2016-11-03 17:36:46,1
0,114.024902,22.5557,2016-11-03 17:36:47,0
1,114.044197,22.519951000000002,2016-11-03 17:36:56,0
1,114.044197,22.519951000000002,2016-11-03 17:36:57,0
4,114.11088600000001,22.536832999999998,2016-11-03 17:37:01,1
0,114.0261,22.55595,2016-11-03 17:37:02,0
1,114.044197,22.519951000000002,2016-11-03 17:37:04,0
3,114.13208,22.561666,2016-11-03 17:37:06,0
4,114.111015,22.536016,2016-11-03 17:37:16,1
0,114.027115,22.556101,2016-11-03 17:37:17,0
1,114.04425,22.519917,2016-11-03 17:37:19,0
3,114.133614,22.560033999999998,2016-11-03 17:37:26,0
4,114.111084,22.535618,2016-11-03 17:37:31,1
0,114.02788500000001,22.556232,2016-11-03 17:37:32,0
3,114.13488000000001,22.558567,2016-11-03 17:37:46,0
4,114.11123700000002,22.534848999999998,2016-11-03 17:37:46,1
0,114.02803,22.556232,2016-11-03 17:37:47,0
4,114.11143500000001,22.5336,2016-11-03 17:38:01,1
0,114.02853400000001,22.556316,2016-11-03 17:38:02,0
3,114.134598,22.55805,2016-11-03 17:38:06,0
4,114.11168700000002,22.532,2016-11-03 17:38:16,1
0,114.030052,22.555982999999998,2016-11-03 17:38:17,0
3,114.134148,22.55735,2016-11-03 17:38:26,0
4,114.11286899999999,22.531616,2016-11-03 17:38:31,1
0,114.03164699999999,22.55485,2016-11-03 17:38:32,0
2,114.013718,22.55995,2016-11-03 17:38:36,1
2,114.014381,22.560118,2016-11-03 17:38:39,1
4,114.114052,22.53175,2016-11-03 17:38:46,1
0,114.03327900000001,22.553516000000002,2016-11-03 17:38:47,0
3,114.13359799999999,22.556517000000003,2016-11-03 17:38:46,0
2,114.015602,22.560316,2016-11-03 17:38:56,1
4,114.114098,22.531517,2016-11-03 17:39:01,1
0,114.03368400000001,22.552383,2016-11-03 17:39:02,0
4,114.11413600000002,22.531433,2016-11-03 17:39:04,0
3,114.13286599999999,22.555517000000002,2016-11-03 17:39:06,0
2,114.015602,22.560316,2016-11-03 17:39:09,1
0,114.033882,22.5511,2016-11-03 17:39:17,0
4,114.114166,22.531317,2016-11-03 17:39:19,0
2,114.023018,22.560249,2016-11-03 17:39:24,1
3,114.131798,22.554533,2016-11-03 17:39:26,0
2,114.02451299999998,22.560484,2016-11-03 17:39:32,1
0,114.03392,22.550966,2016-11-03 17:39:32,0
4,114.114166,22.531317,2016-11-03 17:39:34,0
3,114.130447,22.554399,2016-11-03 17:39:46,0
2,114.02748100000001,22.560766,2016-11-03 17:39:47,1
4,114.114502,22.531733,2016-11-03 17:39:49,0
2,114.03029599999999,22.56105,2016-11-03 17:40:02,1
4,114.115082,22.5327,2016-11-03 17:40:04,0
3,114.130264,22.553717000000002,2016-11-03 17:40:06,0
2,114.0327,22.561733,2016-11-03 17:40:17,1
4,114.115051,22.534267,2016-11-03 17:40:19,0
3,114.130264,22.553717000000002,2016-11-03 17:40:26,0
2,114.03456899999999,22.562866,2016-11-03 17:40:32,1
4,114.11628,22.535566,2016-11-03 17:40:34,0
2,114.03456899999999,22.562866,2016-11-03 17:40:47,1
4,114.117065,22.536467000000002,2016-11-03 17:40:49,0
3,114.13024899999999,22.552782,2016-11-03 17:40:46,0
2,114.03817,22.564817,2016-11-03 17:40:55,1
4,114.117249,22.536516,2016-11-03 17:41:04,0
3,114.12998200000001,22.551933,2016-11-03 17:41:06,0
2,114.039368,22.565517,2016-11-03 17:41:10,1
4,114.11782099999999,22.537032999999997,2016-11-03 17:41:19,0
2,114.040031,22.562117,2016-11-03 17:41:25,1
3,114.12946299999999,22.5509,2016-11-03 17:41:26,0
4,114.11930100000001,22.537848999999998,2016-11-03 17:41:34,0
2,114.041168,22.561367,2016-11-03 17:41:40,1
3,114.12946299999999,22.5509,2016-11-03 17:41:46,0
2,114.041847,22.560551,2016-11-03 17:41:47,1
4,114.120201,22.5382,2016-11-03 17:41:49,0
3,114.12946299999999,22.5509,2016-11-03 17:41:50,1
2,114.042,22.56035,2016-11-03 17:41:49,1
2,114.042847,22.558867000000003,2016-11-03 17:42:02,1
2,114.04323600000001,22.556784,2016-11-03 17:42:17,1
4,114.120201,22.5382,2016-11-03 17:42:04,0
3,114.128868,22.550417000000003,2016-11-03 17:42:10,1
4,114.120201,22.5382,2016-11-03 17:42:19,0
3,114.128868,22.550417000000003,2016-11-03 17:42:30,1
2,114.04358700000002,22.557282999999998,2016-11-03 17:42:32,1
1,114.044197,22.519917,2016-11-03 17:42:34,0
4,114.120201,22.5382,2016-11-03 17:42:34,0
2,114.043282,22.557117,2016-11-03 17:42:47,1
4,114.120201,22.5382,2016-11-03 17:42:49,0
3,114.128868,22.550417000000003,2016-11-03 17:42:50,1
0,114.03978000000001,22.550133,2016-11-03 17:43:02,0
0,114.03978000000001,22.550133,2016-11-03 17:43:04,0
4,114.120796,22.538667999999998,2016-11-03 17:43:04,0
0,114.03971899999999,22.549982,2016-11-03 17:43:06,0
3,114.1287,22.548717,2016-11-03 17:43:10,1
2,114.04391499999998,22.557917,2016-11-03 17:43:11,1
2,114.04391499999998,22.557917,2016-11-03 17:43:12,1
2,114.04385400000001,22.5578,2016-11-03 17:43:19,1
4,114.12226899999999,22.539667,2016-11-03 17:43:19,0
0,114.03971899999999,22.549982,2016-11-03 17:43:23,0
3,114.12758600000001,22.548201000000002,2016-11-03 17:43:30,1
4,114.12276499999999,22.540051000000002,2016-11-03 17:43:34,0
2,114.043747,22.55765,2016-11-03 17:43:34,1
0,114.03971899999999,22.549982,2016-11-03 17:43:36,0
2,114.043617,22.557301000000002,2016-11-03 17:43:49,1
3,114.126801,22.548067,2016-11-03 17:43:50,1
4,114.12361899999999,22.5406,2016-11-03 17:43:49,0
0,114.03966499999999,22.5499,2016-11-03 17:43:51,0
4,114.12460300000001,22.541267,2016-11-03 17:44:04,0
2,114.043465,22.557199,2016-11-03 17:44:04,1
0,114.039818,22.549633,2016-11-03 17:44:06,0
3,114.126801,22.548067,2016-11-03 17:44:10,1
4,114.12539699999999,22.5418,2016-11-03 17:44:19,0
2,114.04356399999999,22.557432000000002,2016-11-03 17:44:19,1
0,114.04101599999998,22.549801000000002,2016-11-03 17:44:21,0
2,114.043465,22.556932,2016-11-03 17:44:27,1
3,114.12645,22.548067,2016-11-03 17:44:30,1
4,114.12548100000001,22.541833999999998,2016-11-03 17:44:34,0
0,114.04231999999999,22.550068,2016-11-03 17:44:36,0
2,114.043999,22.55525,2016-11-03 17:44:42,1
4,114.12626599999999,22.542067000000003,2016-11-03 17:44:49,0
3,114.1259,22.547117,2016-11-03 17:44:50,1
0,114.043167,22.550234,2016-11-03 17:44:51,0
2,114.04409799999999,22.55345,2016-11-03 17:44:57,1
4,114.126701,22.542482,2016-11-03 17:45:04,0
2,114.04409799999999,22.55245,2016-11-03 17:45:05,1
0,114.04338100000001,22.550283,2016-11-03 17:45:06,0
3,114.1259,22.545082,2016-11-03 17:45:10,1
4,114.126701,22.542482,2016-11-03 17:45:19,0
2,114.04402900000001,22.551367000000003,2016-11-03 17:45:20,1
0,114.04338100000001,22.550283,2016-11-03 17:45:21,0
2,114.044083,22.551083,2016-11-03 17:45:27,1
3,114.125847,22.544216,2016-11-03 17:45:30,1
0,114.04338100000001,22.550283,2016-11-03 17:45:36,0
4,114.128197,22.543182,2016-11-03 17:45:34,0
2,114.044182,22.551001,2016-11-03 17:45:42,1
4,114.12957,22.543833,2016-11-03 17:45:49,0
3,114.125847,22.543118,2016-11-03 17:45:50,1
0,114.04338100000001,22.550283,2016-11-03 17:45:51,0
2,114.044197,22.551083,2016-11-03 17:45:57,1
4,114.12978400000001,22.544201,2016-11-03 17:46:04,0
0,114.043648,22.55035,2016-11-03 17:46:06,0
3,114.12505300000001,22.541901,2016-11-03 17:46:10,1
2,114.044197,22.551018,2016-11-03 17:46:12,1
4,114.12978400000001,22.544201,2016-11-03 17:46:19,0
0,114.04396799999999,22.550449,2016-11-03 17:46:21,0
2,114.04416699999999,22.551018,2016-11-03 17:46:27,1
3,114.12265,22.5403,2016-11-03 17:46:30,1
4,114.1297,22.544634,2016-11-03 17:46:34,0
0,114.044083,22.549833,2016-11-03 17:46:36,0
2,114.04413600000001,22.550949,2016-11-03 17:46:42,1
4,114.12968400000001,22.54545,2016-11-03 17:46:49,0
0,114.044182,22.548117,2016-11-03 17:46:51,0
3,114.12026999999999,22.538816,2016-11-03 17:46:50,1
2,114.044083,22.550917000000002,2016-11-03 17:46:57,1
4,114.129631,22.545767,2016-11-03 17:47:04,0
0,114.04422,22.546316,2016-11-03 17:47:06,0
3,114.118629,22.540083,2016-11-03 17:47:10,1
2,114.044182,22.550983,2016-11-03 17:47:12,1
4,114.129631,22.546066,2016-11-03 17:47:19,0
0,114.04423500000001,22.543934,2016-11-03 17:47:21,0
2,114.04409799999999,22.551001,2016-11-03 17:47:27,1
1,114.04423500000001,22.519817,2016-11-03 17:47:34,0
4,114.129585,22.547016,2016-11-03 17:47:34,0
3,114.11653100000001,22.53945,2016-11-03 17:47:30,1
0,114.04435,22.541651,2016-11-03 17:47:36,0
1,114.04425,22.519833,2016-11-03 17:47:42,0
4,114.12957,22.54785,2016-11-03 17:47:49,0
3,114.11412,22.5385,2016-11-03 17:47:50,1
2,114.04409799999999,22.550516000000002,2016-11-03 17:47:42,1
2,114.04412099999999,22.5494,2016-11-03 17:47:51,1
0,114.044334,22.539167000000003,2016-11-03 17:47:51,0
4,114.129616,22.548182999999998,2016-11-03 17:48:04,0
2,114.04423500000001,22.547716,2016-11-03 17:48:06,1
0,114.04438,22.536983,2016-11-03 17:48:06,0
3,114.111465,22.538017,2016-11-03 17:48:10,1
4,114.129616,22.548182999999998,2016-11-03 17:48:19,0
2,114.04412099999999,22.546967000000002,2016-11-03 17:48:21,1
0,114.04443400000001,22.534782,2016-11-03 17:48:21,0
3,114.10880300000001,22.537634,2016-11-03 17:48:30,1
4,114.129616,22.548182999999998,2016-11-03 17:48:34,0
2,114.0438,22.547417000000003,2016-11-03 17:48:36,1
0,114.044449,22.5329,2016-11-03 17:48:36,0
3,114.10646799999999,22.537083,2016-11-03 17:48:50,1
4,114.129616,22.548182999999998,2016-11-03 17:48:49,0
2,114.0438,22.545633,2016-11-03 17:48:51,0
0,114.044518,22.531233,2016-11-03 17:48:51,0
4,114.129616,22.548182999999998,2016-11-03 17:49:04,0
2,114.04383100000001,22.546332999999997,2016-11-03 17:49:06,0
0,114.044518,22.530898999999998,2016-11-03 17:49:06,0
3,114.10498,22.537832,2016-11-03 17:49:10,1
4,114.129616,22.548182999999998,2016-11-03 17:49:19,0
2,114.04393,22.546667000000003,2016-11-03 17:49:14,0
2,114.043953,22.5466,2016-11-03 17:49:15,0
0,114.04454799999999,22.530533,2016-11-03 17:49:21,0
2,114.043953,22.546717,2016-11-03 17:49:22,0
3,114.102898,22.538467,2016-11-03 17:49:30,1
4,114.129616,22.548182999999998,2016-11-03 17:49:34,0
0,114.04456299999998,22.530483,2016-11-03 17:49:36,0
2,114.04378500000001,22.546766,2016-11-03 17:49:37,0
4,114.130219,22.54855,2016-11-03 17:49:49,0
0,114.04463200000001,22.530167000000002,2016-11-03 17:49:51,0
2,114.04356399999999,22.546551,2016-11-03 17:49:52,0
3,114.100586,22.538651,2016-11-03 17:49:50,1
4,114.132019,22.548866,2016-11-03 17:50:04,0
0,114.04463200000001,22.530018,2016-11-03 17:50:06,0
2,114.04332,22.5453,2016-11-03 17:50:07,0
3,114.09966999999999,22.538816,2016-11-03 17:50:10,1
4,114.13353000000001,22.549049,2016-11-03 17:50:19,0
0,114.044647,22.529949,2016-11-03 17:50:21,0
2,114.04368600000001,22.54545,2016-11-03 17:50:22,1
3,114.099686,22.539467000000002,2016-11-03 17:50:30,1
4,114.134918,22.549282,2016-11-03 17:50:34,0
0,114.044716,22.529699,2016-11-03 17:50:36,0
2,114.043884,22.545668,2016-11-03 17:50:37,1
3,114.099686,22.539734,2016-11-03 17:50:50,1
2,114.043465,22.545033,2016-11-03 17:50:46,1
2,114.04323600000001,22.544916,2016-11-03 17:50:47,1
4,114.136703,22.5495,2016-11-03 17:50:50,0
0,114.04474599999999,22.529234,2016-11-03 17:50:51,0
2,114.043053,22.545348999999998,2016-11-03 17:50:53,1
4,114.13651999999999,22.548782,2016-11-03 17:51:05,0
0,114.044785,22.528783999999998,2016-11-03 17:51:06,0
2,114.04351799999999,22.545017,2016-11-03 17:51:09,1
3,114.099686,22.539734,2016-11-03 17:51:10,1
4,114.13638300000001,22.549566,2016-11-03 17:51:20,0
0,114.04481499999999,22.5284,2016-11-03 17:51:21,0
2,114.043167,22.544382000000002,2016-11-03 17:51:24,1
3,114.099686,22.539734,2016-11-03 17:51:30,1
4,114.13726799999999,22.5509,2016-11-03 17:51:35,0
0,114.044868,22.52795,2016-11-03 17:51:36,0
2,114.04203000000001,22.544399,2016-11-03 17:51:39,1
3,114.099686,22.539734,2016-11-03 17:51:50,1
4,114.13813,22.552116,2016-11-03 17:51:50,0
2,114.041634,22.5453,2016-11-03 17:51:54,1
0,114.04476899999999,22.526751,2016-11-03 17:51:51,0
4,114.138618,22.552782,2016-11-03 17:52:05,0
0,114.044731,22.526667,2016-11-03 17:52:06,0
2,114.041634,22.5453,2016-11-03 17:52:09,1
3,114.099686,22.539734,2016-11-03 17:52:10,1
4,114.13908400000001,22.5536,2016-11-03 17:52:20,0
0,114.044731,22.526632,2016-11-03 17:52:21,0
2,114.039047,22.54355,2016-11-03 17:52:24,1
3,114.099686,22.539734,2016-11-03 17:52:30,1
4,114.139351,22.554167,2016-11-03 17:52:35,0
0,114.04438,22.525833,2016-11-03 17:52:36,0
2,114.038918,22.543484,2016-11-03 17:52:39,1
1,114.04428100000001,22.519934,2016-11-03 17:52:42,0
2,114.03893300000001,22.543568,2016-11-03 17:52:47,1
3,114.099686,22.539734,2016-11-03 17:52:50,1
4,114.139931,22.554667000000002,2016-11-03 17:52:50,0
0,114.04385400000001,22.524683,2016-11-03 17:52:51,0
2,114.039185,22.544017999999998,2016-11-03 17:53:02,1
4,114.14061699999999,22.555099,2016-11-03 17:53:05,0
0,114.043365,22.523867000000003,2016-11-03 17:53:05,0
3,114.099686,22.539734,2016-11-03 17:53:10,1
2,114.037697,22.543966,2016-11-03 17:53:17,1
4,114.14126599999999,22.555483,2016-11-03 17:53:20,0
0,114.04287,22.523718,2016-11-03 17:53:21,0
3,114.099648,22.5408,2016-11-03 17:53:30,1
2,114.037697,22.543966,2016-11-03 17:53:32,1
4,114.14183,22.555582,2016-11-03 17:53:35,0
0,114.042732,22.523198999999998,2016-11-03 17:53:36,0
2,114.03751399999999,22.544201,2016-11-03 17:53:47,1
0,114.042419,22.522249,2016-11-03 17:53:51,0
2,114.035751,22.54405,2016-11-03 17:53:55,1
3,114.099648,22.540916,2016-11-03 17:53:50,1
4,114.14286799999999,22.555483,2016-11-03 17:53:50,0
2,114.03548400000001,22.543966,2016-11-03 17:54:04,1
4,114.143417,22.555432999999997,2016-11-03 17:54:05,0
0,114.042397,22.522017,2016-11-03 17:54:06,0
3,114.099648,22.540916,2016-11-03 17:54:10,1
2,114.035385,22.5441,2016-11-03 17:54:10,1
4,114.14438600000001,22.555367,2016-11-03 17:54:20,0
0,114.042717,22.522367000000003,2016-11-03 17:54:21,0
2,114.034981,22.544817000000002,2016-11-03 17:54:25,1
3,114.099648,22.540916,2016-11-03 17:54:30,1
4,114.146049,22.555317000000002,2016-11-03 17:54:35,0
0,114.04274699999999,22.522417,2016-11-03 17:54:36,0
2,114.034752,22.5457,2016-11-03 17:54:40,1
3,114.099648,22.540916,2016-11-03 17:54:50,1
4,114.148018,22.555683,2016-11-03 17:54:50,0
0,114.04274699999999,22.522417,2016-11-03 17:54:51,0
2,114.03405,22.546368,2016-11-03 17:54:55,1
2,114.033501,22.545967,2016-11-03 17:55:02,1
4,114.15003200000001,22.55615,2016-11-03 17:55:05,0
0,114.04274699999999,22.522417,2016-11-03 17:55:06,0
3,114.099648,22.540916,2016-11-03 17:55:10,1
2,114.03358500000002,22.546516,2016-11-03 17:55:17,1
4,114.151932,22.556717000000003,2016-11-03 17:55:20,0
0,114.04274699999999,22.522417,2016-11-03 17:55:21,0
3,114.099648,22.540916,2016-11-03 17:55:30,1
2,114.033752,22.547483,2016-11-03 17:55:32,1
4,114.153732,22.558033,2016-11-03 17:55:35,0
0,114.04274699999999,22.522417,2016-11-03 17:55:36,0
2,114.03366899999999,22.547832,2016-11-03 17:55:47,1
3,114.099648,22.540916,2016-11-03 17:55:50,1
0,114.04274699999999,22.522417,2016-11-03 17:55:51,0
4,114.155746,22.5597,2016-11-03 17:55:50,0
2,114.033051,22.547667,2016-11-03 17:55:56,1
4,114.158051,22.5613,2016-11-03 17:56:05,0
0,114.04274699999999,22.522417,2016-11-03 17:56:06,0
3,114.099648,22.540916,2016-11-03 17:56:10,1
2,114.032547,22.547783,2016-11-03 17:56:11,1
4,114.16071299999999,22.562401,2016-11-03 17:56:20,0
0,114.04303,22.522432000000002,2016-11-03 17:56:21,0
2,114.03171499999999,22.547483,2016-11-03 17:56:26,1
3,114.09906799999999,22.541233,2016-11-03 17:56:30,1
4,114.16341399999999,22.5627,2016-11-03 17:56:35,0
0,114.04348,22.52215,2016-11-03 17:56:36,0
2,114.030151,22.547016,2016-11-03 17:56:41,1
3,114.097603,22.5411,2016-11-03 17:56:50,1
4,114.166054,22.562732999999998,2016-11-03 17:56:50,0
0,114.04391499999998,22.521982,2016-11-03 17:56:51,0
2,114.029099,22.546717,2016-11-03 17:56:56,1
4,114.168999,22.562767,2016-11-03 17:57:05,0
0,114.044151,22.521917000000002,2016-11-03 17:57:06,0
3,114.09688600000001,22.540701000000002,2016-11-03 17:57:10,1
2,114.029587,22.546833,2016-11-03 17:57:11,1
0,114.04463200000001,22.521832999999997,2016-11-03 17:57:21,0
1,114.043953,22.5198,2016-11-03 17:57:23,0
2,114.02968600000001,22.546867000000002,2016-11-03 17:57:26,1
1,114.043953,22.5198,2016-11-03 17:57:27,0
3,114.09681699999999,22.540167,2016-11-03 17:57:30,1
4,114.171898,22.562799,2016-11-03 17:57:20,0
4,114.174484,22.562182999999997,2016-11-03 17:57:35,0
0,114.045166,22.521767,2016-11-03 17:57:36,0
2,114.02943400000001,22.546818,2016-11-03 17:57:41,1
1,114.043884,22.519817,2016-11-03 17:57:44,0
3,114.09573400000001,22.540117000000002,2016-11-03 17:57:49,0
2,114.028465,22.546482,2016-11-03 17:57:49,1
4,114.176414,22.560867000000002,2016-11-03 17:57:50,0
1,114.043884,22.519833,2016-11-03 17:57:50,0
0,114.04578400000001,22.521601,2016-11-03 17:57:51,0
1,114.04385400000001,22.519867,2016-11-03 17:58:05,0
4,114.177849,22.559816,2016-11-03 17:58:05,0
3,114.095619,22.540117000000002,2016-11-03 17:58:09,0
0,114.04634899999999,22.521317,2016-11-03 17:58:06,0
1,114.04340400000001,22.520082000000002,2016-11-03 17:58:20,0
4,114.178467,22.559383,2016-11-03 17:58:20,0
3,114.095619,22.540117000000002,2016-11-03 17:58:29,0
4,114.17865,22.55925,2016-11-03 17:58:35,0
0,114.046547,22.521217,2016-11-03 17:58:21,0
1,114.04288500000001,22.520451,2016-11-03 17:58:35,0
2,114.02528400000001,22.54565,2016-11-03 17:58:12,1
2,114.024101,22.545567000000002,2016-11-03 17:58:20,1
2,114.022797,22.545366,2016-11-03 17:58:27,1
2,114.022499,22.545317,2016-11-03 17:58:29,1
0,114.046547,22.521217,2016-11-03 17:58:36,0
1,114.042915,22.5205,2016-11-03 17:58:43,0
2,114.021736,22.545967,2016-11-03 17:58:42,1
3,114.09526799999999,22.540716,2016-11-03 17:58:49,0
4,114.17933700000002,22.558666,2016-11-03 17:58:50,0
1,114.042969,22.520567,2016-11-03 17:58:58,0
2,114.021065,22.547001,2016-11-03 17:58:57,1
0,114.046669,22.521032,2016-11-03 17:58:51,0
4,114.17963400000001,22.558451,2016-11-03 17:59:05,0
0,114.04661599999999,22.520817,2016-11-03 17:59:05,0
3,114.095299,22.540934,2016-11-03 17:59:09,0
1,114.042969,22.520599,2016-11-03 17:59:13,0
2,114.02171299999999,22.547082999999997,2016-11-03 17:59:12,1
1,114.04293100000001,22.520634,2016-11-03 17:59:28,0
2,114.02171299999999,22.5471,2016-11-03 17:59:27,1
4,114.17997,22.558317000000002,2016-11-03 17:59:20,0
1,114.042915,22.520651,2016-11-03 17:59:43,0
0,114.04661599999999,22.520817,2016-11-03 17:59:35,0
3,114.095299,22.540934,2016-11-03 17:59:29,0
0,114.04661599999999,22.520817,2016-11-03 17:59:51,0
1,114.042953,22.520651,2016-11-03 17:59:58,0
2,114.02213300000001,22.547649,2016-11-03 17:59:52,0
2,114.02216299999999,22.547632,2016-11-03 17:59:58,0
2,114.02220200000001,22.547617000000002,2016-11-03 18:00:06,0
0,114.04661599999999,22.520817,2016-11-03 18:00:05,0
1,114.042953,22.520666000000002,2016-11-03 18:00:13,0
0,114.04661599999999,22.520817,2016-11-03 18:00:21,0
1,114.042786,22.52075,2016-11-03 18:00:28,0
2,114.022247,22.547649,2016-11-03 18:00:29,0
2,114.022217,22.547684,2016-11-03 18:00:35,0
0,114.04661599999999,22.520817,2016-11-03 18:00:35,0
1,114.041801,22.521299,2016-11-03 18:00:43,0
4,114.17997,22.558317000000002,2016-11-03 18:00:05,0
3,114.0924,22.54155,2016-11-03 18:00:09,0
0,114.04661599999999,22.520817,2016-11-03 18:01:05,0
1,114.041069,22.5217,2016-11-03 18:01:14,1
0,114.04661599999999,22.520817,2016-11-03 18:01:21,0
3,114.09101899999999,22.541517000000002,2016-11-03 18:00:29,0
1,114.03988600000001,22.522284,2016-11-03 18:01:29,1
2,114.02103400000001,22.54785,2016-11-03 18:01:29,0
4,114.17997,22.558317000000002,2016-11-03 18:00:35,0
0,114.04661599999999,22.520817,2016-11-03 18:01:35,0
2,114.020653,22.548416,2016-11-03 18:01:44,0
1,114.0382,22.523251000000002,2016-11-03 18:01:59,1
2,114.0205,22.548532,2016-11-03 18:02:07,0
1,114.037201,22.523817,2016-11-03 18:02:14,1
4,114.17997,22.558317000000002,2016-11-03 18:01:20,0
0,114.04661599999999,22.520817,2016-11-03 18:02:21,0
4,114.17997,22.558317000000002,2016-11-03 18:01:35,0
2,114.020248,22.548849,2016-11-03 18:02:39,0
1,114.036148,22.524384,2016-11-03 18:02:29,1
1,114.03553000000001,22.524717000000003,2016-11-03 18:02:37,1
1,114.03553000000001,22.524717000000003,2016-11-03 18:02:38,1
1,114.034935,22.525049,2016-11-03 18:02:45,1
2,114.020248,22.548849,2016-11-03 18:02:45,0
4,114.17997,22.558317000000002,2016-11-03 18:02:05,0
4,114.17997,22.558317000000002,2016-11-03 18:02:20,0
4,114.17997,22.558317000000002,2016-11-03 18:02:35,0
2,114.02018000000001,22.548866,2016-11-03 18:03:00,0
4,114.17997,22.558317000000002,2016-11-03 18:02:50,0
0,114.04661599999999,22.520817,2016-11-03 18:02:51,0
3,114.089752,22.541451000000002,2016-11-03 18:01:32,0
3,114.089752,22.541451000000002,2016-11-03 18:01:52,0
3,114.089752,22.541451000000002,2016-11-03 18:02:12,0
3,114.089752,22.541451000000002,2016-11-03 18:02:27,1
3,114.091568,22.541432999999998,2016-11-03 18:02:47,1
3,114.09268200000001,22.541468,2016-11-03 18:03:02,1
4,114.17997,22.558317000000002,2016-11-03 18:03:05,0
0,114.04661599999999,22.520817,2016-11-03 18:03:05,0
4,114.17997,22.558317000000002,2016-11-03 18:03:20,0
0,114.04661599999999,22.520817,2016-11-03 18:03:21,0
3,114.094582,22.541567,2016-11-03 18:03:24,1
3,114.095253,22.541517000000002,2016-11-03 18:03:36,1
4,114.17997,22.558317000000002,2016-11-03 18:03:36,0
0,114.0467,22.521,2016-11-03 18:03:36,0
2,114.020103,22.549116,2016-11-03 18:03:15,0
2,114.020103,22.549183,2016-11-03 18:03:22,0
2,114.020081,22.549217000000002,2016-11-03 18:03:24,0
2,114.02006499999999,22.5494,2016-11-03 18:03:31,0
2,114.019897,22.549534,2016-11-03 18:03:39,0
2,114.019897,22.549534,2016-11-03 18:03:40,0
4,114.17997,22.558317000000002,2016-11-03 18:03:51,0
2,114.019798,22.549633,2016-11-03 18:03:54,0
0,114.0467,22.521017,2016-11-03 18:03:51,0
4,114.17997,22.558317000000002,2016-11-03 18:04:06,0
3,114.095253,22.541218,2016-11-03 18:03:59,1
3,114.095253,22.541218,2016-11-03 18:04:07,1
0,114.0467,22.521017,2016-11-03 18:04:06,0
2,114.01956899999999,22.549732000000002,2016-11-03 18:04:09,0
2,114.019547,22.549784,2016-11-03 18:04:17,0
0,114.0467,22.521017,2016-11-03 18:04:21,0
4,114.17997,22.558317000000002,2016-11-03 18:04:21,0
2,114.0196,22.5499,2016-11-03 18:04:24,0
4,114.17997,22.558317000000002,2016-11-03 18:04:36,0
3,114.09515400000001,22.540882,2016-11-03 18:04:30,1
3,114.09515400000001,22.540882,2016-11-03 18:04:37,1
0,114.0467,22.521017,2016-11-03 18:04:36,0
2,114.019333,22.550832999999997,2016-11-03 18:04:39,0
4,114.17997,22.558317000000002,2016-11-03 18:04:51,0
0,114.0467,22.521017,2016-11-03 18:04:51,0
2,114.018951,22.551617,2016-11-03 18:04:54,0
3,114.095901,22.540167,2016-11-03 18:04:58,1
2,114.01871499999999,22.552099,2016-11-03 18:05:02,0
4,114.17997,22.558317000000002,2016-11-03 18:05:06,0
0,114.0467,22.521017,2016-11-03 18:05:06,0
1,114.030548,22.527468,2016-11-03 18:05:10,1
1,114.03033400000001,22.527582000000002,2016-11-03 18:05:13,1
2,114.018097,22.55265,2016-11-03 18:05:17,0
3,114.095901,22.540167,2016-11-03 18:05:18,1
4,114.17997,22.558317000000002,2016-11-03 18:05:21,0
0,114.046547,22.521032,2016-11-03 18:05:21,0
1,114.02853400000001,22.528517,2016-11-03 18:05:29,1
2,114.017632,22.5527,2016-11-03 18:05:32,0
4,114.17997,22.558317000000002,2016-11-03 18:05:36,0
3,114.09668,22.540182,2016-11-03 18:05:38,1
2,114.01750200000001,22.55265,2016-11-03 18:05:40,0
1,114.027634,22.529034,2016-11-03 18:05:36,1
4,114.17997,22.558317000000002,2016-11-03 18:05:51,0
1,114.026451,22.529949,2016-11-03 18:05:51,1
2,114.01750200000001,22.552616,2016-11-03 18:05:55,0
3,114.096947,22.540833,2016-11-03 18:05:58,1
0,114.046669,22.521084,2016-11-03 18:05:51,0
2,114.01750200000001,22.552616,2016-11-03 18:06:02,0
4,114.17997,22.558317000000002,2016-11-03 18:06:06,0
1,114.02518500000001,22.531282,2016-11-03 18:06:06,1
0,114.046669,22.521084,2016-11-03 18:06:06,0
3,114.09753400000001,22.541134,2016-11-03 18:06:18,1
2,114.01723500000001,22.553316,2016-11-03 18:06:17,0
4,114.17997,22.558317000000002,2016-11-03 18:06:21,0
1,114.023552,22.53195,2016-11-03 18:06:21,1
2,114.01713600000001,22.553383,2016-11-03 18:06:26,0
0,114.046669,22.521084,2016-11-03 18:06:21,0
1,114.021851,22.532249,2016-11-03 18:06:36,1
4,114.17997,22.558317000000002,2016-11-03 18:06:36,0
0,114.046669,22.521084,2016-11-03 18:06:36,0
3,114.098351,22.541267,2016-11-03 18:06:38,1
2,114.01713600000001,22.553383,2016-11-03 18:06:41,0
1,114.020348,22.532183,2016-11-03 18:06:52,1
0,114.046669,22.521084,2016-11-03 18:06:51,0
4,114.17997,22.558317000000002,2016-11-03 18:06:51,0
2,114.01713600000001,22.553383,2016-11-03 18:06:56,0
3,114.09866299999999,22.541183,2016-11-03 18:06:58,1
4,114.17997,22.558317000000002,2016-11-03 18:07:05,0
1,114.01840200000001,22.531816,2016-11-03 18:07:07,1
0,114.046669,22.521084,2016-11-03 18:07:06,0
2,114.01713600000001,22.553383,2016-11-03 18:07:11,0
3,114.09866299999999,22.541183,2016-11-03 18:07:18,1
2,114.01713600000001,22.553383,2016-11-03 18:07:19,0
4,114.17997,22.558317000000002,2016-11-03 18:07:20,0
1,114.016502,22.531334,2016-11-03 18:07:22,1
0,114.046669,22.521084,2016-11-03 18:07:21,0
2,114.01713600000001,22.553383,2016-11-03 18:07:34,0
4,114.17997,22.558317000000002,2016-11-03 18:07:35,0
1,114.01483200000001,22.530967999999998,2016-11-03 18:07:37,1
0,114.046669,22.521084,2016-11-03 18:07:36,0
3,114.09866299999999,22.541183,2016-11-03 18:07:38,1
2,114.01713600000001,22.553383,2016-11-03 18:07:49,0
4,114.17997,22.558317000000002,2016-11-03 18:07:50,0
1,114.01256599999999,22.530483,2016-11-03 18:07:52,1
0,114.046669,22.521084,2016-11-03 18:07:51,0
3,114.09933500000001,22.541117,2016-11-03 18:07:58,1
2,114.01713600000001,22.553383,2016-11-03 18:08:04,0
4,114.17997,22.558317000000002,2016-11-03 18:08:05,0
1,114.010368,22.530001000000002,2016-11-03 18:08:07,1
0,114.046669,22.521084,2016-11-03 18:08:06,0
2,114.01713600000001,22.553383,2016-11-03 18:08:12,0
3,114.10016599999999,22.541149,2016-11-03 18:08:18,1
4,114.17997,22.558317000000002,2016-11-03 18:08:20,0
1,114.00798,22.529734,2016-11-03 18:08:22,1
2,114.01713600000001,22.553383,2016-11-03 18:08:27,0
0,114.046669,22.521084,2016-11-03 18:08:21,0
1,114.005852,22.529867000000003,2016-11-03 18:08:37,1
4,114.17997,22.558317000000002,2016-11-03 18:08:36,0
3,114.10161599999999,22.541218,2016-11-03 18:08:38,1
2,114.01713600000001,22.553383,2016-11-03 18:08:42,0
0,114.046669,22.521084,2016-11-03 18:08:36,0
4,114.17997,22.558317000000002,2016-11-03 18:08:51,0
1,114.003349,22.530184,2016-11-03 18:08:52,1
0,114.046669,22.521084,2016-11-03 18:08:51,0
2,114.01713600000001,22.553383,2016-11-03 18:08:57,0
3,114.10191299999998,22.542101000000002,2016-11-03 18:08:58,1
4,114.17997,22.558317000000002,2016-11-03 18:09:06,0
1,114.00108300000001,22.530216,2016-11-03 18:09:07,1
0,114.046669,22.521084,2016-11-03 18:09:06,0
2,114.01713600000001,22.553383,2016-11-03 18:09:12,0
3,114.102135,22.542732,2016-11-03 18:09:18,1
4,114.17997,22.558317000000002,2016-11-03 18:09:21,0
1,113.99886299999999,22.52985,2016-11-03 18:09:22,1
0,114.046669,22.521084,2016-11-03 18:09:21,0
3,114.10241699999999,22.542816000000002,2016-11-03 18:09:27,0
2,114.01713600000001,22.553383,2016-11-03 18:09:27,0
4,114.17997,22.558317000000002,2016-11-03 18:09:36,0
1,113.996902,22.529132999999998,2016-11-03 18:09:37,1
0,114.046669,22.521084,2016-11-03 18:09:36,0
2,114.01713600000001,22.553383,2016-11-03 18:09:42,0
3,114.10241699999999,22.542816000000002,2016-11-03 18:09:47,0
2,114.01713600000001,22.553383,2016-11-03 18:09:50,0
4,114.17997,22.558317000000002,2016-11-03 18:09:51,0
1,113.99466699999999,22.527918,2016-11-03 18:09:52,1
0,114.046669,22.521084,2016-11-03 18:09:51,0
2,114.01713600000001,22.553383,2016-11-03 18:10:05,0
4,114.17997,22.558317000000002,2016-11-03 18:10:06,0
1,113.99268300000001,22.526684,2016-11-03 18:10:06,1
3,114.10241699999999,22.542816000000002,2016-11-03 18:10:07,0
0,114.046669,22.521084,2016-11-03 18:10:06,0
2,114.01713600000001,22.553383,2016-11-03 18:10:20,0
4,114.17997,22.558317000000002,2016-11-03 18:10:21,0
1,113.99043300000001,22.525467000000003,2016-11-03 18:10:22,1
0,114.046669,22.521084,2016-11-03 18:10:21,0
3,114.10241699999999,22.542816000000002,2016-11-03 18:10:27,0
1,113.989616,22.525084,2016-11-03 18:10:30,1
4,114.17997,22.558317000000002,2016-11-03 18:10:35,0
2,114.01713600000001,22.553383,2016-11-03 18:10:35,0
0,114.046669,22.521084,2016-11-03 18:10:36,0
1,113.988029,22.52445,2016-11-03 18:10:45,1
3,114.10241699999999,22.542816000000002,2016-11-03 18:10:47,0
4,114.17997,22.558317000000002,2016-11-03 18:10:50,0
0,114.046669,22.521084,2016-11-03 18:10:51,0
2,114.01713600000001,22.553383,2016-11-03 18:10:52,0
2,114.01342,22.555317000000002,2016-11-03 18:10:58,0
1,113.985832,22.523782999999998,2016-11-03 18:11:00,1
4,114.17997,22.558317000000002,2016-11-03 18:11:05,0
3,114.10241699999999,22.542816000000002,2016-11-03 18:11:07,0
2,114.013733,22.555767000000003,2016-11-03 18:11:13,0
1,113.984398,22.523451,2016-11-03 18:11:15,1
0,114.046669,22.521084,2016-11-03 18:11:06,0
4,114.17997,22.558317000000002,2016-11-03 18:11:20,0
1,113.9832,22.523232999999998,2016-11-03 18:11:23,1
3,114.10383600000002,22.543083,2016-11-03 18:11:27,0
2,114.013733,22.555767000000003,2016-11-03 18:11:28,0
4,114.17997,22.558317000000002,2016-11-03 18:11:35,0
1,113.98076599999999,22.523018,2016-11-03 18:11:38,1
2,114.013733,22.555767000000003,2016-11-03 18:11:43,0
1,113.97941599999999,22.522984,2016-11-03 18:11:46,1
3,114.10383600000002,22.543083,2016-11-03 18:11:47,0
0,114.046669,22.521084,2016-11-03 18:11:36,0
4,114.17997,22.558317000000002,2016-11-03 18:11:50,0
2,114.013733,22.555767000000003,2016-11-03 18:11:58,0
1,113.97708100000001,22.522966,2016-11-03 18:12:01,1
0,114.046669,22.521084,2016-11-03 18:11:51,0
4,114.17997,22.558317000000002,2016-11-03 18:12:05,0
3,114.10511799999999,22.543217000000002,2016-11-03 18:12:07,0
0,114.046669,22.521084,2016-11-03 18:12:06,0
2,114.013733,22.555767000000003,2016-11-03 18:12:13,0
1,113.97446399999998,22.522966,2016-11-03 18:12:16,1
4,114.17997,22.558317000000002,2016-11-03 18:12:20,0
2,114.013733,22.555767000000003,2016-11-03 18:12:28,0
3,114.10511799999999,22.543217000000002,2016-11-03 18:12:27,0
1,113.972168,22.522949,2016-11-03 18:12:31,1
0,114.046669,22.521084,2016-11-03 18:12:21,0
4,114.17997,22.558317000000002,2016-11-03 18:12:35,0
0,114.046669,22.521084,2016-11-03 18:12:36,0
2,114.013733,22.555767000000003,2016-11-03 18:12:43,0
1,113.969719,22.522932,2016-11-03 18:12:46,1
3,114.10635400000001,22.542784,2016-11-03 18:12:47,0
4,114.17997,22.558317000000002,2016-11-03 18:12:50,0
2,114.013733,22.555767000000003,2016-11-03 18:12:58,0
1,113.967529,22.522932,2016-11-03 18:13:01,1
4,114.17997,22.558317000000002,2016-11-03 18:13:05,0
3,114.106796,22.541218,2016-11-03 18:13:07,0
1,113.96505,22.522917,2016-11-03 18:13:16,1
2,114.013733,22.555767000000003,2016-11-03 18:13:21,0
2,114.013733,22.555767000000003,2016-11-03 18:13:22,0
4,114.17997,22.558317000000002,2016-11-03 18:13:20,0
3,114.10648300000001,22.540684,2016-11-03 18:13:27,0
1,113.962868,22.5229,2016-11-03 18:13:31,1
2,114.013733,22.555767000000003,2016-11-03 18:13:36,0
4,114.17997,22.558317000000002,2016-11-03 18:13:35,0
1,113.960136,22.522882,2016-11-03 18:13:46,1
2,114.013733,22.555767000000003,2016-11-03 18:13:51,0
3,114.10561399999999,22.54105,2016-11-03 18:13:47,0
4,114.17997,22.558317000000002,2016-11-03 18:13:50,0
1,113.957733,22.5231,2016-11-03 18:14:01,1
2,114.013733,22.555767000000003,2016-11-03 18:14:06,0
4,114.17997,22.558317000000002,2016-11-03 18:14:05,0
3,114.105019,22.542382999999997,2016-11-03 18:14:07,0
1,113.956352,22.523232999999998,2016-11-03 18:14:16,1
4,114.17997,22.558317000000002,2016-11-03 18:14:20,0
2,114.013733,22.555767000000003,2016-11-03 18:14:21,0
3,114.10498,22.542433,2016-11-03 18:14:27,0
2,114.013733,22.555767000000003,2016-11-03 18:14:36,0
4,114.17997,22.558317000000002,2016-11-03 18:14:35,0
3,114.10498,22.542433,2016-11-03 18:14:48,0
4,114.17997,22.558317000000002,2016-11-03 18:14:50,0
2,114.013733,22.555767000000003,2016-11-03 18:14:51,0
4,114.17997,22.558317000000002,2016-11-03 18:15:05,0
2,114.013733,22.555767000000003,2016-11-03 18:15:06,0
3,114.10498,22.542433,2016-11-03 18:15:08,0
4,114.17997,22.558317000000002,2016-11-03 18:15:20,0
2,114.013733,22.555767000000003,2016-11-03 18:15:23,0
3,114.10498,22.542433,2016-11-03 18:15:28,0
4,114.17997,22.558317000000002,2016-11-03 18:15:35,0
2,114.013733,22.555767000000003,2016-11-03 18:15:44,0
3,114.10498,22.542433,2016-11-03 18:15:48,0
4,114.17997,22.558317000000002,2016-11-03 18:15:50,0
1,113.94526699999999,22.524483,2016-11-03 18:15:56,1
0,114.051018,22.520933,2016-11-03 18:15:57,0
2,114.013733,22.555767000000003,2016-11-03 18:15:59,0
0,114.05100300000001,22.520782,2016-11-03 18:15:59,0
4,114.17997,22.558317000000002,2016-11-03 18:16:06,0
1,113.94511399999999,22.524483,2016-11-03 18:16:07,1
3,114.10498,22.542433,2016-11-03 18:16:08,0
0,114.050949,22.5203,2016-11-03 18:16:08,0
2,114.013733,22.555767000000003,2016-11-03 18:16:15,1
1,113.94503,22.524532,2016-11-03 18:16:22,1
4,114.18139599999999,22.557266000000002,2016-11-03 18:16:21,0
0,114.050949,22.5203,2016-11-03 18:16:24,0
3,114.10498,22.542433,2016-11-03 18:16:28,0
2,114.013733,22.555767000000003,2016-11-03 18:16:30,1
1,113.944969,22.524549,2016-11-03 18:16:37,1
4,114.182419,22.556566,2016-11-03 18:16:35,0
2,114.013733,22.555767000000003,2016-11-03 18:16:37,1
0,114.050949,22.5203,2016-11-03 18:16:39,0
3,114.10498,22.542433,2016-11-03 18:16:48,0
4,114.18325,22.556217,2016-11-03 18:16:50,0
1,113.94467900000001,22.524567,2016-11-03 18:16:52,1
2,114.013733,22.555767000000003,2016-11-03 18:16:52,1
0,114.050949,22.5203,2016-11-03 18:16:54,0
1,113.94446599999999,22.524567,2016-11-03 18:17:07,1
2,114.013733,22.555767000000003,2016-11-03 18:17:07,1
0,114.051033,22.520283,2016-11-03 18:17:09,0
4,114.184219,22.555567,2016-11-03 18:17:05,0
3,114.10635400000001,22.542999,2016-11-03 18:17:08,0
3,114.106384,22.542749,2016-11-03 18:17:11,1
2,114.013733,22.555767000000003,2016-11-03 18:17:16,1
1,113.944,22.524651000000002,2016-11-03 18:17:22,1
0,114.05093400000001,22.51935,2016-11-03 18:17:24,0
3,114.106583,22.542,2016-11-03 18:17:31,1
2,114.013733,22.555767000000003,2016-11-03 18:17:31,1
1,113.943451,22.524717000000003,2016-11-03 18:17:37,1
0,114.05085,22.518867,2016-11-03 18:17:39,0
3,114.106583,22.542,2016-11-03 18:17:51,1
1,113.942734,22.524834,2016-11-03 18:17:52,1
4,114.18281599999999,22.55765,2016-11-03 18:17:50,0
2,114.013733,22.555767000000003,2016-11-03 18:17:54,1
2,114.013733,22.555767000000003,2016-11-03 18:17:55,1
0,114.05085,22.518867,2016-11-03 18:17:54,0
1,113.94281799999999,22.525033999999998,2016-11-03 18:18:07,1
4,114.183151,22.558367,2016-11-03 18:18:05,0
0,114.05085,22.518867,2016-11-03 18:18:09,0
3,114.106651,22.541582000000002,2016-11-03 18:18:11,1
2,114.013733,22.555767000000003,2016-11-03 18:18:17,1
1,113.94281799999999,22.525101,2016-11-03 18:18:22,1
4,114.183701,22.559317,2016-11-03 18:18:21,0
2,114.013733,22.555767000000003,2016-11-03 18:18:24,1
0,114.05085,22.518867,2016-11-03 18:18:24,0
3,114.10681899999999,22.540182,2016-11-03 18:18:31,1
1,113.94283300000001,22.525133,2016-11-03 18:18:37,1
4,114.184547,22.559967,2016-11-03 18:18:36,0
2,114.013733,22.555767000000003,2016-11-03 18:18:39,1
0,114.05085,22.518867,2016-11-03 18:18:39,0
3,114.105598,22.538584,2016-11-03 18:18:51,1
1,113.94278,22.525133,2016-11-03 18:18:52,1
4,114.185097,22.560232,2016-11-03 18:18:50,0
0,114.05085,22.518867,2016-11-03 18:18:54,0
2,114.013733,22.555767000000003,2016-11-03 18:18:54,1
2,114.013733,22.555767000000003,2016-11-03 18:19:02,1
1,113.94266499999999,22.525101,2016-11-03 18:19:07,1
4,114.18553200000001,22.560266,2016-11-03 18:19:05,0
0,114.05085,22.518867,2016-11-03 18:19:09,0
3,114.10328700000001,22.538483,2016-11-03 18:19:11,1
2,114.013733,22.555767000000003,2016-11-03 18:19:17,1
1,113.942451,22.525101,2016-11-03 18:19:22,1
4,114.18553200000001,22.560266,2016-11-03 18:19:20,0
0,114.05085,22.518867,2016-11-03 18:19:24,0
2,114.013733,22.555767000000003,2016-11-03 18:19:32,1
1,113.942101,22.525118,2016-11-03 18:19:37,1
4,114.18553200000001,22.560266,2016-11-03 18:19:36,0
0,114.05085,22.518766,2016-11-03 18:19:39,0
3,114.101501,22.538366,2016-11-03 18:19:31,1
2,114.013733,22.555767000000003,2016-11-03 18:19:47,1
3,114.09981499999999,22.538366,2016-11-03 18:19:51,1
4,114.18586699999999,22.560484,2016-11-03 18:19:51,0
1,113.94153600000001,22.524932999999997,2016-11-03 18:19:52,1
0,114.050781,22.518,2016-11-03 18:19:54,0
2,114.013733,22.555767000000003,2016-11-03 18:20:02,1
1,113.940933,22.524798999999998,2016-11-03 18:20:07,1
4,114.185699,22.560432000000002,2016-11-03 18:20:06,0
3,114.09845,22.538349,2016-11-03 18:20:11,1
0,114.050598,22.517082000000002,2016-11-03 18:20:09,0
2,114.013733,22.555767000000003,2016-11-03 18:20:17,1
1,113.94038400000001,22.524883,2016-11-03 18:20:22,1
0,114.050583,22.515499,2016-11-03 18:20:24,0
2,114.013733,22.555767000000003,2016-11-03 18:20:25,1
1,113.940063,22.524967,2016-11-03 18:20:37,1
4,114.18468500000002,22.560316,2016-11-03 18:20:20,0
4,114.183784,22.559282,2016-11-03 18:20:36,0
3,114.097099,22.53825,2016-11-03 18:20:31,1
0,114.051018,22.5137,2016-11-03 18:20:39,0
2,114.013733,22.555767000000003,2016-11-03 18:20:40,1
1,113.939903,22.52495,2016-11-03 18:20:52,1
3,114.0942,22.5382,2016-11-03 18:20:51,1
0,114.051414,22.511749,2016-11-03 18:20:54,0
4,114.182999,22.55825,2016-11-03 18:20:51,0
2,114.013733,22.555767000000003,2016-11-03 18:20:55,1
1,113.939903,22.524932999999997,2016-11-03 18:21:07,1
0,114.05131499999999,22.511,2016-11-03 18:21:09,0
2,114.013733,22.555767000000003,2016-11-03 18:21:10,1
3,114.09121699999999,22.538267,2016-11-03 18:21:11,1
4,114.18271599999999,22.557217,2016-11-03 18:21:06,0
1,113.93983500000002,22.524932999999997,2016-11-03 18:21:22,1
4,114.181831,22.557167,2016-11-03 18:21:21,0
2,114.013733,22.555767000000003,2016-11-03 18:21:25,1
0,114.050301,22.5109,2016-11-03 18:21:24,0
1,113.939499,22.524932999999997,2016-11-03 18:21:37,1
4,114.18051899999999,22.5581,2016-11-03 18:21:35,0
0,114.050049,22.511482,2016-11-03 18:21:39,0
2,114.013733,22.555767000000003,2016-11-03 18:21:40,1
3,114.08805100000001,22.537634,2016-11-03 18:21:31,1
4,114.17935200000001,22.559099,2016-11-03 18:21:51,0
3,114.084648,22.537533,2016-11-03 18:21:51,1
1,113.939217,22.525033999999998,2016-11-03 18:21:52,1
2,114.013733,22.555767000000003,2016-11-03 18:21:55,1
0,114.05021699999999,22.5123,2016-11-03 18:21:54,0
1,113.939201,22.525017000000002,2016-11-03 18:22:07,1
4,114.17831399999999,22.559883,2016-11-03 18:22:06,0
2,114.013733,22.555767000000003,2016-11-03 18:22:10,1
0,114.05145300000001,22.512684,2016-11-03 18:22:09,0
3,114.081779,22.537416,2016-11-03 18:22:11,1
1,113.939034,22.525167,2016-11-03 18:22:22,1
4,114.178017,22.560101,2016-11-03 18:22:21,0
0,114.052582,22.512917,2016-11-03 18:22:24,0
2,114.013733,22.555767000000003,2016-11-03 18:22:25,1
3,114.079834,22.536448999999998,2016-11-03 18:22:31,1
1,113.938965,22.525284,2016-11-03 18:22:37,1
4,114.178017,22.560101,2016-11-03 18:22:36,0
0,114.052696,22.512751,2016-11-03 18:22:39,0
2,114.013733,22.555767000000003,2016-11-03 18:22:40,1
3,114.078529,22.534433,2016-11-03 18:22:51,1
1,113.938965,22.525299,2016-11-03 18:22:52,1
4,114.178017,22.560101,2016-11-03 18:22:51,0
0,114.05273400000002,22.512417000000003,2016-11-03 18:22:54,0
2,114.013733,22.555767000000003,2016-11-03 18:22:55,1
1,113.93895,22.525316,2016-11-03 18:23:07,1
4,114.177254,22.560667000000002,2016-11-03 18:23:06,0
0,114.052719,22.512318,2016-11-03 18:23:08,0
2,114.013733,22.555767000000003,2016-11-03 18:23:10,1
3,114.077049,22.532167,2016-11-03 18:23:11,1
1,113.93895,22.525316,2016-11-03 18:23:22,1
4,114.17593400000001,22.56155,2016-11-03 18:23:20,0
2,114.013733,22.555767000000003,2016-11-03 18:23:25,1
0,114.052719,22.512318,2016-11-03 18:23:24,0
3,114.07508100000001,22.531933,2016-11-03 18:23:31,1
4,114.17469799999999,22.562332,2016-11-03 18:23:36,0
1,113.93895,22.525316,2016-11-03 18:23:37,1
0,114.052719,22.512318,2016-11-03 18:23:38,0
2,114.013733,22.555767000000003,2016-11-03 18:23:40,1
3,114.073402,22.531918,2016-11-03 18:23:51,1
4,114.17316399999999,22.562932999999997,2016-11-03 18:23:51,0
1,113.93895,22.525316,2016-11-03 18:23:52,1
0,114.052719,22.512318,2016-11-03 18:23:54,0
2,114.013733,22.555767000000003,2016-11-03 18:23:55,1
1,113.93885,22.525534,2016-11-03 18:24:07,1
4,114.172531,22.563417,2016-11-03 18:24:06,0
0,114.05293300000001,22.511932,2016-11-03 18:24:09,0
2,114.013733,22.555767000000003,2016-11-03 18:24:10,1
3,114.07136499999999,22.5319,2016-11-03 18:24:11,1
1,113.93861399999999,22.525883,2016-11-03 18:24:22,1
4,114.17248500000001,22.564051,2016-11-03 18:24:21,0
0,114.05318500000001,22.511749,2016-11-03 18:24:24,0
2,114.013733,22.555767000000003,2016-11-03 18:24:25,1
3,114.068436,22.531882999999997,2016-11-03 18:24:31,1
2,114.013733,22.555767000000003,2016-11-03 18:24:32,1
1,113.938484,22.525967,2016-11-03 18:24:37,1
4,114.17248500000001,22.56525,2016-11-03 18:24:36,0
0,114.05318500000001,22.511517,2016-11-03 18:24:39,0
2,114.013733,22.555767000000003,2016-11-03 18:24:47,1
3,114.06543,22.531918,2016-11-03 18:24:51,1
1,113.93831599999999,22.526016000000002,2016-11-03 18:24:52,1
4,114.17248500000001,22.566616,2016-11-03 18:24:51,0
0,114.052681,22.511232,2016-11-03 18:24:54,0
2,114.013733,22.555767000000003,2016-11-03 18:25:02,1
1,113.938286,22.526016000000002,2016-11-03 18:25:07,1
4,114.171921,22.566933,2016-11-03 18:25:06,0
0,114.052521,22.511167999999998,2016-11-03 18:25:09,0
3,114.063919,22.531982,2016-11-03 18:25:11,1
2,114.013733,22.555767000000003,2016-11-03 18:25:17,1
1,113.93816399999999,22.526051000000002,2016-11-03 18:25:22,1
4,114.1716,22.566933,2016-11-03 18:25:21,0
0,114.05196399999998,22.511167999999998,2016-11-03 18:25:24,1
2,114.013733,22.555767000000003,2016-11-03 18:25:26,1
3,114.0616,22.531866,2016-11-03 18:25:31,1
4,114.1716,22.566933,2016-11-03 18:25:36,0
1,113.93813300000001,22.526051000000002,2016-11-03 18:25:37,1
0,114.05156699999999,22.511717,2016-11-03 18:25:39,1
2,114.013733,22.555767000000003,2016-11-03 18:25:41,1
3,114.059647,22.531882999999997,2016-11-03 18:25:51,1
1,113.93813300000001,22.526068,2016-11-03 18:25:52,1
4,114.17126499999999,22.56695,2016-11-03 18:25:51,0
2,113.98346699999999,22.55385,2016-11-03 18:25:56,1
2,113.98303200000001,22.553801,2016-11-03 18:26:04,1
1,113.93813300000001,22.526051000000002,2016-11-03 18:26:07,1
4,114.17048600000001,22.567667,2016-11-03 18:26:06,0
0,114.050919,22.514167999999998,2016-11-03 18:25:58,1
3,114.0569,22.531799,2016-11-03 18:26:11,1
0,114.050568,22.5159,2016-11-03 18:26:09,1
2,113.98307,22.554068,2016-11-03 18:26:19,1
1,113.93811799999999,22.526032999999998,2016-11-03 18:26:22,1
4,114.16954799999999,22.569433,2016-11-03 18:26:21,0
3,114.05433700000002,22.531717,2016-11-03 18:26:31,1
2,113.98307,22.554216,2016-11-03 18:26:34,1
1,113.93811799999999,22.526051000000002,2016-11-03 18:26:37,1
4,114.16896799999999,22.57045,2016-11-03 18:26:36,0
0,114.05063600000001,22.516968,2016-11-03 18:26:24,1
2,113.98298600000001,22.554632,2016-11-03 18:26:49,1
1,113.93789699999999,22.526051000000002,2016-11-03 18:26:52,1
2,113.98283400000001,22.55525,2016-11-03 18:27:04,1
3,114.05218500000001,22.53175,2016-11-03 18:26:51,1
4,114.168198,22.571817000000003,2016-11-03 18:26:51,0
0,114.05063600000001,22.516968,2016-11-03 18:26:39,1
1,113.937248,22.525682,2016-11-03 18:27:07,1
0,114.050735,22.5173,2016-11-03 18:26:54,1
0,114.050835,22.517467,2016-11-03 18:27:09,1
2,113.984047,22.555401,2016-11-03 18:27:19,1
1,113.93708000000001,22.5254,2016-11-03 18:27:22,1
0,114.050766,22.518267,2016-11-03 18:27:24,1
2,113.985634,22.556217,2016-11-03 18:27:34,1
1,113.93706499999999,22.525316,2016-11-03 18:27:37,1
0,114.04911799999999,22.518368,2016-11-03 18:27:39,1
2,113.98801399999999,22.55645,2016-11-03 18:27:49,1
1,113.93708000000001,22.525333,2016-11-03 18:27:52,1
0,114.046516,22.51895,2016-11-03 18:27:54,1
2,113.98938000000001,22.556383,2016-11-03 18:27:57,1
4,114.16678600000002,22.571533,2016-11-03 18:27:06,0
1,113.93706499999999,22.525351,2016-11-03 18:28:07,1
0,114.045235,22.519466,2016-11-03 18:28:09,1
2,113.99091299999999,22.556883,2016-11-03 18:28:12,1
3,114.04998,22.531733,2016-11-03 18:27:11,1
4,114.165314,22.570766,2016-11-03 18:27:21,0
3,114.047852,22.531668,2016-11-03 18:27:31,1
4,114.165421,22.569668,2016-11-03 18:27:36,0
4,114.165421,22.569584,2016-11-03 18:27:51,0
3,114.04658500000001,22.531682999999997,2016-11-03 18:27:51,1
4,114.16543600000001,22.568233,2016-11-03 18:28:06,0
3,114.04493000000001,22.532316,2016-11-03 18:28:11,1
1,113.93706499999999,22.525299,2016-11-03 18:28:22,1
4,114.16543600000001,22.567217000000003,2016-11-03 18:28:21,0
0,114.04493000000001,22.519582999999997,2016-11-03 18:28:24,1
2,113.99261499999999,22.557083,2016-11-03 18:28:27,1
3,114.044701,22.533266,2016-11-03 18:28:31,1
4,114.165451,22.567083,2016-11-03 18:28:33,1
1,113.93705,22.525284,2016-11-03 18:28:37,1
0,114.04474599999999,22.51965,2016-11-03 18:28:39,1
2,113.99398000000001,22.556583,2016-11-03 18:28:42,1
4,114.165451,22.567083,2016-11-03 18:28:48,1
2,113.994965,22.556232,2016-11-03 18:28:50,1
3,114.044785,22.533667,2016-11-03 18:28:51,1
1,113.93705,22.525284,2016-11-03 18:28:52,1
0,114.04474599999999,22.51965,2016-11-03 18:28:54,1
4,114.165451,22.567083,2016-11-03 18:29:03,1
2,113.997482,22.5557,2016-11-03 18:29:05,1
1,113.93705,22.525284,2016-11-03 18:29:07,1
3,114.044785,22.533667,2016-11-03 18:29:11,1
4,114.164452,22.566633,2016-11-03 18:29:18,1
0,114.04474599999999,22.51965,2016-11-03 18:29:09,1
1,113.936935,22.524932999999997,2016-11-03 18:29:21,1
0,114.04456299999998,22.519683999999998,2016-11-03 18:29:24,1
3,114.04481499999999,22.534567000000003,2016-11-03 18:29:31,1
1,113.936729,22.524317,2016-11-03 18:29:37,1
4,114.16439799999999,22.565483,2016-11-03 18:29:33,1
4,114.163284,22.565367000000002,2016-11-03 18:29:48,1
0,114.043869,22.520018,2016-11-03 18:29:39,1
3,114.044518,22.5347,2016-11-03 18:29:51,1
1,113.9366,22.524033,2016-11-03 18:29:51,1
0,114.04363300000001,22.520082000000002,2016-11-03 18:29:54,1
4,114.161598,22.565332,2016-11-03 18:30:03,1
1,113.936501,22.523832000000002,2016-11-03 18:30:00,1
0,114.04353300000001,22.520232999999998,2016-11-03 18:30:09,1
3,114.04402900000001,22.534733,2016-11-03 18:30:11,1
4,114.161369,22.564182000000002,2016-11-03 18:30:18,1
1,113.936501,22.523701000000003,2016-11-03 18:30:23,1
1,113.936501,22.523701000000003,2016-11-03 18:30:24,1
0,114.04353300000001,22.520232999999998,2016-11-03 18:30:24,1
3,114.04402900000001,22.5341,2016-11-03 18:30:31,1
4,114.161217,22.562817000000003,2016-11-03 18:30:33,1
1,113.93647,22.523684,2016-11-03 18:30:38,1
0,114.04353300000001,22.520232999999998,2016-11-03 18:30:39,1
4,114.15937,22.562134,2016-11-03 18:30:48,1
3,114.044403,22.5336,2016-11-03 18:30:51,1
1,113.936401,22.523684,2016-11-03 18:30:53,1
0,114.04353300000001,22.520232999999998,2016-11-03 18:30:54,1
4,114.157448,22.561216,2016-11-03 18:31:03,1
1,113.936401,22.523733,2016-11-03 18:31:08,1
0,114.04353300000001,22.520232999999998,2016-11-03 18:31:09,1
3,114.04447900000001,22.531651,2016-11-03 18:31:11,1
4,114.15664699999999,22.560633,2016-11-03 18:31:18,1
1,113.93641699999999,22.523718,2016-11-03 18:31:23,1
0,114.04353300000001,22.520232999999998,2016-11-03 18:31:24,1
3,114.044647,22.530033,2016-11-03 18:31:31,1
4,114.15623500000001,22.560284,2016-11-03 18:31:33,1
1,113.936401,22.523567,2016-11-03 18:31:37,1
2,114.02351399999999,22.560316,2016-11-03 18:31:39,1
0,114.04353300000001,22.520232999999998,2016-11-03 18:31:39,1
4,114.155899,22.559998999999998,2016-11-03 18:31:48,1
3,114.044701,22.5296,2016-11-03 18:31:51,1
1,113.936203,22.522966,2016-11-03 18:31:53,1
0,114.043251,22.520483,2016-11-03 18:31:54,1
2,114.02528400000001,22.560484,2016-11-03 18:31:55,1
2,114.02559699999999,22.560782999999997,2016-11-03 18:32:02,1
4,114.155266,22.559517,2016-11-03 18:32:03,1
1,113.935951,22.522533,2016-11-03 18:32:08,1
0,114.042686,22.520767000000003,2016-11-03 18:32:09,1
3,114.044701,22.5296,2016-11-03 18:32:11,1
2,114.02611499999999,22.558968,2016-11-03 18:32:17,1
4,114.154564,22.558933,2016-11-03 18:32:18,1
1,113.935654,22.522266000000002,2016-11-03 18:32:23,1
0,114.04248,22.520884,2016-11-03 18:32:24,1
3,114.0448,22.528732,2016-11-03 18:32:31,1
2,114.02716799999999,22.558232999999998,2016-11-03 18:32:32,1
4,114.153282,22.557817,2016-11-03 18:32:33,1
1,113.935547,22.5221,2016-11-03 18:32:38,1
0,114.04248,22.520884,2016-11-03 18:32:39,1
2,114.027046,22.558232999999998,2016-11-03 18:32:46,1
4,114.15153500000001,22.556632999999998,2016-11-03 18:32:48,1
3,114.04481499999999,22.52845,2016-11-03 18:32:51,1
1,113.93516499999998,22.522033999999998,2016-11-03 18:32:53,1
0,114.04248,22.520884,2016-11-03 18:32:54,1
2,114.027397,22.557882,2016-11-03 18:33:02,1
4,114.149597,22.556101,2016-11-03 18:33:03,1
1,113.934486,22.522033999999998,2016-11-03 18:33:08,1
0,114.04248,22.520884,2016-11-03 18:33:09,1
3,114.044853,22.5275,2016-11-03 18:33:11,1
2,114.02791599999999,22.557582999999997,2016-11-03 18:33:17,1
4,114.14726999999999,22.555634,2016-11-03 18:33:18,1
1,113.93371599999999,22.52215,2016-11-03 18:33:23,1
0,114.04248,22.520884,2016-11-03 18:33:24,1
3,114.04476899999999,22.526867000000003,2016-11-03 18:33:23,0
2,114.02806899999999,22.557484,2016-11-03 18:33:32,1
4,114.144653,22.555517000000002,2016-11-03 18:33:33,1
1,113.93323500000001,22.522232000000002,2016-11-03 18:33:38,1
0,114.04248,22.520884,2016-11-03 18:33:39,1
2,114.02803,22.557516,2016-11-03 18:33:47,1
3,114.04476899999999,22.526867000000003,2016-11-03 18:33:43,0
4,114.142799,22.555767000000003,2016-11-03 18:33:48,1
1,113.932549,22.522066,2016-11-03 18:33:53,1
0,114.04248,22.520884,2016-11-03 18:33:54,1
2,114.02832,22.557318,2016-11-03 18:34:02,1
4,114.140984,22.556283999999998,2016-11-03 18:34:03,1
3,114.04454799999999,22.526251000000002,2016-11-03 18:34:03,0
0,114.04248,22.520884,2016-11-03 18:34:09,1
2,114.028885,22.556784,2016-11-03 18:34:17,1
4,114.139549,22.55715,2016-11-03 18:34:18,1
0,114.04198500000001,22.521217,2016-11-03 18:34:24,1
2,114.027786,22.556368,2016-11-03 18:34:32,1
4,114.13784799999999,22.5564,2016-11-03 18:34:33,1
3,114.043953,22.525049,2016-11-03 18:34:23,0
0,114.04078700000001,22.521816,2016-11-03 18:34:39,1
3,114.043617,22.524332,2016-11-03 18:34:43,0
2,114.026649,22.55615,2016-11-03 18:34:47,1
4,114.13863400000001,22.554867,2016-11-03 18:34:48,1
0,114.03931399999999,22.522633,2016-11-03 18:34:54,1
2,114.02503200000001,22.555901000000002,2016-11-03 18:35:02,1
3,114.043617,22.524332,2016-11-03 18:35:03,0
4,114.13863400000001,22.55365,2016-11-03 18:35:03,1
0,114.03825400000001,22.5233,2016-11-03 18:35:09,1
0,114.038101,22.523433999999998,2016-11-03 18:35:24,1
4,114.13773300000001,22.552151000000002,2016-11-03 18:35:18,1
3,114.042801,22.52285,2016-11-03 18:35:23,0
4,114.136932,22.55105,2016-11-03 18:35:33,1
0,114.03798700000002,22.523417000000002,2016-11-03 18:35:39,1
3,114.04218300000001,22.521967,2016-11-03 18:35:43,0
4,114.13546799999999,22.549601000000003,2016-11-03 18:35:48,1
2,114.024902,22.556101,2016-11-03 18:35:10,1
2,114.024902,22.556101,2016-11-03 18:35:11,1
2,114.02483400000001,22.556168,2016-11-03 18:35:17,1
2,114.024803,22.556433,2016-11-03 18:35:26,1
2,114.024803,22.556433,2016-11-03 18:35:27,1
2,114.024666,22.55695,2016-11-03 18:35:41,0
1,113.932381,22.521517000000003,2016-11-03 18:34:07,1
1,113.93233500000001,22.5214,2016-11-03 18:34:16,1
1,113.93231999999999,22.5214,2016-11-03 18:34:17,1
0,114.03703300000001,22.523982999999998,2016-11-03 18:35:54,1
2,114.02456699999999,22.557266000000002,2016-11-03 18:35:49,0
2,114.02453600000001,22.557333,2016-11-03 18:35:50,0
2,114.02453600000001,22.557333,2016-11-03 18:35:57,0
3,114.04218300000001,22.521967,2016-11-03 18:36:03,0
4,114.133781,22.549298999999998,2016-11-03 18:36:03,1
0,114.03548400000001,22.524798999999998,2016-11-03 18:36:09,1
1,113.932449,22.521667,2016-11-03 18:36:12,0
2,114.024635,22.557617,2016-11-03 18:36:12,0
1,113.932449,22.521667,2016-11-03 18:36:13,0
1,113.932533,22.521749,2016-11-03 18:36:14,0
4,114.132484,22.549101,2016-11-03 18:36:18,1
3,114.04188500000001,22.521467,2016-11-03 18:36:23,0
0,114.033852,22.525582999999997,2016-11-03 18:36:24,1
2,114.024879,22.557699,2016-11-03 18:36:27,0
1,113.933479,22.521798999999998,2016-11-03 18:36:32,0
4,114.132332,22.549101,2016-11-03 18:36:33,1
0,114.033699,22.525717,2016-11-03 18:36:39,1
3,114.041199,22.520218,2016-11-03 18:36:43,0
1,113.93366999999999,22.52165,2016-11-03 18:36:44,0
4,114.132332,22.549101,2016-11-03 18:36:48,1
1,113.93366999999999,22.5215,2016-11-03 18:36:52,0
0,114.033051,22.526167,2016-11-03 18:36:54,1
2,114.02523000000001,22.55785,2016-11-03 18:36:44,0
3,114.040283,22.518732,2016-11-03 18:37:03,0
1,113.93356299999999,22.520967000000002,2016-11-03 18:37:07,0
2,114.025749,22.55785,2016-11-03 18:36:50,0
2,114.026131,22.557882,2016-11-03 18:36:57,0
2,114.02623,22.557899,2016-11-03 18:36:59,0
2,114.026619,22.558018,2016-11-03 18:37:06,0
0,114.03211999999999,22.526699,2016-11-03 18:37:09,1
2,114.026901,22.558216,2016-11-03 18:37:21,0
4,114.131134,22.548967,2016-11-03 18:37:03,1
1,113.933632,22.520933,2016-11-03 18:37:22,0
4,114.13078300000001,22.548849,2016-11-03 18:37:18,1
3,114.0392,22.517098999999998,2016-11-03 18:37:23,0
0,114.03061699999999,22.52755,2016-11-03 18:37:24,1
4,114.130119,22.548683,2016-11-03 18:37:28,0
2,114.02746599999999,22.557917,2016-11-03 18:37:36,0
1,113.933632,22.520933,2016-11-03 18:37:37,0
0,114.03036499999999,22.5277,2016-11-03 18:37:39,0
3,114.03868100000001,22.516268,2016-11-03 18:37:43,0
4,114.12993600000001,22.548668,2016-11-03 18:37:43,0
2,114.027817,22.557684,2016-11-03 18:37:51,0
0,114.03036499999999,22.5277,2016-11-03 18:37:54,0
1,113.933548,22.519867,2016-11-03 18:37:54,0
4,114.12993600000001,22.548668,2016-11-03 18:37:58,0
1,113.93335,22.5196,2016-11-03 18:38:00,0
3,114.03726999999999,22.5166,2016-11-03 18:38:03,0
2,114.028015,22.55755,2016-11-03 18:38:06,1
0,114.03036499999999,22.5277,2016-11-03 18:38:09,0
4,114.12993600000001,22.548668,2016-11-03 18:38:13,0
1,113.933151,22.519182,2016-11-03 18:38:15,0
4,114.12993600000001,22.548668,2016-11-03 18:38:18,1
2,114.028618,22.557133,2016-11-03 18:38:21,1
1,113.93323500000001,22.519217,2016-11-03 18:38:23,0
0,114.030235,22.527634,2016-11-03 18:38:24,0
2,114.028603,22.55715,2016-11-03 18:38:29,1
4,114.12993600000001,22.548668,2016-11-03 18:38:33,1
1,113.933182,22.519517999999998,2016-11-03 18:38:38,0
0,114.029564,22.528049,2016-11-03 18:38:39,0
3,114.036148,22.517166,2016-11-03 18:38:23,0
3,114.03492,22.517866,2016-11-03 18:38:43,0
2,114.02858,22.557133,2016-11-03 18:38:44,1
4,114.12993600000001,22.548668,2016-11-03 18:38:49,1
1,113.93335,22.519817,2016-11-03 18:38:53,0
0,114.028549,22.528633,2016-11-03 18:38:54,0
2,114.02856399999999,22.557133,2016-11-03 18:38:59,1
1,113.93346399999999,22.519783,2016-11-03 18:39:01,0
3,114.034149,22.518267,2016-11-03 18:39:03,0
4,114.12966899999999,22.548517,2016-11-03 18:39:04,1
0,114.027199,22.529484,2016-11-03 18:39:09,0
2,114.02856399999999,22.557117,2016-11-03 18:39:14,1
1,113.93346399999999,22.519783,2016-11-03 18:39:16,0
4,114.129646,22.547817000000002,2016-11-03 18:39:19,1
3,114.034149,22.518267,2016-11-03 18:39:23,0
0,114.02563500000001,22.531349,2016-11-03 18:39:24,0
4,114.12968400000001,22.547532999999998,2016-11-03 18:39:27,0
2,114.02856399999999,22.557133,2016-11-03 18:39:29,1
1,113.93346399999999,22.519783,2016-11-03 18:39:31,0
1,113.93356299999999,22.521,2016-11-03 18:39:39,0
0,114.02528400000001,22.5326,2016-11-03 18:39:39,0
4,114.129547,22.546948999999998,2016-11-03 18:39:42,0
3,114.034149,22.518267,2016-11-03 18:39:43,0
1,113.933647,22.52095,2016-11-03 18:39:41,0
2,114.02856399999999,22.557117,2016-11-03 18:39:44,1
1,113.933746,22.52095,2016-11-03 18:39:47,0
0,114.025131,22.533484,2016-11-03 18:39:54,0
4,114.12957,22.5467,2016-11-03 18:59:54,0
2,114.02858,22.557117,2016-11-03 18:39:59,1
1,113.93368500000001,22.521217,2016-11-03 18:40:02,0
3,114.034149,22.518267,2016-11-03 18:40:03,0
2,114.02856399999999,22.557117,2016-11-03 18:40:07,1
0,114.024918,22.534416,2016-11-03 18:40:09,0
4,114.129616,22.545433,2016-11-03 18:40:13,0
1,113.933647,22.521383,2016-11-03 18:40:17,0
2,114.02883100000001,22.556932,2016-11-03 18:40:22,1
0,114.02471899999999,22.535316,2016-11-03 18:40:24,0
1,113.93366999999999,22.5214,2016-11-03 18:40:25,0
3,114.034149,22.518267,2016-11-03 18:40:23,0
4,114.129616,22.54525,2016-11-03 18:40:25,1
2,114.02973200000001,22.556316,2016-11-03 18:40:37,1
1,113.933701,22.521418,2016-11-03 18:40:40,0
0,114.024429,22.536317999999998,2016-11-03 18:40:39,0
4,114.129547,22.544367,2016-11-03 18:40:40,1
3,114.034149,22.518267,2016-11-03 18:40:43,0
1,113.933701,22.521418,2016-11-03 18:40:48,0
2,114.031349,22.555067,2016-11-03 18:40:52,1
0,114.02428400000001,22.536751000000002,2016-11-03 18:40:54,0
4,114.12851699999999,22.543734,2016-11-03 18:40:55,1
2,114.031998,22.554501000000002,2016-11-03 18:41:00,1
3,114.034149,22.518267,2016-11-03 18:41:03,0
1,113.93371599999999,22.521433,2016-11-03 18:41:03,0
4,114.12656399999999,22.542832999999998,2016-11-03 18:41:10,1
2,114.03218100000001,22.55435,2016-11-03 18:41:02,1
2,114.03276799999999,22.553984,2016-11-03 18:41:08,1
0,114.024429,22.536867,2016-11-03 18:41:09,0
2,114.03323400000001,22.553568,2016-11-03 18:41:16,1
1,113.93371599999999,22.521418,2016-11-03 18:41:18,0
0,114.025085,22.536966,2016-11-03 18:41:24,0
3,114.034149,22.518267,2016-11-03 18:41:24,0
4,114.12516799999999,22.541901,2016-11-03 18:41:25,1
2,114.033546,22.552999,2016-11-03 18:41:31,1
1,113.93368500000001,22.5214,2016-11-03 18:41:33,0
0,114.025368,22.5371,2016-11-03 18:41:40,0
2,114.03418,22.552366,2016-11-03 18:41:46,1
0,114.02548200000001,22.537067,2016-11-03 18:41:54,0
2,114.035004,22.551701,2016-11-03 18:42:01,1
4,114.123703,22.541,2016-11-03 18:41:40,1
0,114.02548200000001,22.537067,2016-11-03 18:42:10,0
3,114.034149,22.518267,2016-11-03 18:41:44,0
4,114.12238300000001,22.541267,2016-11-03 18:41:55,1
3,114.034149,22.518267,2016-11-03 18:42:04,0
4,114.121384,22.541401,2016-11-03 18:42:10,1
2,114.03528600000001,22.550516000000002,2016-11-03 18:42:17,1
3,114.034149,22.518267,2016-11-03 18:42:24,0
4,114.12058300000001,22.541651,2016-11-03 18:42:25,1
0,114.025986,22.537018,2016-11-03 18:42:25,0
4,114.12058300000001,22.541651,2016-11-03 18:42:40,1
0,114.026367,22.536917000000003,2016-11-03 18:42:40,0
3,114.034149,22.518267,2016-11-03 18:42:44,0
2,114.03318,22.547933999999998,2016-11-03 18:42:48,1
4,114.12058300000001,22.541651,2016-11-03 18:42:55,1
0,114.02655,22.536949,2016-11-03 18:42:55,0
3,114.034149,22.518267,2016-11-03 18:43:04,0
4,114.12058300000001,22.541651,2016-11-03 18:43:10,1
0,114.026604,22.536966,2016-11-03 18:43:09,0
3,114.034149,22.518267,2016-11-03 18:43:24,0
0,114.026451,22.537149,2016-11-03 18:43:25,0
4,114.12058300000001,22.541651,2016-11-03 18:43:25,1
4,114.12058300000001,22.541651,2016-11-03 18:43:40,1
0,114.02561999999999,22.536867,2016-11-03 18:43:40,0
3,114.034149,22.518267,2016-11-03 18:43:44,0
4,114.12058300000001,22.541651,2016-11-03 18:43:55,1
0,114.024483,22.536832999999998,2016-11-03 18:43:55,0
3,114.034149,22.518267,2016-11-03 18:44:04,0
4,114.1203,22.541732999999997,2016-11-03 18:44:10,1
0,114.02438400000001,22.536867,2016-11-03 18:44:10,0
1,113.933617,22.521351,2016-11-03 18:44:14,0
1,113.933617,22.521351,2016-11-03 18:44:18,0
3,114.034149,22.518267,2016-11-03 18:44:24,0
0,114.023804,22.53685,2016-11-03 18:44:25,0
4,114.119514,22.5408,2016-11-03 18:44:25,1
1,113.93366999999999,22.521732,2016-11-03 18:44:33,0
4,114.11808,22.5401,2016-11-03 18:44:40,1
0,114.023331,22.5369,2016-11-03 18:44:40,0
3,114.034149,22.518267,2016-11-03 18:44:44,0
1,113.933067,22.521867999999998,2016-11-03 18:44:48,0
4,114.117729,22.540001,2016-11-03 18:44:55,1
0,114.022469,22.536633,2016-11-03 18:44:55,0
1,113.93229699999999,22.522133,2016-11-03 18:45:03,0
3,114.034149,22.518267,2016-11-03 18:45:04,0
4,114.117065,22.539867,2016-11-03 18:45:10,1
0,114.022217,22.536568,2016-11-03 18:45:10,0
1,113.93225100000001,22.522217,2016-11-03 18:45:18,0
3,114.034149,22.518267,2016-11-03 18:45:24,0
4,114.116615,22.540182,2016-11-03 18:45:25,1
0,114.02161399999999,22.536417,2016-11-03 18:45:25,0
1,113.93231999999999,22.522217,2016-11-03 18:45:26,0
4,114.116219,22.541332,2016-11-03 18:45:40,1
0,114.02096599999999,22.536282999999997,2016-11-03 18:45:40,0
3,114.034149,22.518267,2016-11-03 18:45:44,0
1,113.93235,22.522249,2016-11-03 18:45:41,0
4,114.116119,22.541883,2016-11-03 18:45:55,1
0,114.020348,22.536248999999998,2016-11-03 18:45:55,0
1,113.932266,22.522249,2016-11-03 18:45:56,0
2,114.02141599999999,22.547082999999997,2016-11-03 18:46:00,0
3,114.034149,22.518267,2016-11-03 18:46:04,0
2,114.021248,22.547449,2016-11-03 18:46:05,0
4,114.116119,22.541883,2016-11-03 18:46:10,1
0,114.019699,22.536133,2016-11-03 18:46:10,0
1,113.931503,22.522432000000002,2016-11-03 18:46:11,0
4,114.116119,22.541883,2016-11-03 18:46:18,0
3,114.034149,22.518267,2016-11-03 18:46:24,0
0,114.01956899999999,22.536066,2016-11-03 18:46:25,0
1,113.931351,22.522417,2016-11-03 18:46:26,0
2,114.02005,22.549351,2016-11-03 18:46:27,0
2,114.01993600000002,22.549517,2016-11-03 18:46:29,0
4,114.116119,22.541883,2016-11-03 18:46:33,0
2,114.01941699999999,22.550283,2016-11-03 18:46:36,0
0,114.01938600000001,22.536448999999998,2016-11-03 18:46:40,0
1,113.93132,22.522417,2016-11-03 18:46:41,0
3,114.034149,22.518267,2016-11-03 18:46:44,0
4,114.116119,22.541883,2016-11-03 18:46:48,0
1,113.931183,22.522417,2016-11-03 18:46:50,1
2,114.01847099999999,22.551451,2016-11-03 18:46:51,0
0,114.01918,22.537149,2016-11-03 18:46:55,0
4,114.116119,22.541883,2016-11-03 18:47:03,0
3,114.034149,22.518267,2016-11-03 18:47:04,0
1,113.930199,22.522467000000002,2016-11-03 18:47:05,1
2,114.017982,22.552134,2016-11-03 18:47:06,0
0,114.01916499999999,22.537216,2016-11-03 18:47:08,1
4,114.11601999999999,22.542534,2016-11-03 18:47:18,0
1,113.92898600000001,22.522783,2016-11-03 18:47:20,1
2,114.017799,22.552532,2016-11-03 18:47:21,0
3,114.034149,22.518267,2016-11-03 18:47:24,0
0,114.01916499999999,22.537466000000002,2016-11-03 18:47:25,1
1,113.92838300000001,22.5229,2016-11-03 18:47:28,1
4,114.11601999999999,22.542534,2016-11-03 18:47:33,0
2,114.01728100000001,22.553283999999998,2016-11-03 18:47:36,0
0,114.018951,22.538134,2016-11-03 18:47:40,1
1,113.928551,22.524082,2016-11-03 18:47:43,1
3,114.034149,22.518267,2016-11-03 18:47:44,0
4,114.11601999999999,22.542534,2016-11-03 18:47:48,0
2,114.017036,22.5536,2016-11-03 18:47:51,0
0,114.01992,22.538532,2016-11-03 18:47:55,1
1,113.928719,22.524668,2016-11-03 18:47:58,1
4,114.11601999999999,22.542534,2016-11-03 18:48:03,0
3,114.034149,22.518267,2016-11-03 18:48:04,0
2,114.01691399999999,22.553682000000002,2016-11-03 18:48:06,1
0,114.0224,22.539232000000002,2016-11-03 18:48:10,1
1,113.928749,22.524732999999998,2016-11-03 18:48:13,1
4,114.11601999999999,22.542534,2016-11-03 18:48:18,0
2,114.01666999999999,22.55405,2016-11-03 18:48:21,1
1,113.92876399999999,22.524782000000002,2016-11-03 18:48:21,1
3,114.034149,22.518267,2016-11-03 18:48:24,0
0,114.024483,22.539583,2016-11-03 18:48:25,1
4,114.11601999999999,22.542534,2016-11-03 18:48:33,0
1,113.928932,22.525118,2016-11-03 18:48:36,1
2,114.016632,22.5541,2016-11-03 18:48:36,1
0,114.02683300000001,22.539984,2016-11-03 18:48:40,1
3,114.034149,22.518267,2016-11-03 18:48:44,0
4,114.115036,22.542732,2016-11-03 18:48:47,0
1,113.92903100000001,22.525316,2016-11-03 18:48:51,1
2,114.01641799999999,22.554367000000003,2016-11-03 18:48:51,1
0,114.028419,22.540251,2016-11-03 18:48:55,1
4,114.114799,22.542618,2016-11-03 18:49:02,0
3,114.034149,22.518267,2016-11-03 18:49:04,0
2,114.016167,22.554968,2016-11-03 18:49:06,1
1,113.929199,22.525617999999998,2016-11-03 18:49:06,1
0,114.029068,22.540318,2016-11-03 18:49:10,1
4,114.114799,22.542618,2016-11-03 18:49:17,0
1,113.92923,22.525717,2016-11-03 18:49:21,1
2,114.01623500000001,22.554968,2016-11-03 18:49:21,1
3,114.034149,22.518267,2016-11-03 18:49:24,0
4,114.114799,22.542618,2016-11-03 18:49:25,1
1,113.92935200000001,22.525984,2016-11-03 18:49:36,1
2,114.01623500000001,22.554968,2016-11-03 18:49:38,1
4,114.115753,22.542816000000002,2016-11-03 18:49:40,1
2,114.01619699999999,22.554951000000003,2016-11-03 18:49:44,1
3,114.034149,22.518267,2016-11-03 18:49:44,0
1,113.92953500000002,22.526332999999997,2016-11-03 18:49:51,1
0,114.031136,22.540684,2016-11-03 18:49:40,1
4,114.115753,22.542816000000002,2016-11-03 18:49:55,1
0,114.03236399999999,22.540916,2016-11-03 18:49:55,1
2,114.01621999999999,22.554951000000003,2016-11-03 18:49:59,1
3,114.034149,22.518267,2016-11-03 18:50:04,0
1,113.929565,22.526466,2016-11-03 18:50:06,1
4,114.115753,22.542816000000002,2016-11-03 18:50:10,1
0,114.032829,22.540982999999997,2016-11-03 18:50:10,1
2,114.016182,22.554951000000003,2016-11-03 18:50:16,1
1,113.92968,22.526684,2016-11-03 18:50:21,1
2,114.01615100000001,22.554934,2016-11-03 18:50:22,1
3,114.034149,22.518267,2016-11-03 18:50:24,0
4,114.11628,22.542967,2016-11-03 18:50:25,1
0,114.03306599999999,22.541017999999998,2016-11-03 18:50:25,1
1,113.929787,22.52685,2016-11-03 18:50:36,1
2,114.016182,22.554934,2016-11-03 18:50:37,1
0,114.033447,22.541067,2016-11-03 18:50:40,1
4,114.117531,22.543332999999997,2016-11-03 18:50:40,1
3,114.034149,22.518267,2016-11-03 18:50:44,0
2,114.016182,22.554951000000003,2016-11-03 18:50:45,1
1,113.929787,22.526899,2016-11-03 18:50:44,1
0,114.033447,22.541067,2016-11-03 18:50:55,1
2,114.016182,22.554983,2016-11-03 18:51:00,1
1,113.929901,22.527134,2016-11-03 18:50:59,1
4,114.11783600000001,22.543484,2016-11-03 18:50:55,1
3,114.034149,22.518267,2016-11-03 18:51:04,0
0,114.03392,22.541117,2016-11-03 18:51:10,1
4,114.11783600000001,22.543484,2016-11-03 18:51:10,1
2,114.01593000000001,22.555634,2016-11-03 18:51:15,1
1,113.92939799999999,22.52705,2016-11-03 18:51:14,1
3,114.034149,22.518267,2016-11-03 18:51:24,0
4,114.11783600000001,22.543484,2016-11-03 18:51:25,1
0,114.034531,22.541267,2016-11-03 18:51:25,1
1,113.92838300000001,22.526733,2016-11-03 18:51:29,1
2,114.0158,22.556534,2016-11-03 18:51:30,1
2,114.01581599999999,22.557182,2016-11-03 18:51:38,1
4,114.11783600000001,22.543484,2016-11-03 18:51:40,1
0,114.034531,22.541267,2016-11-03 18:51:40,1
3,114.034149,22.518267,2016-11-03 18:51:44,0
1,113.927498,22.526117000000003,2016-11-03 18:51:44,1
2,114.015549,22.558867000000003,2016-11-03 18:51:53,1
4,114.11882,22.542767,2016-11-03 18:51:55,1
0,114.034531,22.541267,2016-11-03 18:51:55,1
1,113.92627,22.5264,2016-11-03 18:52:01,1
3,114.034149,22.518267,2016-11-03 18:52:04,0
1,113.925835,22.526583,2016-11-03 18:52:07,1
2,114.0159,22.559883,2016-11-03 18:52:08,1
0,114.034531,22.541267,2016-11-03 18:52:10,1
4,114.12001799999999,22.541883,2016-11-03 18:52:10,1
2,114.017265,22.559867999999998,2016-11-03 18:52:16,1
3,114.034149,22.518267,2016-11-03 18:52:24,0
1,113.925331,22.527384,2016-11-03 18:52:22,1
0,114.034531,22.541267,2016-11-03 18:52:25,1
4,114.119919,22.542,2016-11-03 18:52:25,1
4,114.119919,22.542,2016-11-03 18:52:29,0
2,114.01975300000001,22.55975,2016-11-03 18:52:31,1
1,113.924866,22.527983,2016-11-03 18:52:37,1
0,114.034531,22.541267,2016-11-03 18:52:40,1
3,114.034149,22.518267,2016-11-03 18:52:44,0
4,114.119919,22.542,2016-11-03 18:52:44,0
2,114.02258300000001,22.560049,2016-11-03 18:52:46,1
1,113.925201,22.5287,2016-11-03 18:52:52,1
2,114.023849,22.560249,2016-11-03 18:52:54,1
0,114.034531,22.541267,2016-11-03 18:52:55,1
4,114.11927,22.542467000000002,2016-11-03 18:52:59,0
3,114.034149,22.518267,2016-11-03 18:53:04,0
1,113.925247,22.52895,2016-11-03 18:53:07,1
2,114.025848,22.560667000000002,2016-11-03 18:53:09,1
0,114.034531,22.541267,2016-11-03 18:53:10,1
4,114.118698,22.542917000000003,2016-11-03 18:53:14,0
1,113.92521699999999,22.529066,2016-11-03 18:53:22,1
3,114.034149,22.518267,2016-11-03 18:53:24,0
2,114.027252,22.560833,2016-11-03 18:53:24,1
0,114.034531,22.541267,2016-11-03 18:53:25,1
4,114.118698,22.543249,2016-11-03 18:53:29,0
1,113.925102,22.52915,2016-11-03 18:53:37,1
2,114.02878600000001,22.561117000000003,2016-11-03 18:53:39,1
0,114.034531,22.541267,2016-11-03 18:53:40,1
3,114.034149,22.518267,2016-11-03 18:53:44,0
4,114.118698,22.543249,2016-11-03 18:53:44,0
1,113.92498,22.5292,2016-11-03 18:53:52,1
2,114.03103600000001,22.5613,2016-11-03 18:53:54,1
0,114.034782,22.5413,2016-11-03 18:53:55,1
4,114.11786699999999,22.5436,2016-11-03 18:53:59,0
3,114.034149,22.518267,2016-11-03 18:54:04,0
1,113.924881,22.529249,2016-11-03 18:54:07,1
2,114.033096,22.562033,2016-11-03 18:54:09,1
0,114.035347,22.541432999999998,2016-11-03 18:54:10,1
4,114.117752,22.543533,2016-11-03 18:54:14,0
1,113.92483500000002,22.529332999999998,2016-11-03 18:54:15,1
3,114.034149,22.518267,2016-11-03 18:54:24,0
2,114.03528600000001,22.56255,2016-11-03 18:54:25,1
0,114.03551499999999,22.541468,2016-11-03 18:54:25,1
4,114.117752,22.543533,2016-11-03 18:54:29,0
1,113.92451499999999,22.529432,2016-11-03 18:54:38,1
1,113.92451499999999,22.529432,2016-11-03 18:54:39,1
2,114.037552,22.562983,2016-11-03 18:54:40,1
0,114.03551499999999,22.541468,2016-11-03 18:54:40,1
3,114.034149,22.518267,2016-11-03 18:54:44,0
4,114.11689799999999,22.543249,2016-11-03 18:54:44,0
1,113.92443100000001,22.529498999999998,2016-11-03 18:54:53,1
2,114.03991699999999,22.563417,2016-11-03 18:54:55,1
0,114.03551499999999,22.541468,2016-11-03 18:54:55,1
4,114.11663100000001,22.54315,2016-11-03 18:54:59,0
1,113.92438500000002,22.529667,2016-11-03 18:55:02,1
3,114.034149,22.518267,2016-11-03 18:55:04,0
1,113.9244,22.529783,2016-11-03 18:55:08,1
2,114.04246499999999,22.56395,2016-11-03 18:55:10,1
0,114.03551499999999,22.541468,2016-11-03 18:55:10,1
4,114.11663100000001,22.54315,2016-11-03 18:55:14,0
1,113.924454,22.53005,2016-11-03 18:55:23,1
3,114.034149,22.518267,2016-11-03 18:55:24,0
2,114.04476899999999,22.564734,2016-11-03 18:55:25,1
0,114.03551499999999,22.541468,2016-11-03 18:55:25,1
2,114.046097,22.565018,2016-11-03 18:55:32,1
0,114.03551499999999,22.541468,2016-11-03 18:55:40,1
1,113.9244,22.530567,2016-11-03 18:55:38,1
1,113.92453,22.530951,2016-11-03 18:55:46,1
2,114.04818,22.5651,2016-11-03 18:55:47,1
2,114.04893500000001,22.56505,2016-11-03 18:55:56,1
0,114.03551499999999,22.541468,2016-11-03 18:55:55,1
1,113.92498,22.53175,2016-11-03 18:56:01,1
4,114.11581399999999,22.54295,2016-11-03 18:55:29,0
3,114.034149,22.518267,2016-11-03 18:55:44,0
4,114.11471599999999,22.542667,2016-11-03 18:55:44,0
4,114.113251,22.542368,2016-11-03 18:55:59,0
2,114.04995,22.564917,2016-11-03 18:56:11,1
3,114.034149,22.518267,2016-11-03 18:56:04,0
0,114.03551499999999,22.541468,2016-11-03 18:56:10,1
4,114.112816,22.542282,2016-11-03 18:56:14,0
4,114.112816,22.542282,2016-11-03 18:56:15,1
1,113.92541499999999,22.5324,2016-11-03 18:56:16,1
3,114.034149,22.518267,2016-11-03 18:56:24,0
0,114.03551499999999,22.541468,2016-11-03 18:56:25,1
2,114.050766,22.56485,2016-11-03 18:56:26,1
4,114.111732,22.542049,2016-11-03 18:56:30,1
1,113.925735,22.532882999999998,2016-11-03 18:56:31,1
2,114.051018,22.564817,2016-11-03 18:56:34,1
1,113.92600300000001,22.5333,2016-11-03 18:56:39,1
0,114.03551499999999,22.541468,2016-11-03 18:56:40,1
3,114.034149,22.518267,2016-11-03 18:56:44,0
4,114.111732,22.542049,2016-11-03 18:56:45,1
2,114.05188000000001,22.564667,2016-11-03 18:56:49,1
1,113.926216,22.533632,2016-11-03 18:56:54,1
0,114.035751,22.541683,2016-11-03 18:56:55,1
2,114.052803,22.5648,2016-11-03 18:57:04,1
4,114.111732,22.542049,2016-11-03 18:57:00,1
3,114.034149,22.518267,2016-11-03 18:57:04,0
1,113.92627,22.533716000000002,2016-11-03 18:57:09,1
0,114.035652,22.542233,2016-11-03 18:57:10,1
4,114.111732,22.542049,2016-11-03 18:57:15,1
1,113.92628500000001,22.533751000000002,2016-11-03 18:57:17,1
2,114.05336799999999,22.564783,2016-11-03 18:57:19,1
3,114.034149,22.518267,2016-11-03 18:57:24,0
0,114.03551499999999,22.543034,2016-11-03 18:57:25,1
4,114.111732,22.542049,2016-11-03 18:57:30,1
1,113.9263,22.533732999999998,2016-11-03 18:57:32,1
2,114.054253,22.564833,2016-11-03 18:57:34,1
1,113.926247,22.533716000000002,2016-11-03 18:57:40,1
0,114.035683,22.54385,2016-11-03 18:57:40,1
3,114.034149,22.518267,2016-11-03 18:57:44,0
4,114.111732,22.542049,2016-11-03 18:57:45,1
2,114.054832,22.564934,2016-11-03 18:57:49,1
1,113.926231,22.533716000000002,2016-11-03 18:57:55,1
0,114.037048,22.544033,2016-11-03 18:57:55,1
4,114.111732,22.542049,2016-11-03 18:58:00,1
3,114.034149,22.518267,2016-11-03 18:58:04,0
1,113.92318,22.534267,2016-11-03 19:04:51,0
2,114.08345,22.571417,2016-11-03 19:05:00,1
4,114.100136,22.558567,2016-11-03 19:05:00,1
3,114.034149,22.518267,2016-11-03 19:05:04,0
1,113.92316399999999,22.534267,2016-11-03 19:05:06,0
0,114.050964,22.550767999999998,2016-11-03 19:04:55,0
0,114.050964,22.5501,2016-11-03 19:05:10,0
2,114.08361799999999,22.571282999999998,2016-11-03 19:05:15,1
4,114.099434,22.558582,2016-11-03 19:05:15,1
1,113.923149,22.534367,2016-11-03 19:05:21,0
3,114.034149,22.518267,2016-11-03 19:05:24,0
0,114.05100300000001,22.549982,2016-11-03 19:05:25,0
2,114.08384699999999,22.5711,2016-11-03 19:05:30,1
4,114.098396,22.558567,2016-11-03 19:05:30,1
1,113.923134,22.534983,2016-11-03 19:05:36,0
0,114.051102,22.549549,2016-11-03 19:05:40,0
3,114.034149,22.518267,2016-11-03 19:05:44,0
2,114.08411399999999,22.570833,2016-11-03 19:05:45,1
4,114.09633600000001,22.5585,2016-11-03 19:05:45,1
1,113.92318,22.535217000000003,2016-11-03 19:05:51,0
0,114.051033,22.548532,2016-11-03 19:05:55,0
2,114.084419,22.570534,2016-11-03 19:06:00,1
4,114.093719,22.558517000000002,2016-11-03 19:06:00,1
3,114.034149,22.518267,2016-11-03 19:06:04,0
1,113.923767,22.535334,2016-11-03 19:06:07,0
0,114.051064,22.547716,2016-11-03 19:06:10,0
2,114.08451799999999,22.57045,2016-11-03 19:06:15,1
4,114.09191899999999,22.558517000000002,2016-11-03 19:06:15,1
1,113.924332,22.535334,2016-11-03 19:06:15,0
3,114.034149,22.518267,2016-11-03 19:06:24,0
0,114.051064,22.547716,2016-11-03 19:06:25,0
1,113.92483500000002,22.535366,2016-11-03 19:06:29,0
2,114.084747,22.57025,2016-11-03 19:06:30,1
4,114.09191899999999,22.558517000000002,2016-11-03 19:06:30,1
0,114.05131499999999,22.547518,2016-11-03 19:06:40,0
3,114.034149,22.518267,2016-11-03 19:06:44,0
1,113.92568200000001,22.535418,2016-11-03 19:06:45,0
2,114.08483100000001,22.570017,2016-11-03 19:06:45,1
4,114.09191899999999,22.558517000000002,2016-11-03 19:06:45,1
0,114.051147,22.548599,2016-11-03 19:06:55,0
1,113.92617,22.535383,2016-11-03 19:07:00,0
2,114.08506799999999,22.5697,2016-11-03 19:07:00,1
4,114.09191899999999,22.558517000000002,2016-11-03 19:07:00,1
3,114.034149,22.518267,2016-11-03 19:07:04,0
0,114.05143000000001,22.549232,2016-11-03 19:07:10,0
1,113.92613200000001,22.535351000000002,2016-11-03 19:07:15,0
2,114.085197,22.5695,2016-11-03 19:07:15,1
4,114.090515,22.558483,2016-11-03 19:07:15,1
3,114.034149,22.518267,2016-11-03 19:07:24,0
0,114.052551,22.549316,2016-11-03 19:07:25,0
1,113.92613200000001,22.535351000000002,2016-11-03 19:07:30,0
2,114.08535,22.569134,2016-11-03 19:07:30,1
4,114.088669,22.558416,2016-11-03 19:07:30,1
0,114.053719,22.5494,2016-11-03 19:07:40,0
3,114.034149,22.518267,2016-11-03 19:07:44,0
1,113.92611699999999,22.535351000000002,2016-11-03 19:07:45,0
2,114.085503,22.568832,2016-11-03 19:07:45,1
4,114.08688400000001,22.558384,2016-11-03 19:07:45,1
0,114.05446599999999,22.549482,2016-11-03 19:07:55,0
1,113.926102,22.535334,2016-11-03 19:08:00,0
2,114.08560200000001,22.568583,2016-11-03 19:08:00,1
4,114.084503,22.55835,2016-11-03 19:08:00,1
3,114.034149,22.518267,2016-11-03 19:08:04,0
0,114.05497,22.54945,2016-11-03 19:08:10,0
1,113.92613200000001,22.535334,2016-11-03 19:08:15,0
2,114.08586899999999,22.568251,2016-11-03 19:08:15,1
4,114.081398,22.558332,2016-11-03 19:08:15,1
3,114.034149,22.518267,2016-11-03 19:08:24,0
0,114.055298,22.549417000000002,2016-11-03 19:08:25,1
1,113.92701699999999,22.535432999999998,2016-11-03 19:08:30,0
2,114.086082,22.567783,2016-11-03 19:08:30,1
4,114.078369,22.558267999999998,2016-11-03 19:08:30,1
3,114.034149,22.518267,2016-11-03 19:08:44,0
0,114.055931,22.5494,2016-11-03 19:08:44,1
2,114.086449,22.5672,2016-11-03 19:08:45,1
4,114.075546,22.558216,2016-11-03 19:08:45,1
1,113.927299,22.536234,2016-11-03 19:08:47,0
1,113.92728400000001,22.536867,2016-11-03 19:08:53,0
0,114.057098,22.549467,2016-11-03 19:08:58,1
2,114.087051,22.566717,2016-11-03 19:09:00,1
3,114.034149,22.518267,2016-11-03 19:09:04,0
1,113.927231,22.538549,2016-11-03 19:09:08,0
0,114.057404,22.549549,2016-11-03 19:09:10,1
4,114.07238000000001,22.558201,2016-11-03 19:09:00,1
2,114.087448,22.566682999999998,2016-11-03 19:09:15,1
4,114.07015200000001,22.558184,2016-11-03 19:09:15,1
1,113.9272,22.540067999999998,2016-11-03 19:09:23,0
3,114.034149,22.518267,2016-11-03 19:09:24,0
0,114.057404,22.549549,2016-11-03 19:09:25,1
2,114.088516,22.566799,2016-11-03 19:09:30,1
4,114.06868,22.558149,2016-11-03 19:09:30,1
1,113.92718500000001,22.542116,2016-11-03 19:09:38,0
0,114.057404,22.549549,2016-11-03 19:09:40,1
3,114.034149,22.518267,2016-11-03 19:09:44,0
1,113.92775,22.542517,2016-11-03 19:09:46,0
2,114.08903500000001,22.566917,2016-11-03 19:09:45,1
4,114.06868,22.558149,2016-11-03 19:09:45,1
2,114.089317,22.566982,2016-11-03 19:09:52,1
0,114.057404,22.549549,2016-11-03 19:09:55,1
1,113.92952,22.5424,2016-11-03 19:10:01,0
4,114.067764,22.558167,2016-11-03 19:10:00,1
3,114.034149,22.518267,2016-11-03 19:10:04,0
2,114.08991999999999,22.567133,2016-11-03 19:10:07,1
0,114.057404,22.549549,2016-11-03 19:10:10,1
1,113.93143500000001,22.542351,2016-11-03 19:10:16,0
4,114.06572,22.558132,2016-11-03 19:10:15,1
2,114.090698,22.567301,2016-11-03 19:10:22,1
3,114.034149,22.518267,2016-11-03 19:10:24,0
0,114.057701,22.549682999999998,2016-11-03 19:10:25,1
1,113.93298300000001,22.542334,2016-11-03 19:10:31,0
4,114.063469,22.558201,2016-11-03 19:10:30,1
2,114.09128600000001,22.56745,2016-11-03 19:10:37,1
0,114.05793,22.549667000000003,2016-11-03 19:10:40,1
1,113.93423500000002,22.542351,2016-11-03 19:10:46,0
2,114.092499,22.567751,2016-11-03 19:10:52,1
0,114.057953,22.550532999999998,2016-11-03 19:10:55,1
2,114.09333000000001,22.567917,2016-11-03 19:11:01,1
1,113.935585,22.542433,2016-11-03 19:11:01,0
3,114.034149,22.518267,2016-11-03 19:10:44,0
1,113.936302,22.542467000000002,2016-11-03 19:11:09,0
2,114.0951,22.568317,2016-11-03 19:11:16,1
0,114.059013,22.5513,2016-11-03 19:11:10,1
1,113.937233,22.54245,2016-11-03 19:11:24,0
0,114.060852,22.551367000000003,2016-11-03 19:11:25,1
2,114.096153,22.5688,2016-11-03 19:11:31,1
1,113.93726299999999,22.542482,2016-11-03 19:11:32,0
3,114.034149,22.518267,2016-11-03 19:11:04,0
0,114.061348,22.551367000000003,2016-11-03 19:11:40,1
1,113.93726299999999,22.542482,2016-11-03 19:11:47,0
2,114.097931,22.56955,2016-11-03 19:11:46,1
3,114.034149,22.518267,2016-11-03 19:11:24,0
2,114.09903,22.570048999999997,2016-11-03 19:11:54,1
1,113.93726299999999,22.542482,2016-11-03 19:11:55,0
0,114.061348,22.551367000000003,2016-11-03 19:11:55,1
1,113.937248,22.542467000000002,2016-11-03 19:12:04,0
4,114.06176799999999,22.558867000000003,2016-11-03 19:10:45,1
4,114.06015,22.560432000000002,2016-11-03 19:11:00,1
4,114.058769,22.561783,2016-11-03 19:11:15,1
3,114.034149,22.518267,2016-11-03 19:11:44,0
4,114.05891399999999,22.562483,2016-11-03 19:11:45,1
2,114.10113500000001,22.571266,2016-11-03 19:12:09,1
1,113.937248,22.542467000000002,2016-11-03 19:12:10,0
0,114.061348,22.551367000000003,2016-11-03 19:12:10,1
3,114.034149,22.518267,2016-11-03 19:11:49,1
4,114.05891399999999,22.562483,2016-11-03 19:12:00,1
3,114.034149,22.518267,2016-11-03 19:12:09,1
4,114.05916599999999,22.563132999999997,2016-11-03 19:12:15,1
2,114.1035,22.572701000000002,2016-11-03 19:12:24,1
1,113.93726299999999,22.54245,2016-11-03 19:12:25,0
0,114.06143200000001,22.551317,2016-11-03 19:12:25,1
3,114.034149,22.517933,2016-11-03 19:12:29,1
4,114.05912,22.563766,2016-11-03 19:12:30,1
2,114.10563700000002,22.573967,2016-11-03 19:12:39,1
1,113.937767,22.542467000000002,2016-11-03 19:12:40,1
0,114.062119,22.551317,2016-11-03 19:12:40,1
4,114.0588,22.564432,2016-11-03 19:12:45,1
1,113.938721,22.542548999999998,2016-11-03 19:12:48,1
3,114.036346,22.5168,2016-11-03 19:12:49,1
2,114.10788000000001,22.575317000000002,2016-11-03 19:12:54,1
0,114.06251499999999,22.551634,2016-11-03 19:12:55,1
4,114.05828100000001,22.564167,2016-11-03 19:13:00,1
1,113.940781,22.542749,2016-11-03 19:13:03,1
2,114.10983300000001,22.576332,2016-11-03 19:13:09,1
0,114.06244699999999,22.55315,2016-11-03 19:13:10,1
4,114.057533,22.5641,2016-11-03 19:13:15,1
3,114.03818500000001,22.515818,2016-11-03 19:13:09,1
1,113.94321399999998,22.542982000000002,2016-11-03 19:13:20,1
1,113.94304699999999,22.543167,2016-11-03 19:13:26,1
0,114.062531,22.554533,2016-11-03 19:13:25,1
3,114.03818500000001,22.515818,2016-11-03 19:13:29,1
4,114.05711399999998,22.564132999999998,2016-11-03 19:13:30,1
1,113.940964,22.543132999999997,2016-11-03 19:13:41,1
0,114.06266799999999,22.556417,2016-11-03 19:13:40,1
4,114.05598400000001,22.564167,2016-11-03 19:13:45,1
3,114.03818500000001,22.515818,2016-11-03 19:13:49,1
1,113.939346,22.543016,2016-11-03 19:13:49,1
0,114.062614,22.558332,2016-11-03 19:13:55,1
4,114.055649,22.5641,2016-11-03 19:14:00,1
1,113.93618000000001,22.542932999999998,2016-11-03 19:14:04,1
3,114.038521,22.515682,2016-11-03 19:14:09,1
0,114.062569,22.560717,2016-11-03 19:14:10,1
1,113.934517,22.542868,2016-11-03 19:14:12,1
4,114.055649,22.5641,2016-11-03 19:14:15,1
4,114.055153,22.563917,2016-11-03 19:14:25,0
0,114.062599,22.56255,2016-11-03 19:14:25,1
1,113.932533,22.542767,2016-11-03 19:14:27,1
3,114.04011499999999,22.515051,2016-11-03 19:14:29,1
1,113.93198400000001,22.542749,2016-11-03 19:14:35,1
4,114.055153,22.563917,2016-11-03 19:14:40,0
0,114.06273700000001,22.564132999999998,2016-11-03 19:14:40,1
3,114.040901,22.514784,2016-11-03 19:14:49,1
1,113.93177,22.542784,2016-11-03 19:14:50,1
4,114.055153,22.563917,2016-11-03 19:14:55,0
0,114.06263,22.565483,2016-11-03 19:14:55,1
1,113.93173200000001,22.542767,2016-11-03 19:15:05,1
3,114.040649,22.51375,2016-11-03 19:15:09,1
4,114.055153,22.563917,2016-11-03 19:15:10,0
0,114.062431,22.566933,2016-11-03 19:15:10,1
1,113.93168600000001,22.542767,2016-11-03 19:15:13,1
4,114.05551899999999,22.56345,2016-11-03 19:15:25,0
0,114.062386,22.5686,2016-11-03 19:15:25,1
1,113.931602,22.542767,2016-11-03 19:15:28,1
3,114.040604,22.513617,2016-11-03 19:15:29,1
4,114.05551899999999,22.56345,2016-11-03 19:15:40,0
0,114.06213400000001,22.5695,2016-11-03 19:15:40,1
1,113.931519,22.542816000000002,2016-11-03 19:15:43,1
3,114.040604,22.513617,2016-11-03 19:15:49,1
0,114.06186699999999,22.570784,2016-11-03 19:15:55,1
4,114.05632,22.56315,2016-11-03 19:15:55,0
2,114.134666,22.576418,2016-11-03 19:15:57,1
1,113.93123600000001,22.542832999999998,2016-11-03 19:15:58,1
2,114.13501699999999,22.576283,2016-11-03 19:15:59,1
1,113.93101499999999,22.542832999999998,2016-11-03 19:16:06,1
2,114.136581,22.575867000000002,2016-11-03 19:16:07,1
3,114.040604,22.513617,2016-11-03 19:16:09,1
4,114.05645,22.562732999999998,2016-11-03 19:16:10,0
0,114.061653,22.571733,2016-11-03 19:16:10,1
2,114.13831299999998,22.574118,2016-11-03 19:16:22,1
1,113.93076299999998,22.54285,2016-11-03 19:16:21,1
4,114.05678600000002,22.56275,2016-11-03 19:16:25,0
0,114.06141699999999,22.572682999999998,2016-11-03 19:16:25,1
3,114.040871,22.513117,2016-11-03 19:16:29,1
1,113.93042,22.542832999999998,2016-11-03 19:16:29,1
2,114.13797,22.571367000000002,2016-11-03 19:16:37,1
4,114.05666399999998,22.562567,2016-11-03 19:16:40,0
0,114.061264,22.573432999999998,2016-11-03 19:16:40,1
1,113.92991599999999,22.542832999999998,2016-11-03 19:16:44,1
3,114.04258,22.512732999999997,2016-11-03 19:16:49,1
2,114.137352,22.568967999999998,2016-11-03 19:16:51,1
4,114.05498500000002,22.562584,2016-11-03 19:16:55,0
0,114.06105,22.574582999999997,2016-11-03 19:16:55,1
1,113.929153,22.542932999999998,2016-11-03 19:16:59,1
2,114.13726799999999,22.566334,2016-11-03 19:17:07,1
3,114.04377,22.512501,2016-11-03 19:17:09,1
0,114.060837,22.57575,2016-11-03 19:17:10,1
4,114.05431399999999,22.562983,2016-11-03 19:17:10,0
1,113.928482,22.543083,2016-11-03 19:17:14,1
2,114.13836699999999,22.564301,2016-11-03 19:17:22,1
4,114.054268,22.563868,2016-11-03 19:17:25,0
0,114.06066899999999,22.576598999999998,2016-11-03 19:17:25,1
3,114.043869,22.512501,2016-11-03 19:17:29,1
1,113.928101,22.543034,2016-11-03 19:17:29,1
2,114.139381,22.5634,2016-11-03 19:17:30,1
4,114.05416899999999,22.563833,2016-11-03 19:17:40,0
0,114.06163000000001,22.577182999999998,2016-11-03 19:17:40,1
1,113.927834,22.542982000000002,2016-11-03 19:17:44,1
2,114.14063300000001,22.5616,2016-11-03 19:17:45,1
3,114.04450200000001,22.512417000000003,2016-11-03 19:17:49,1
3,114.04456299999998,22.512251000000003,2016-11-03 19:17:55,0
4,114.054115,22.56275,2016-11-03 19:17:55,0
0,114.06251499999999,22.577818,2016-11-03 19:17:55,1
2,114.140404,22.560017000000002,2016-11-03 19:17:59,1
1,113.927002,22.543067999999998,2016-11-03 19:17:59,1
1,113.926353,22.543067999999998,2016-11-03 19:18:07,1
0,114.060852,22.578432,2016-11-03 19:18:10,1
4,114.052986,22.562634,2016-11-03 19:18:10,0
2,114.139885,22.558067,2016-11-03 19:18:15,1
3,114.04454799999999,22.512182,2016-11-03 19:18:15,0
1,113.926331,22.544033,2016-11-03 19:18:22,1
0,114.059036,22.57855,2016-11-03 19:18:25,1
2,114.139481,22.55665,2016-11-03 19:18:29,1
3,114.044518,22.51185,2016-11-03 19:18:35,0
1,113.926903,22.54355,2016-11-03 19:18:37,1
4,114.051369,22.562634,2016-11-03 19:18:25,0
4,114.04993400000001,22.562217999999998,2016-11-03 19:18:40,0
0,114.05673200000001,22.578917,2016-11-03 19:18:40,1
1,113.926918,22.542732,2016-11-03 19:18:52,1
3,114.044449,22.511383,2016-11-03 19:18:55,0
4,114.04965200000001,22.56255,2016-11-03 19:18:55,0
1,113.92698700000001,22.541883,2016-11-03 19:19:07,1
0,114.055351,22.580267000000003,2016-11-03 19:18:55,1
4,114.04938500000002,22.563316,2016-11-03 19:19:10,0
0,114.05439799999999,22.582082999999997,2016-11-03 19:19:10,1
3,114.04416699999999,22.510883,2016-11-03 19:19:15,0
1,113.92698700000001,22.541233,2016-11-03 19:19:15,1
4,114.04938500000002,22.5634,2016-11-03 19:19:25,0
1,113.92698700000001,22.539499,2016-11-03 19:19:30,1
3,114.04287,22.51115,2016-11-03 19:19:35,0
1,113.92701699999999,22.538334,2016-11-03 19:19:38,1
4,114.04965200000001,22.5627,2016-11-03 19:19:40,0
1,113.926903,22.535967000000003,2016-11-03 19:19:53,1
4,114.049683,22.56255,2016-11-03 19:19:55,0
3,114.04153400000001,22.5114,2016-11-03 19:19:55,0
1,113.925919,22.535566,2016-11-03 19:20:08,1
4,114.04982,22.562182999999997,2016-11-03 19:20:10,0
3,114.041847,22.512898999999997,2016-11-03 19:20:15,0
1,113.924347,22.535517000000002,2016-11-03 19:20:23,1
4,114.050102,22.561899,2016-11-03 19:20:25,0
3,114.040649,22.51335,2016-11-03 19:20:35,0
1,113.92366799999999,22.535534,2016-11-03 19:20:38,1
4,114.051666,22.5625,2016-11-03 19:20:40,0
1,113.92368300000001,22.535517000000002,2016-11-03 19:20:53,1
3,114.04101599999998,22.5145,2016-11-03 19:20:55,0
4,114.05363500000001,22.562317,2016-11-03 19:20:55,0
1,113.92368300000001,22.535517000000002,2016-11-03 19:21:08,1
3,114.04101599999998,22.514532,2016-11-03 19:21:15,0
1,113.92368300000001,22.535517000000002,2016-11-03 19:21:16,1
4,114.055099,22.562282999999997,2016-11-03 19:21:10,0
2,114.154182,22.558367,2016-11-03 19:21:24,1
2,114.15443400000001,22.558567,2016-11-03 19:21:25,1
4,114.057533,22.562348999999998,2016-11-03 19:21:25,0
2,114.15443400000001,22.558567,2016-11-03 19:21:26,1
1,113.92368300000001,22.535517000000002,2016-11-03 19:21:31,1
3,114.04101599999998,22.514532,2016-11-03 19:21:35,0
4,114.057999,22.562332,2016-11-03 19:21:40,0
2,114.15666999999999,22.560417,2016-11-03 19:21:44,1
1,113.92368300000001,22.5355,2016-11-03 19:21:46,1
2,114.156967,22.56065,2016-11-03 19:21:46,1
3,114.041069,22.514784,2016-11-03 19:21:55,0
4,114.059349,22.56105,2016-11-03 19:21:55,0
2,114.15931699999999,22.561884,2016-11-03 19:22:01,1
1,113.92368300000001,22.5355,2016-11-03 19:22:01,1
4,114.06131699999999,22.559134,2016-11-03 19:22:10,0
0,114.04396799999999,22.603167000000003,2016-11-03 19:22:07,1
0,114.04396799999999,22.603167000000003,2016-11-03 19:22:08,1
0,114.044334,22.603416,2016-11-03 19:22:12,1
3,114.03991699999999,22.515217,2016-11-03 19:22:15,0
1,113.923286,22.535517000000002,2016-11-03 19:22:16,1
2,114.161514,22.562634,2016-11-03 19:22:16,1
2,114.16291799999999,22.56275,2016-11-03 19:22:24,1
0,114.045181,22.603649,2016-11-03 19:22:27,1
1,113.922249,22.535549,2016-11-03 19:22:31,1
4,114.063934,22.557949,2016-11-03 19:22:25,0
3,114.038719,22.51565,2016-11-03 19:22:35,0
2,114.165871,22.56275,2016-11-03 19:22:39,1
4,114.065063,22.557899,2016-11-03 19:22:40,0
0,114.04540300000001,22.603733,2016-11-03 19:22:41,1
1,113.921204,22.535482000000002,2016-11-03 19:22:46,1
4,114.065063,22.557899,2016-11-03 19:22:49,1
2,114.168465,22.562782000000002,2016-11-03 19:22:54,1
3,114.038719,22.51565,2016-11-03 19:22:55,0
0,114.04571499999999,22.603849,2016-11-03 19:22:57,1
1,113.92096699999999,22.535534,2016-11-03 19:23:01,1
2,114.16993000000001,22.562834,2016-11-03 19:23:02,1
4,114.066666,22.557966,2016-11-03 19:23:04,1
0,114.04581499999999,22.603867,2016-11-03 19:23:12,1
3,114.038719,22.51565,2016-11-03 19:23:15,0
1,113.920448,22.535517000000002,2016-11-03 19:23:16,1
2,114.17276799999999,22.562767,2016-11-03 19:23:17,1
4,114.06678000000001,22.557949,2016-11-03 19:23:19,1
0,114.04581499999999,22.603867,2016-11-03 19:23:27,1
1,113.92040300000001,22.5355,2016-11-03 19:23:31,1
2,114.17462900000001,22.562148999999998,2016-11-03 19:23:32,1
4,114.06678000000001,22.557949,2016-11-03 19:23:34,1
3,114.038452,22.515766,2016-11-03 19:23:35,0
1,113.92038000000001,22.5355,2016-11-03 19:23:39,1
0,114.04612,22.603968,2016-11-03 19:23:42,1
2,114.176247,22.560966,2016-11-03 19:23:47,1
4,114.06678000000001,22.557949,2016-11-03 19:23:49,1
1,113.92036399999999,22.5355,2016-11-03 19:23:54,1
0,114.046516,22.604017000000002,2016-11-03 19:23:57,1
2,114.177315,22.560133,2016-11-03 19:24:02,1
1,113.920349,22.535482000000002,2016-11-03 19:24:02,1
0,114.04716499999999,22.60405,2016-11-03 19:24:12,1
4,114.06678000000001,22.557949,2016-11-03 19:24:04,1
3,114.03683500000001,22.516617,2016-11-03 19:23:55,0
2,114.178329,22.559067000000002,2016-11-03 19:24:17,1
1,113.920349,22.535467,2016-11-03 19:24:17,1
3,114.03492,22.517633,2016-11-03 19:24:15,0
4,114.06678000000001,22.557949,2016-11-03 19:24:19,1
0,114.04718000000001,22.60405,2016-11-03 19:24:27,1
2,114.178917,22.558849,2016-11-03 19:24:32,1
1,113.92036399999999,22.535467,2016-11-03 19:24:32,1
4,114.06748200000001,22.558067,2016-11-03 19:24:34,1
3,114.032898,22.518682000000002,2016-11-03 19:24:35,0
0,114.04718000000001,22.60405,2016-11-03 19:24:42,1
2,114.18006899999999,22.55825,2016-11-03 19:24:47,1
1,113.92036399999999,22.535482000000002,2016-11-03 19:24:47,1
4,114.06748200000001,22.558067,2016-11-03 19:24:49,1
3,114.031349,22.51955,2016-11-03 19:24:55,0
0,114.04718000000001,22.60405,2016-11-03 19:24:57,1
2,114.181168,22.557417,2016-11-03 19:25:02,1
1,113.92036399999999,22.535517000000002,2016-11-03 19:25:02,1
4,114.06748200000001,22.558067,2016-11-03 19:25:04,1
0,114.047432,22.604082000000002,2016-11-03 19:25:12,1
3,114.03016699999999,22.520367,2016-11-03 19:25:15,0
2,114.18229699999999,22.556632999999998,2016-11-03 19:25:17,1
1,113.92036399999999,22.5355,2016-11-03 19:25:17,1
4,114.06748200000001,22.558067,2016-11-03 19:25:19,1
0,114.04938500000002,22.604383,2016-11-03 19:25:27,1
2,114.18258700000001,22.556499,2016-11-03 19:25:32,1
1,113.92038000000001,22.5355,2016-11-03 19:25:32,1
3,114.029564,22.52145,2016-11-03 19:25:35,0
4,114.06748200000001,22.558067,2016-11-03 19:25:34,1
0,114.051201,22.605048999999998,2016-11-03 19:25:42,1
2,114.182899,22.55645,2016-11-03 19:25:47,1
1,113.92040300000001,22.535517000000002,2016-11-03 19:25:47,1
4,114.06748200000001,22.558067,2016-11-03 19:25:49,1
3,114.030602,22.523067,2016-11-03 19:25:55,0
0,114.053017,22.60635,2016-11-03 19:25:57,1
1,113.91931899999999,22.535482000000002,2016-11-03 19:26:02,1
4,114.06748200000001,22.558067,2016-11-03 19:26:04,1
0,114.053436,22.606951000000002,2016-11-03 19:26:12,1
3,114.031136,22.523733,2016-11-03 19:26:15,0
4,114.06748200000001,22.558067,2016-11-03 19:26:19,1
1,113.91851799999999,22.535482000000002,2016-11-03 19:26:10,1
1,113.91761799999999,22.5355,2016-11-03 19:26:19,1
1,113.916801,22.535566,2016-11-03 19:26:25,1
0,114.053917,22.607718,2016-11-03 19:26:27,1
1,113.915985,22.535683,2016-11-03 19:26:33,1
4,114.06748200000001,22.558067,2016-11-03 19:26:34,1
3,114.03164699999999,22.523617,2016-11-03 19:26:35,0
2,114.183052,22.556433,2016-11-03 19:26:02,1
1,113.91507,22.535683,2016-11-03 19:26:48,1
4,114.06748200000001,22.558067,2016-11-03 19:26:49,1
2,114.183121,22.556383,2016-11-03 19:26:10,1
2,114.183136,22.556383,2016-11-03 19:26:11,1
2,114.18323500000001,22.556351,2016-11-03 19:26:17,1
2,114.18346399999999,22.556334,2016-11-03 19:26:26,1
2,114.183548,22.556334,2016-11-03 19:26:27,1
2,114.18373100000001,22.556283999999998,2016-11-03 19:26:41,1
3,114.031319,22.524117,2016-11-03 19:26:55,0
2,114.183701,22.556267000000002,2016-11-03 19:26:49,1
2,114.183701,22.556267000000002,2016-11-03 19:26:50,1
2,114.18366999999999,22.556267000000002,2016-11-03 19:26:57,1
1,113.914864,22.535632999999997,2016-11-03 19:27:03,1
4,114.06748200000001,22.558067,2016-11-03 19:27:04,1
2,114.18368500000001,22.556267000000002,2016-11-03 19:27:12,1
3,114.03188300000001,22.524866,2016-11-03 19:27:15,0
1,113.91484799999999,22.53565,2016-11-03 19:27:18,1
4,114.06748200000001,22.558067,2016-11-03 19:27:19,1
3,114.03188300000001,22.524866,2016-11-03 19:27:22,1
2,114.184502,22.5562,2016-11-03 19:27:27,1
1,113.91484799999999,22.535618,2016-11-03 19:27:33,1
4,114.06781799999999,22.558184,2016-11-03 19:27:34,1
2,114.18491399999999,22.55615,2016-11-03 19:27:35,1
3,114.03215,22.525351,2016-11-03 19:27:42,1
1,113.91484799999999,22.53565,2016-11-03 19:27:48,1
4,114.067802,22.559967,2016-11-03 19:27:49,1
2,114.185616,22.556133,2016-11-03 19:27:50,1
3,114.03215,22.525351,2016-11-03 19:28:02,1
1,113.914833,22.535717,2016-11-03 19:28:03,1
2,114.18726299999999,22.555817,2016-11-03 19:28:05,1
4,114.067719,22.5627,2016-11-03 19:28:04,1
1,113.914833,22.535732,2016-11-03 19:28:18,1
2,114.187767,22.555901000000002,2016-11-03 19:28:20,1
3,114.032501,22.525867,2016-11-03 19:28:22,1
4,114.06766499999999,22.565416,2016-11-03 19:28:19,1
4,114.067619,22.567801,2016-11-03 19:28:34,1
3,114.03338600000001,22.527317,2016-11-03 19:28:42,1
1,113.914818,22.535732,2016-11-03 19:28:33,1
2,114.187752,22.555882999999998,2016-11-03 19:28:35,1
2,114.18778200000001,22.555866,2016-11-03 19:28:42,1
1,113.914818,22.535749,2016-11-03 19:28:48,1
4,114.06728400000001,22.570066,2016-11-03 19:28:49,1
2,114.18804899999999,22.555882999999998,2016-11-03 19:28:52,1
3,114.033852,22.528482,2016-11-03 19:29:02,1
1,113.91458100000001,22.535732,2016-11-03 19:29:03,1
4,114.065514,22.569232999999997,2016-11-03 19:29:04,1
2,114.188347,22.555918,2016-11-03 19:28:57,1
0,114.05549599999999,22.614433,2016-11-03 19:29:08,1
0,114.05553400000001,22.614582000000002,2016-11-03 19:29:10,1
0,114.055664,22.614967,2016-11-03 19:29:13,1
2,114.188736,22.555933,2016-11-03 19:29:06,1
2,114.188797,22.555918,2016-11-03 19:29:07,1
2,114.189117,22.555849,2016-11-03 19:29:14,1
4,114.06388100000001,22.568716000000002,2016-11-03 19:29:19,1
1,113.91323100000001,22.535549,2016-11-03 19:29:18,1
3,114.03405,22.529984,2016-11-03 19:29:22,1
2,114.189568,22.555799,2016-11-03 19:29:22,1
0,114.05581699999999,22.616516,2016-11-03 19:29:30,1
4,114.06141699999999,22.5681,2016-11-03 19:29:34,1
2,114.190918,22.555901000000002,2016-11-03 19:29:37,1
3,114.035385,22.530148999999998,2016-11-03 19:29:42,1
0,114.05581699999999,22.6175,2016-11-03 19:29:43,1
2,114.19162,22.556101,2016-11-03 19:29:45,1
4,114.059334,22.567118,2016-11-03 19:29:49,1
3,114.03708600000002,22.530416,2016-11-03 19:30:02,1
4,114.056618,22.565783,2016-11-03 19:30:04,1
0,114.055901,22.617634,2016-11-03 19:29:58,1
2,114.192848,22.55645,2016-11-03 19:30:00,1
1,113.911652,22.535467,2016-11-03 19:29:33,1
1,113.91103400000001,22.535432999999998,2016-11-03 19:29:42,1
1,113.911064,22.53545,2016-11-03 19:29:48,1
1,113.911049,22.535432999999998,2016-11-03 19:29:57,1
1,113.911049,22.535432999999998,2016-11-03 19:29:58,1
1,113.911049,22.535418,2016-11-03 19:30:05,1
0,114.05594599999999,22.617783,2016-11-03 19:30:13,1
2,114.19353500000001,22.556618,2016-11-03 19:30:15,1
1,113.911049,22.5354,2016-11-03 19:30:19,1
3,114.039902,22.530701,2016-11-03 19:30:22,1
0,114.05594599999999,22.618282,2016-11-03 19:30:28,1
2,114.19353500000001,22.556618,2016-11-03 19:30:30,1
4,114.05338300000001,22.565018,2016-11-03 19:30:19,1
1,113.910652,22.5354,2016-11-03 19:30:34,1
4,114.04998,22.56505,2016-11-03 19:30:34,1
3,114.042198,22.530951,2016-11-03 19:30:42,1
0,114.05596899999999,22.619167,2016-11-03 19:30:43,1
2,114.19353500000001,22.556618,2016-11-03 19:30:45,1
1,113.910599,22.535432999999998,2016-11-03 19:30:50,1
1,113.910614,22.535432999999998,2016-11-03 19:30:58,1
4,114.046631,22.565148999999998,2016-11-03 19:30:49,1
0,114.055931,22.620417,2016-11-03 19:30:58,1
3,114.04446399999999,22.531133999999998,2016-11-03 19:31:02,1
4,114.04358700000002,22.564532999999997,2016-11-03 19:31:04,1
1,113.910614,22.535432999999998,2016-11-03 19:31:13,1
0,114.055801,22.621567000000002,2016-11-03 19:31:13,1
4,114.04048200000001,22.563667000000002,2016-11-03 19:31:19,1
3,114.045753,22.530666,2016-11-03 19:31:22,1
1,113.910614,22.53545,2016-11-03 19:31:28,1
0,114.055733,22.62295,2016-11-03 19:31:28,1
4,114.03716999999999,22.563,2016-11-03 19:31:34,1
3,114.04483,22.530867,2016-11-03 19:31:42,1
1,113.910614,22.535467,2016-11-03 19:31:43,1
0,114.055702,22.623501,2016-11-03 19:31:43,1
4,114.033432,22.562348999999998,2016-11-03 19:31:50,1
1,113.910614,22.535482000000002,2016-11-03 19:31:58,1
0,114.05576299999998,22.624018,2016-11-03 19:31:58,1
3,114.04467,22.53265,2016-11-03 19:32:02,1
4,114.03035,22.561899,2016-11-03 19:32:04,1
1,113.910629,22.5355,2016-11-03 19:32:13,1
0,114.055748,22.624416,2016-11-03 19:32:13,1
4,114.027229,22.561417000000002,2016-11-03 19:32:20,1
3,114.044518,22.535267,2016-11-03 19:32:22,1
0,114.055748,22.624416,2016-11-03 19:32:28,1
1,113.910629,22.535432999999998,2016-11-03 19:32:30,1
4,114.02528400000001,22.561001,2016-11-03 19:32:34,1
1,113.910652,22.535418,2016-11-03 19:32:36,1
3,114.044533,22.538816,2016-11-03 19:32:42,1
0,114.055748,22.624416,2016-11-03 19:32:43,1
4,114.02256799999999,22.560534,2016-11-03 19:32:50,1
1,113.910629,22.535366,2016-11-03 19:32:51,1
0,114.055748,22.624416,2016-11-03 19:32:58,1
3,114.045181,22.541117,2016-11-03 19:33:02,1
4,114.02076699999999,22.560417,2016-11-03 19:33:04,1
1,113.909554,22.535299,2016-11-03 19:33:06,1
1,113.908615,22.53525,2016-11-03 19:33:14,1
0,114.055748,22.624416,2016-11-03 19:33:13,1
4,114.019135,22.560417,2016-11-03 19:33:19,1
3,114.04608200000001,22.542368,2016-11-03 19:33:22,1
1,113.90713500000001,22.53525,2016-11-03 19:33:29,1
0,114.055748,22.624416,2016-11-03 19:33:28,1
4,114.017784,22.5606,2016-11-03 19:33:34,1
3,114.049416,22.5424,2016-11-03 19:33:42,1
0,114.055748,22.624416,2016-11-03 19:33:43,1
1,113.906281,22.535183,2016-11-03 19:33:44,1
4,114.01611299999999,22.560467000000003,2016-11-03 19:33:50,1
1,113.90630300000001,22.535168,2016-11-03 19:33:51,1
0,114.055748,22.624416,2016-11-03 19:33:58,1
3,114.05210100000001,22.542368,2016-11-03 19:34:02,1
4,114.01433600000001,22.560249,2016-11-03 19:34:05,1
1,113.907082,22.535067,2016-11-03 19:34:07,1
0,114.055748,22.624416,2016-11-03 19:34:13,1
4,114.013733,22.561068,2016-11-03 19:34:20,1
3,114.05259699999999,22.541732999999997,2016-11-03 19:34:22,1
1,113.90711999999999,22.534717999999998,2016-11-03 19:34:22,1
4,114.014816,22.5602,2016-11-03 19:34:35,1
0,114.055801,22.62495,2016-11-03 19:34:28,1
3,114.051918,22.540867000000002,2016-11-03 19:34:42,1
0,114.055702,22.625834,2016-11-03 19:34:43,1
1,113.90720400000001,22.533367000000002,2016-11-03 19:34:45,1
4,114.015297,22.5574,2016-11-03 19:34:50,1
3,114.051918,22.540867000000002,2016-11-03 19:34:54,0
0,114.05576299999998,22.626217,2016-11-03 19:34:58,1
1,113.907234,22.53245,2016-11-03 19:35:00,1
4,114.016167,22.5543,2016-11-03 19:35:05,1
3,114.051918,22.540867000000002,2016-11-03 19:35:14,1
0,114.055733,22.6264,2016-11-03 19:35:13,1
1,113.90706599999999,22.532249,2016-11-03 19:35:15,0
3,114.051918,22.540867000000002,2016-11-03 19:35:18,0
4,114.017899,22.551718,2016-11-03 19:35:20,1
1,113.907021,22.532217000000003,2016-11-03 19:35:30,0
0,114.05578600000001,22.6266,2016-11-03 19:35:28,0
4,114.019501,22.5495,2016-11-03 19:35:35,1
3,114.051918,22.540867000000002,2016-11-03 19:35:38,0
0,114.055847,22.626751000000002,2016-11-03 19:35:43,0
1,113.907021,22.532217000000003,2016-11-03 19:35:45,0
4,114.021103,22.54715,2016-11-03 19:35:50,1
3,114.051918,22.540867000000002,2016-11-03 19:35:58,0
0,114.055847,22.626751000000002,2016-11-03 19:35:58,0
1,113.907051,22.531834,2016-11-03 19:36:00,0
4,114.02206399999999,22.544268,2016-11-03 19:36:05,1
0,114.055847,22.626751000000002,2016-11-03 19:36:13,0
1,113.90716599999999,22.531218,2016-11-03 19:36:15,0
3,114.051918,22.540867000000002,2016-11-03 19:36:18,0
4,114.02285,22.541233,2016-11-03 19:36:20,1
0,114.055847,22.626751000000002,2016-11-03 19:36:28,0
1,113.908318,22.531133999999998,2016-11-03 19:36:30,0
2,114.21838400000001,22.556883,2016-11-03 19:34:27,1
2,114.218399,22.556883,2016-11-03 19:34:32,1
4,114.023582,22.538732999999997,2016-11-03 19:36:35,1
3,114.051918,22.540867000000002,2016-11-03 19:36:38,0
2,114.228683,22.556232,2016-11-03 19:36:42,1
0,114.055901,22.626917000000002,2016-11-03 19:36:43,0
1,113.90848500000001,22.531267,2016-11-03 19:36:45,0
4,114.024185,22.536533,2016-11-03 19:36:50,1
0,114.055801,22.627684,2016-11-03 19:36:58,0
3,114.051918,22.540867000000002,2016-11-03 19:36:58,0
1,113.909302,22.53125,2016-11-03 19:37:00,1
0,114.05576299999998,22.628834,2016-11-03 19:37:13,0
1,113.909866,22.531282,2016-11-03 19:37:15,1
4,114.024879,22.533751000000002,2016-11-03 19:37:05,1
0,114.055748,22.629217,2016-11-03 19:37:28,0
1,113.909897,22.531349,2016-11-03 19:37:30,1
3,114.051918,22.540867000000002,2016-11-03 19:37:18,0
4,114.02563500000001,22.531017000000002,2016-11-03 19:37:20,1
0,114.055748,22.629217,2016-11-03 19:37:43,0
4,114.02741999999999,22.529034,2016-11-03 19:37:35,1
3,114.052399,22.541166,2016-11-03 19:37:38,0
1,113.909897,22.531334,2016-11-03 19:37:45,1
4,114.029533,22.527866,2016-11-03 19:37:50,1
0,114.05578600000001,22.629801,2016-11-03 19:37:58,0
3,114.052567,22.539766,2016-11-03 19:37:58,0
1,113.90992,22.531334,2016-11-03 19:38:00,1
2,114.228729,22.556283999999998,2016-11-03 19:36:56,1
2,114.228714,22.55625,2016-11-03 19:37:04,1
2,114.228714,22.55625,2016-11-03 19:37:05,1
4,114.031349,22.526783,2016-11-03 19:38:05,1
0,114.055702,22.630617,2016-11-03 19:38:13,0
1,113.90992,22.5313,2016-11-03 19:38:15,1
3,114.052551,22.538851,2016-11-03 19:38:18,0
4,114.03233300000001,22.525967,2016-11-03 19:38:20,1
2,114.23398600000002,22.558701,2016-11-03 19:38:23,1
2,114.23398600000002,22.558701,2016-11-03 19:38:24,1
2,114.234047,22.558733,2016-11-03 19:38:25,1
0,114.055618,22.631033,2016-11-03 19:38:28,0
1,113.909981,22.53125,2016-11-03 19:38:30,1
4,114.031433,22.524549,2016-11-03 19:38:35,1
3,114.05261999999999,22.538767,2016-11-03 19:38:38,0
1,113.91033200000001,22.531317,2016-11-03 19:38:38,1
2,114.234619,22.558767,2016-11-03 19:38:43,1
0,114.05549599999999,22.632084,2016-11-03 19:38:43,0
4,114.03119699999999,22.524182999999997,2016-11-03 19:38:50,1
1,113.910316,22.531816,2016-11-03 19:38:53,1
2,114.23486299999999,22.558398999999998,2016-11-03 19:38:55,0
3,114.05261999999999,22.538767,2016-11-03 19:38:58,0
0,114.055481,22.63225,2016-11-03 19:38:58,0
2,114.23483300000001,22.558398999999998,2016-11-03 19:39:01,0
4,114.03119699999999,22.524182999999997,2016-11-03 19:39:05,1
1,113.910316,22.533649,2016-11-03 19:39:08,1
0,114.055481,22.63225,2016-11-03 19:39:13,0
2,114.234779,22.558398999999998,2016-11-03 19:39:17,0
3,114.05261999999999,22.538767,2016-11-03 19:39:18,0
4,114.03119699999999,22.524182999999997,2016-11-03 19:39:20,1
1,113.910271,22.534967,2016-11-03 19:39:23,1
0,114.05551899999999,22.632618,2016-11-03 19:39:28,0
1,113.91033200000001,22.535,2016-11-03 19:39:31,1
2,114.234779,22.558398999999998,2016-11-03 19:39:32,0
4,114.03119699999999,22.524182999999997,2016-11-03 19:39:35,1
3,114.052582,22.538467,2016-11-03 19:39:38,0
1,113.910431,22.535017,2016-11-03 19:39:40,1
0,114.05555,22.631117,2016-11-03 19:39:43,0
1,113.91046899999999,22.535032,2016-11-03 19:39:46,1
2,114.23486299999999,22.558398999999998,2016-11-03 19:39:47,0
4,114.03033400000001,22.52285,2016-11-03 19:39:50,1
3,114.05278,22.537832,2016-11-03 19:39:58,0
0,114.055351,22.630266,2016-11-03 19:39:58,0
1,113.91048400000001,22.535,2016-11-03 19:40:01,1
2,114.23483300000001,22.558384,2016-11-03 19:40:02,0
4,114.029533,22.5217,2016-11-03 19:40:05,1
0,114.05536699999999,22.629633,2016-11-03 19:40:13,0
1,113.9105,22.535017,2016-11-03 19:40:16,1
3,114.05171999999999,22.537434,2016-11-03 19:40:18,0
2,114.23488600000002,22.558451,2016-11-03 19:40:17,0
4,114.029152,22.52055,2016-11-03 19:40:20,1
1,113.91046899999999,22.535017,2016-11-03 19:40:24,1
0,114.05536699999999,22.629633,2016-11-03 19:40:28,0
2,114.235184,22.557833,2016-11-03 19:40:32,0
4,114.03051799999999,22.519817,2016-11-03 19:40:35,1
3,114.05171999999999,22.537434,2016-11-03 19:40:38,0
1,113.910431,22.535168,2016-11-03 19:40:39,1
0,114.05532099999999,22.629618,2016-11-03 19:40:43,0
2,114.23573300000001,22.557199,2016-11-03 19:40:47,0
4,114.030983,22.5196,2016-11-03 19:40:50,1
1,113.9104,22.536432,2016-11-03 19:40:54,1
3,114.05171999999999,22.537434,2016-11-03 19:40:58,0
0,114.055466,22.628616,2016-11-03 19:40:58,0
2,114.23548100000001,22.557568,2016-11-03 19:41:02,0
4,114.03078500000001,22.519951000000002,2016-11-03 19:41:05,1
1,113.91033200000001,22.537682999999998,2016-11-03 19:41:09,1
2,114.2351,22.558216,2016-11-03 19:41:10,0
0,114.05553400000001,22.626966,2016-11-03 19:41:13,0
3,114.05171999999999,22.537434,2016-11-03 19:41:18,0
4,114.03078500000001,22.519951000000002,2016-11-03 19:41:20,1
4,114.03078500000001,22.519951000000002,2016-11-03 19:41:21,0
1,113.910347,22.53915,2016-11-03 19:41:24,1
2,114.23465,22.558867000000003,2016-11-03 19:41:25,0
0,114.05563400000001,22.626082999999998,2016-11-03 19:41:28,0
4,114.03078500000001,22.519951000000002,2016-11-03 19:41:36,0
3,114.05214699999999,22.537216,2016-11-03 19:41:38,0
1,113.9104,22.539583,2016-11-03 19:41:39,1
2,114.234596,22.559099,2016-11-03 19:41:40,0
0,114.05555,22.624866,2016-11-03 19:41:43,0
4,114.030464,22.520166,2016-11-03 19:41:51,0
1,113.91091899999999,22.539583,2016-11-03 19:41:54,1
2,114.235382,22.560183,2016-11-03 19:41:55,0
3,114.052696,22.536966,2016-11-03 19:41:58,0
0,114.055679,22.623966,2016-11-03 19:41:58,0
4,114.02943400000001,22.5207,2016-11-03 19:42:06,0
1,113.91156799999999,22.539499,2016-11-03 19:42:09,1
2,114.23633600000001,22.561132,2016-11-03 19:42:10,0
0,114.055679,22.623282999999997,2016-11-03 19:42:13,0
3,114.052467,22.53595,2016-11-03 19:42:18,0
4,114.02961699999999,22.521517000000003,2016-11-03 19:42:21,0
1,113.912247,22.539351,2016-11-03 19:42:24,1
2,114.237381,22.562082,2016-11-03 19:42:25,0
0,114.055664,22.6224,2016-11-03 19:42:28,0
4,114.02984599999999,22.521867999999998,2016-11-03 19:42:36,0
3,114.05183400000001,22.535316,2016-11-03 19:42:38,0
1,113.91253700000001,22.539248999999998,2016-11-03 19:42:39,1
2,114.238152,22.562517,2016-11-03 19:42:40,0
0,114.055702,22.621668,2016-11-03 19:42:43,0
4,114.02984599999999,22.521867999999998,2016-11-03 19:42:51,0
1,113.912865,22.539301000000002,2016-11-03 19:42:54,1
2,114.238068,22.562584,2016-11-03 19:42:55,0
0,114.05576299999998,22.621218,2016-11-03 19:42:58,0
3,114.05131499999999,22.535334,2016-11-03 19:42:58,0
1,113.91291799999999,22.539284,2016-11-03 19:43:02,1
4,114.02984599999999,22.521867999999998,2016-11-03 19:43:06,0
2,114.238098,22.562616000000002,2016-11-03 19:43:10,0
0,114.05571699999999,22.620399,2016-11-03 19:43:13,0
3,114.0513,22.533684,2016-11-03 19:43:18,0
1,113.913002,22.539217,2016-11-03 19:43:17,1
4,114.02984599999999,22.521867999999998,2016-11-03 19:43:21,0
1,113.913071,22.5392,2016-11-03 19:43:25,1
2,114.23813600000001,22.562584,2016-11-03 19:43:25,0
0,114.05571699999999,22.6199,2016-11-03 19:43:28,0
4,114.02984599999999,22.521867999999998,2016-11-03 19:43:36,0
1,113.91336799999999,22.539101000000002,2016-11-03 19:43:40,1
3,114.051369,22.530783,2016-11-03 19:43:38,0
2,114.23801399999999,22.562532,2016-11-03 19:43:39,0
0,114.055702,22.619417000000002,2016-11-03 19:43:43,0
4,114.02984599999999,22.521867999999998,2016-11-03 19:43:51,0
1,113.91383400000001,22.539049,2016-11-03 19:43:55,1
3,114.05138400000001,22.527983,2016-11-03 19:43:58,0
0,114.055702,22.618532000000002,2016-11-03 19:43:58,0
4,114.030281,22.522582999999997,2016-11-03 19:44:06,0
1,113.914169,22.539,2016-11-03 19:44:10,1
0,114.05571699999999,22.617416,2016-11-03 19:44:13,0
3,114.050652,22.527634,2016-11-03 19:44:18,0
1,113.91423,22.539,2016-11-03 19:44:25,1
0,114.05576299999998,22.616068,2016-11-03 19:44:28,0
4,114.031067,22.523632,2016-11-03 19:44:21,0
1,113.914452,22.538967,2016-11-03 19:44:33,1
4,114.0317,22.5235,2016-11-03 19:44:36,0
3,114.049553,22.527666,2016-11-03 19:44:38,0
0,114.055649,22.615049,2016-11-03 19:44:43,0
1,113.91473400000001,22.539482,2016-11-03 19:44:48,1
4,114.032486,22.522966,2016-11-03 19:44:51,0
3,114.048447,22.527634,2016-11-03 19:44:58,0
0,114.055283,22.613632,2016-11-03 19:44:57,0
1,113.914948,22.540882,2016-11-03 19:45:03,1
4,114.03315,22.522617,2016-11-03 19:45:06,0
0,114.05497,22.611917000000002,2016-11-03 19:45:13,0
3,114.04744699999999,22.527617000000003,2016-11-03 19:45:18,0
1,113.91497,22.541149,2016-11-03 19:45:18,1
4,114.032799,22.522867,2016-11-03 19:45:21,0
1,113.91538200000001,22.541267,2016-11-03 19:45:27,1
0,114.054749,22.610718,2016-11-03 19:45:27,0
1,113.915604,22.541233,2016-11-03 19:45:33,0
4,114.03186799999999,22.523216,2016-11-03 19:45:36,0
2,114.23816699999999,22.56255,2016-11-03 19:45:37,0
3,114.04701999999999,22.527617000000003,2016-11-03 19:45:38,0
2,114.23816699999999,22.56255,2016-11-03 19:45:40,0
0,114.054253,22.608816,2016-11-03 19:45:43,0
1,113.91566499999999,22.541267,2016-11-03 19:45:48,0
4,114.031281,22.523701000000003,2016-11-03 19:45:51,0
2,114.23811299999998,22.56255,2016-11-03 19:45:54,1
3,114.04701999999999,22.527617000000003,2016-11-03 19:45:58,0
0,114.05421399999999,22.608566,2016-11-03 19:45:57,0
1,113.915733,22.5413,2016-11-03 19:46:03,0
4,114.031364,22.524117,2016-11-03 19:46:06,0
1,113.91570300000001,22.541267,2016-11-03 19:46:11,0
2,114.238716,22.562767,2016-11-03 19:46:11,1
0,114.05421399999999,22.608566,2016-11-03 19:46:13,0
3,114.047569,22.527617000000003,2016-11-03 19:46:18,0
4,114.03198200000001,22.525084,2016-11-03 19:46:21,0
1,113.915733,22.541233,2016-11-03 19:46:26,0
2,114.24015,22.56345,2016-11-03 19:46:26,1
0,114.05421399999999,22.608566,2016-11-03 19:46:27,0
3,114.0485,22.527651000000002,2016-11-03 19:46:38,0
4,114.032417,22.525717,2016-11-03 19:46:36,0
2,114.24073,22.563801,2016-11-03 19:46:41,1
1,113.91638200000001,22.541033,2016-11-03 19:46:41,0
0,114.05421399999999,22.608566,2016-11-03 19:46:43,0
1,113.91676299999999,22.540968,2016-11-03 19:46:49,0
4,114.032417,22.525717,2016-11-03 19:46:51,0
2,114.24068500000001,22.563816,2016-11-03 19:46:56,1
3,114.049568,22.527634,2016-11-03 19:46:58,0
0,114.054184,22.608534,2016-11-03 19:46:57,0
1,113.91705300000001,22.540882,2016-11-03 19:47:04,0
4,114.032417,22.525717,2016-11-03 19:47:06,0
2,114.240646,22.563868,2016-11-03 19:47:11,1
0,114.05383300000001,22.607468,2016-11-03 19:47:13,0
3,114.049599,22.526783,2016-11-03 19:47:18,0
1,113.917252,22.5401,2016-11-03 19:47:19,0
4,114.032417,22.525717,2016-11-03 19:47:21,0
2,114.241432,22.564567999999998,2016-11-03 19:47:26,1
0,114.05278,22.60615,2016-11-03 19:47:28,0
1,113.91703000000001,22.539017,2016-11-03 19:47:34,0
4,114.032417,22.525717,2016-11-03 19:47:36,0
3,114.04961399999999,22.526032999999998,2016-11-03 19:47:38,0
2,114.24189799999999,22.565268,2016-11-03 19:47:41,1
1,113.916946,22.53895,2016-11-03 19:47:42,0
4,114.032417,22.525717,2016-11-03 19:47:51,0
1,113.91686999999999,22.5389,2016-11-03 19:47:57,0
2,114.242081,22.565166,2016-11-03 19:47:56,1
3,114.049866,22.525783999999998,2016-11-03 19:47:58,0
0,114.050919,22.60495,2016-11-03 19:47:43,0
0,114.04993400000001,22.604616,2016-11-03 19:47:58,0
2,114.242065,22.565148999999998,2016-11-03 19:48:04,1
4,114.032951,22.526567,2016-11-03 19:48:06,0
1,113.916847,22.538933,2016-11-03 19:48:12,0
0,114.04951499999999,22.6045,2016-11-03 19:48:14,1
3,114.049866,22.525783999999998,2016-11-03 19:48:18,0
2,114.24226399999999,22.565317,2016-11-03 19:48:19,1
1,113.91660300000001,22.538218,2016-11-03 19:48:26,0
0,114.04776799999999,22.60425,2016-11-03 19:48:29,1
4,114.03373,22.5278,2016-11-03 19:48:21,0
4,114.034348,22.528084,2016-11-03 19:48:36,0
3,114.049866,22.525783999999998,2016-11-03 19:48:38,0
2,114.24271399999999,22.565832,2016-11-03 19:48:34,1
1,113.916435,22.537317,2016-11-03 19:48:42,0
0,114.04593700000001,22.604098999999998,2016-11-03 19:48:44,1
2,114.24396499999999,22.56695,2016-11-03 19:48:49,1
4,114.034737,22.527866,2016-11-03 19:48:51,0
3,114.049866,22.525783999999998,2016-11-03 19:48:58,0
1,113.916397,22.536617,2016-11-03 19:48:57,0
0,114.0439,22.6035,2016-11-03 19:48:59,1
2,114.24543,22.568317,2016-11-03 19:49:04,1
4,114.034737,22.527866,2016-11-03 19:49:06,0
0,114.042969,22.603233,2016-11-03 19:49:14,1
1,113.91633600000002,22.535833,2016-11-03 19:49:12,0
3,114.049866,22.525783999999998,2016-11-03 19:49:18,0
2,114.246918,22.569901,2016-11-03 19:49:19,1
4,114.03518700000001,22.527599,2016-11-03 19:49:21,0
2,114.247299,22.570566,2016-11-03 19:49:27,1
1,113.916298,22.5355,2016-11-03 19:49:27,0
0,114.04288500000001,22.603184,2016-11-03 19:49:29,1
3,114.049866,22.525783999999998,2016-11-03 19:49:38,0
4,114.03643000000001,22.527533,2016-11-03 19:49:36,0
1,113.91646599999999,22.53545,2016-11-03 19:49:42,0
0,114.042198,22.603149,2016-11-03 19:49:44,1
4,114.03748300000001,22.527517,2016-11-03 19:49:51,0
3,114.049866,22.525783999999998,2016-11-03 19:49:58,0
1,113.9179,22.535383,2016-11-03 19:49:57,0
0,114.040901,22.6047,2016-11-03 19:49:59,1
1,113.918701,22.535334,2016-11-03 19:50:05,0
4,114.037453,22.5285,2016-11-03 19:50:06,0
0,114.039803,22.606117,2016-11-03 19:50:14,1
3,114.049866,22.525783999999998,2016-11-03 19:50:18,0
2,114.247398,22.570833,2016-11-03 19:49:42,1
2,114.24738300000001,22.570818,2016-11-03 19:49:50,1
2,114.24738300000001,22.570818,2016-11-03 19:49:51,1
2,114.24738300000001,22.570801,2016-11-03 19:49:58,1
2,114.24738300000001,22.570801,2016-11-03 19:50:06,1
2,114.24738300000001,22.570801,2016-11-03 19:50:07,1
1,113.91974599999999,22.5352,2016-11-03 19:50:20,0
2,114.24738300000001,22.570801,2016-11-03 19:50:21,1
4,114.03825400000001,22.528601000000002,2016-11-03 19:50:21,0
0,114.038963,22.607201,2016-11-03 19:50:29,1
1,113.919853,22.534468,2016-11-03 19:50:35,0
2,114.247398,22.570818,2016-11-03 19:50:36,1
4,114.03838300000001,22.528883,2016-11-03 19:50:36,0
3,114.049866,22.525783999999998,2016-11-03 19:50:38,0
0,114.038071,22.608282,2016-11-03 19:50:44,1
1,113.919868,22.533951000000002,2016-11-03 19:50:50,0
2,114.24756599999999,22.571117,2016-11-03 19:50:51,1
4,114.038315,22.52935,2016-11-03 19:50:51,0
3,114.049866,22.525783999999998,2016-11-03 19:50:58,0
0,114.03679699999999,22.609768,2016-11-03 19:50:59,1
1,113.91981499999999,22.533916,2016-11-03 19:51:05,1
2,114.248268,22.571966,2016-11-03 19:51:06,1
4,114.03833,22.530268,2016-11-03 19:51:06,0
1,113.919853,22.533533,2016-11-03 19:51:14,1
3,114.049866,22.525783999999998,2016-11-03 19:51:18,0
0,114.035614,22.611183,2016-11-03 19:51:14,1
2,114.249619,22.5735,2016-11-03 19:51:21,1
4,114.039146,22.530518,2016-11-03 19:51:21,0
1,113.91974599999999,22.532183,2016-11-03 19:51:29,1
0,114.034218,22.612867,2016-11-03 19:51:29,1
2,114.25091599999999,22.574984,2016-11-03 19:51:36,1
4,114.04018400000001,22.530567,2016-11-03 19:51:36,0
3,114.049866,22.525783999999998,2016-11-03 19:51:38,0
1,113.919647,22.531017000000002,2016-11-03 19:51:44,1
0,114.03318,22.614201,2016-11-03 19:51:44,1
2,114.252899,22.57655,2016-11-03 19:51:51,1
4,114.041,22.530732999999998,2016-11-03 19:51:51,0
3,114.049866,22.525783999999998,2016-11-03 19:51:58,0
1,113.91968500000002,22.530967999999998,2016-11-03 19:51:59,1
2,114.254852,22.578117000000002,2016-11-03 19:52:06,1
4,114.042282,22.530916,2016-11-03 19:52:06,0
1,113.919785,22.530983,2016-11-03 19:52:07,1
3,114.049866,22.525783999999998,2016-11-03 19:52:18,0
0,114.032829,22.614634,2016-11-03 19:51:59,1
0,114.032829,22.614634,2016-11-03 19:52:14,1
2,114.257065,22.579967,2016-11-03 19:52:21,1
1,113.919785,22.531017000000002,2016-11-03 19:52:22,1
4,114.04456299999998,22.531098999999998,2016-11-03 19:52:21,0
0,114.032829,22.614634,2016-11-03 19:52:29,1
2,114.259003,22.581516,2016-11-03 19:52:36,1
4,114.045685,22.530567,2016-11-03 19:52:36,0
1,113.91974599999999,22.531032999999997,2016-11-03 19:52:37,1
3,114.049866,22.525783999999998,2016-11-03 19:52:38,0
0,114.032829,22.614634,2016-11-03 19:52:44,1
2,114.26121499999999,22.583282,2016-11-03 19:52:51,1
4,114.044785,22.5312,2016-11-03 19:52:51,0
1,113.91974599999999,22.531032999999997,2016-11-03 19:52:52,1
3,114.049866,22.525783999999998,2016-11-03 19:52:56,1
0,114.03256999999999,22.614932999999997,2016-11-03 19:52:59,1
2,114.26303100000001,22.585266,2016-11-03 19:53:06,1
4,114.044647,22.53315,2016-11-03 19:53:06,0
1,113.91956299999998,22.530382,2016-11-03 19:53:07,1
0,114.0317,22.615982000000002,2016-11-03 19:53:14,1
3,114.050919,22.525717,2016-11-03 19:53:16,1
2,114.264702,22.587334,2016-11-03 19:53:21,1
4,114.04458600000001,22.535833,2016-11-03 19:53:21,0
1,113.91925,22.528967,2016-11-03 19:53:22,1
0,114.030464,22.617468,2016-11-03 19:53:29,1
3,114.05131499999999,22.524067000000002,2016-11-03 19:53:36,1
2,114.26596799999999,22.588783,2016-11-03 19:53:36,1
4,114.04458600000001,22.538317000000003,2016-11-03 19:53:36,0
1,113.91885400000001,22.527901,2016-11-03 19:53:36,1
1,113.91877,22.527683,2016-11-03 19:53:45,1
0,114.02973200000001,22.618633,2016-11-03 19:53:44,1
2,114.26691399999999,22.589733,2016-11-03 19:53:51,1
4,114.04461699999999,22.539217,2016-11-03 19:53:51,0
3,114.05108600000001,22.521482000000002,2016-11-03 19:53:56,1
0,114.029701,22.6187,2016-11-03 19:53:59,1
1,113.91863300000001,22.527617000000003,2016-11-03 19:54:00,1
2,114.26653300000001,22.590317000000002,2016-11-03 19:54:06,1
4,114.04608200000001,22.539368,2016-11-03 19:54:06,0
0,114.029701,22.61875,2016-11-03 19:54:14,1
1,113.91858700000002,22.527599,2016-11-03 19:54:15,1
3,114.05088,22.519217,2016-11-03 19:54:16,1
4,114.04731799999999,22.539333,2016-11-03 19:54:21,0
2,114.265381,22.589417,2016-11-03 19:54:21,1
0,114.029068,22.619917,2016-11-03 19:54:29,1
2,114.26468700000001,22.588551000000002,2016-11-03 19:54:29,1
1,113.91863300000001,22.527617000000003,2016-11-03 19:54:30,1
3,114.050781,22.518482000000002,2016-11-03 19:54:36,1
4,114.047836,22.53965,2016-11-03 19:54:36,0
0,114.02845,22.621517,2016-11-03 19:54:44,1
1,113.918648,22.527617000000003,2016-11-03 19:54:45,1
4,114.047752,22.54015,2016-11-03 19:54:51,0
2,114.263046,22.585732999999998,2016-11-03 19:54:52,1
2,114.26284799999999,22.585484,2016-11-03 19:54:53,1
3,114.04816399999999,22.5186,2016-11-03 19:54:56,1
0,114.028,22.622932000000002,2016-11-03 19:54:59,1
1,113.918602,22.527267000000002,2016-11-03 19:55:00,1
4,114.047752,22.54015,2016-11-03 19:55:06,0
2,114.26118500000001,22.583633,2016-11-03 19:55:07,1
0,114.028,22.62295,2016-11-03 19:55:14,1
1,113.918449,22.526332999999997,2016-11-03 19:55:14,1
3,114.046631,22.519051,2016-11-03 19:55:16,1
4,114.047836,22.5406,2016-11-03 19:55:21,0
2,114.25908700000001,22.581882,2016-11-03 19:55:22,1
3,114.046135,22.519217,2016-11-03 19:55:25,0
0,114.02838100000001,22.623133,2016-11-03 19:55:29,1
1,113.91835,22.525783999999998,2016-11-03 19:55:30,1
4,114.047852,22.541616,2016-11-03 19:55:36,0
2,114.256599,22.579866,2016-11-03 19:55:37,1
1,113.918297,22.525617999999998,2016-11-03 19:55:38,1
0,114.02838100000001,22.623133,2016-11-03 19:55:44,1
3,114.046135,22.519217,2016-11-03 19:55:45,0
4,114.0485,22.54175,2016-11-03 19:55:51,0
2,114.254646,22.57835,2016-11-03 19:55:51,1
1,113.918198,22.525,2016-11-03 19:55:52,1
0,114.02838100000001,22.623133,2016-11-03 19:55:59,1
1,113.91806799999999,22.524418,2016-11-03 19:56:00,1
3,114.046135,22.519217,2016-11-03 19:56:05,0
4,114.04892,22.54175,2016-11-03 19:56:06,0
2,114.25201399999999,22.576683,2016-11-03 19:56:07,1
0,114.02838100000001,22.623133,2016-11-03 19:56:14,1
1,113.91781599999999,22.5233,2016-11-03 19:56:16,1
4,114.04892,22.54175,2016-11-03 19:56:21,0
2,114.249802,22.5756,2016-11-03 19:56:22,1
3,114.046135,22.519217,2016-11-03 19:56:25,0
0,114.028549,22.623684,2016-11-03 19:56:29,1
1,113.917717,22.522833,2016-11-03 19:56:31,1
4,114.04900400000001,22.5413,2016-11-03 19:56:36,0
0,114.02748100000001,22.623783,2016-11-03 19:56:44,1
3,114.046135,22.519217,2016-11-03 19:56:45,0
1,113.91731999999999,22.521667,2016-11-03 19:56:46,1
4,114.049019,22.540449,2016-11-03 19:56:51,0
0,114.026802,22.623832999999998,2016-11-03 19:56:59,0
1,113.91713,22.521267,2016-11-03 19:57:01,1
2,114.24904599999999,22.575267999999998,2016-11-03 19:56:37,1
2,114.24904599999999,22.575267999999998,2016-11-03 19:56:45,1
2,114.24904599999999,22.575267999999998,2016-11-03 19:56:47,1
2,114.24904599999999,22.575267999999998,2016-11-03 19:56:53,1
2,114.24904599999999,22.575267999999998,2016-11-03 19:57:01,1
2,114.24904599999999,22.575267999999998,2016-11-03 19:57:02,1
3,114.046135,22.519217,2016-11-03 19:57:05,0
4,114.049019,22.539682,2016-11-03 19:57:06,0
0,114.026802,22.623832999999998,2016-11-03 19:57:14,0
1,113.916397,22.520416,2016-11-03 19:57:16,1
0,114.02658100000001,22.623568,2016-11-03 19:57:29,0
1,113.91578700000001,22.520432999999997,2016-11-03 19:57:31,1
0,114.02573400000001,22.62355,2016-11-03 19:57:44,0
2,114.24904599999999,22.575267999999998,2016-11-03 19:57:25,1
2,114.24904599999999,22.575267999999998,2016-11-03 19:57:31,1
2,114.24904599999999,22.575267999999998,2016-11-03 19:57:39,1
2,114.24904599999999,22.575267999999998,2016-11-03 19:57:41,1
4,114.049301,22.539467000000002,2016-11-03 19:57:21,0
2,114.24904599999999,22.575267999999998,2016-11-03 19:57:47,1
3,114.046135,22.519217,2016-11-03 19:57:25,0
1,113.91468,22.520451,2016-11-03 19:57:48,1
4,114.04995,22.539433,2016-11-03 19:57:36,0
3,114.046135,22.519217,2016-11-03 19:57:45,0
4,114.05151399999998,22.539482,2016-11-03 19:57:51,0
0,114.02458200000001,22.623734,2016-11-03 19:57:59,0
2,114.24904599999999,22.575267999999998,2016-11-03 19:58:02,1
1,113.913719,22.520666000000002,2016-11-03 19:58:03,1
3,114.045097,22.519582999999997,2016-11-03 19:58:05,0
4,114.05304699999999,22.539467000000002,2016-11-03 19:58:06,0
1,113.91333,22.520767000000003,2016-11-03 19:58:09,1
0,114.024498,22.623768,2016-11-03 19:58:14,0
2,114.24904599999999,22.575267999999998,2016-11-03 19:58:17,1
4,114.053169,22.539467000000002,2016-11-03 19:58:21,0
3,114.042953,22.520683,2016-11-03 19:58:25,0
4,114.053352,22.538601,2016-11-03 19:58:36,0
1,113.91298700000002,22.52075,2016-11-03 19:58:24,0
3,114.04216799999999,22.521151,2016-11-03 19:58:46,0
0,114.024498,22.623768,2016-11-03 19:58:29,0
1,113.91298700000002,22.520782,2016-11-03 19:58:39,0
2,114.24904599999999,22.575267999999998,2016-11-03 19:58:32,1
2,114.24904599999999,22.575267999999998,2016-11-03 19:58:40,1
0,114.024498,22.623768,2016-11-03 19:58:44,0
4,114.053352,22.537884,2016-11-03 19:58:51,0
2,114.22636399999999,22.5674,2016-11-03 19:58:55,1
0,114.024414,22.6238,2016-11-03 19:58:59,0
1,113.912903,22.520517,2016-11-03 19:59:03,0
3,114.04216799999999,22.521151,2016-11-03 19:59:06,0
4,114.053352,22.537884,2016-11-03 19:59:06,0
1,113.912651,22.520149,2016-11-03 19:59:09,0
2,114.223984,22.566917,2016-11-03 19:59:10,1
0,114.024353,22.623699,2016-11-03 19:59:14,0
4,114.053352,22.537884,2016-11-03 19:59:21,0
1,113.91253700000001,22.519951000000002,2016-11-03 19:59:24,0
3,114.04216799999999,22.521151,2016-11-03 19:59:26,0
2,114.22350300000001,22.566799,2016-11-03 19:59:25,1
0,114.026199,22.623533,2016-11-03 19:59:29,0
4,114.053352,22.537884,2016-11-03 19:59:36,0
1,113.91226999999999,22.519632,2016-11-03 19:59:39,0
2,114.22350300000001,22.566799,2016-11-03 19:59:40,1
0,114.027649,22.623199,2016-11-03 19:59:44,0
3,114.04216799999999,22.521151,2016-11-03 19:59:46,0
4,114.053352,22.537884,2016-11-03 19:59:51,0
1,113.911102,22.518998999999997,2016-11-03 19:59:54,0
2,114.22350300000001,22.566799,2016-11-03 19:59:55,1
0,114.028236,22.621651,2016-11-03 19:59:59,0
1,113.9105,22.518717000000002,2016-11-03 20:00:03,0
3,114.04115300000001,22.521683,2016-11-03 20:00:06,0
4,114.053352,22.537884,2016-11-03 20:00:06,0
2,114.22350300000001,22.566799,2016-11-03 20:00:10,1
0,114.02877,22.620033,2016-11-03 20:00:14,0
1,113.910004,22.518284,2016-11-03 20:00:16,0
4,114.053352,22.537884,2016-11-03 20:00:21,0
3,114.03868100000001,22.523018,2016-11-03 20:00:26,0
2,114.22350300000001,22.566799,2016-11-03 20:00:25,1
0,114.02941899999999,22.618668,2016-11-03 20:00:29,0
1,113.909981,22.518167000000002,2016-11-03 20:00:32,0
2,114.22350300000001,22.566799,2016-11-03 20:00:33,1
4,114.053352,22.537884,2016-11-03 20:00:36,0
0,114.029449,22.618633,2016-11-03 20:00:44,0
1,113.90931699999999,22.517616,2016-11-03 20:00:47,0
3,114.03679699999999,22.52405,2016-11-03 20:00:46,0
2,114.22350300000001,22.566799,2016-11-03 20:00:48,1
4,114.053352,22.537884,2016-11-03 20:00:51,0
4,114.053352,22.537884,2016-11-03 20:01:06,0
3,114.034782,22.525133,2016-11-03 20:01:06,0
4,114.053352,22.537884,2016-11-03 20:01:21,0
3,114.03306599999999,22.526182000000002,2016-11-03 20:01:26,0
4,114.053352,22.537884,2016-11-03 20:01:36,0
3,114.032982,22.526234,2016-11-03 20:01:46,0
4,114.053352,22.537884,2016-11-03 20:01:51,0
0,114.029518,22.618548999999998,2016-11-03 20:00:59,0
1,113.90918,22.516666,2016-11-03 20:01:02,0
3,114.032982,22.526234,2016-11-03 20:02:06,0
2,114.22350300000001,22.566799,2016-11-03 20:01:03,1
4,114.053352,22.537884,2016-11-03 20:02:06,0
2,114.22350300000001,22.566799,2016-11-03 20:01:11,1
0,114.03013600000001,22.617451000000003,2016-11-03 20:01:14,0
1,113.908798,22.515333,2016-11-03 20:01:25,0
3,114.032982,22.526234,2016-11-03 20:02:26,0
0,114.031403,22.615833,2016-11-03 20:01:29,0
4,114.053352,22.537884,2016-11-03 20:02:36,0
1,113.907669,22.515118,2016-11-03 20:01:40,0
3,114.03191399999999,22.526833,2016-11-03 20:02:46,0
0,114.032051,22.615032,2016-11-03 20:01:44,0
4,114.053352,22.537884,2016-11-03 20:02:51,0
1,113.90761599999999,22.514732000000002,2016-11-03 20:01:55,0
3,114.03058600000001,22.52755,2016-11-03 20:03:06,0
4,114.053352,22.537884,2016-11-03 20:03:06,0
0,114.03206599999999,22.615017,2016-11-03 20:01:59,0
3,114.03058600000001,22.52755,2016-11-03 20:03:08,1
0,114.03206599999999,22.615017,2016-11-03 20:02:14,0
1,113.90896599999999,22.51475,2016-11-03 20:02:18,0
2,114.22350300000001,22.566799,2016-11-03 20:02:26,1
4,114.053352,22.537884,2016-11-03 20:03:21,0
1,113.90961499999999,22.514868,2016-11-03 20:02:33,0
3,114.028648,22.5285,2016-11-03 20:03:28,1
1,113.909599,22.514851,2016-11-03 20:02:41,0
2,114.22350300000001,22.566799,2016-11-03 20:02:41,1
4,114.053352,22.537884,2016-11-03 20:03:36,0
0,114.03206599999999,22.615017,2016-11-03 20:02:44,0
4,114.053352,22.537884,2016-11-03 20:03:51,0
1,113.909966,22.514982,2016-11-03 20:03:11,0
2,114.180702,22.558067,2016-11-03 20:03:11,1
0,114.03416399999999,22.612467000000002,2016-11-03 20:03:14,0
2,114.179382,22.5588,2016-11-03 20:03:19,1
4,114.053352,22.537884,2016-11-03 20:04:21,0
1,113.91246799999999,22.513268,2016-11-03 20:03:41,0
4,114.053352,22.537884,2016-11-03 20:04:37,0
1,113.913521,22.511932,2016-11-03 20:03:56,0
3,114.01588400000001,22.531183,2016-11-03 20:04:48,1
2,114.17130300000001,22.56295,2016-11-03 20:04:19,1
1,113.91518400000001,22.510651,2016-11-03 20:04:26,0
4,114.053352,22.537884,2016-11-03 20:05:06,0
3,114.011734,22.530268,2016-11-03 20:05:08,1
0,114.03598000000001,22.61035,2016-11-03 20:04:29,0
1,113.915268,22.510599,2016-11-03 20:04:34,0
4,114.053352,22.537884,2016-11-03 20:05:21,0
3,114.00801799999999,22.529716,2016-11-03 20:05:28,1
4,114.053352,22.537884,2016-11-03 20:05:37,0
1,113.915283,22.510616,2016-11-03 20:05:04,0
0,114.038284,22.60745,2016-11-03 20:05:14,0
4,114.053352,22.537884,2016-11-03 20:05:52,0
2,114.15612,22.560167,2016-11-03 20:05:34,1
1,113.91538200000001,22.510532,2016-11-03 20:05:34,0
1,113.915421,22.5105,2016-11-03 20:05:42,0
2,114.154671,22.558982999999998,2016-11-03 20:05:57,1
0,114.04158000000001,22.60355,2016-11-03 20:05:59,0
1,113.91563400000001,22.510683,2016-11-03 20:06:12,0
2,114.153419,22.557949,2016-11-03 20:06:12,1
4,114.053352,22.537884,2016-11-03 20:06:22,0
1,113.916214,22.511482,2016-11-03 20:06:27,0
3,113.99696399999999,22.529182000000002,2016-11-03 20:06:28,1
0,114.04166399999998,22.603468,2016-11-03 20:06:29,0
4,114.053352,22.537884,2016-11-03 20:06:34,1
1,113.91678600000002,22.512199,2016-11-03 20:06:42,0
2,114.149879,22.5562,2016-11-03 20:06:42,1
0,114.041801,22.603416,2016-11-03 20:06:44,0
3,113.99333200000001,22.527082,2016-11-03 20:06:48,1
4,114.05218500000001,22.537482999999998,2016-11-03 20:06:49,1
1,113.917267,22.512832999999997,2016-11-03 20:06:57,0
0,114.04246499999999,22.60265,2016-11-03 20:06:59,0
4,114.05118600000002,22.53705,2016-11-03 20:07:04,1
2,114.146751,22.555634,2016-11-03 20:07:05,1
1,113.91761799999999,22.513317,2016-11-03 20:07:12,0
0,114.043015,22.6019,2016-11-03 20:07:14,0
2,114.144783,22.555567,2016-11-03 20:07:20,1
4,114.051201,22.535282000000002,2016-11-03 20:07:19,1
1,113.91788500000001,22.51375,2016-11-03 20:07:27,0
3,113.98546599999999,22.523701000000003,2016-11-03 20:07:29,1
2,114.1436,22.5557,2016-11-03 20:07:28,1
0,114.04333500000001,22.601433,2016-11-03 20:07:29,0
4,114.05118600000002,22.533617,2016-11-03 20:07:34,1
1,113.918182,22.514116,2016-11-03 20:07:42,0
2,114.141502,22.555817,2016-11-03 20:07:43,1
0,114.043465,22.601116,2016-11-03 20:07:44,0
3,113.981453,22.523083,2016-11-03 20:07:49,1
2,114.14033500000001,22.555933,2016-11-03 20:07:51,1
4,114.05111699999999,22.532132999999998,2016-11-03 20:07:49,1
1,113.91863300000001,22.5147,2016-11-03 20:07:57,0
0,114.04378500000001,22.600317,2016-11-03 20:07:59,0
4,114.050148,22.531682999999997,2016-11-03 20:08:04,1
3,113.977249,22.523032999999998,2016-11-03 20:08:09,1
1,113.91901399999999,22.515249,2016-11-03 20:08:12,0
0,114.044418,22.599068,2016-11-03 20:08:14,0
1,113.918617,22.515568,2016-11-03 20:08:27,0
3,113.973,22.523001,2016-11-03 20:08:29,1
4,114.04766799999999,22.531601000000002,2016-11-03 20:08:19,1
0,114.04508200000001,22.597467,2016-11-03 20:08:29,0
4,114.04540300000001,22.531467000000003,2016-11-03 20:08:34,1
0,114.04612,22.5961,2016-11-03 20:08:44,0
3,113.968819,22.522932,2016-11-03 20:08:49,1
1,113.91793100000001,22.51605,2016-11-03 20:08:42,0
4,114.042847,22.531218,2016-11-03 20:08:49,1
1,113.917686,22.516251,2016-11-03 20:08:50,0
0,114.04705,22.594618,2016-11-03 20:08:59,0
4,114.039566,22.530884,2016-11-03 20:09:04,1
1,113.91729699999999,22.516533,2016-11-03 20:09:05,0
3,113.964699,22.5229,2016-11-03 20:09:09,1
1,113.91701499999999,22.516783,2016-11-03 20:09:13,0
0,114.047997,22.592916,2016-11-03 20:09:14,0
4,114.03627,22.530533,2016-11-03 20:09:19,1
3,113.96078500000002,22.522867,2016-11-03 20:09:29,1
1,113.916214,22.517134,2016-11-03 20:09:28,0
0,114.04918700000002,22.590799,2016-11-03 20:09:29,0
1,113.915451,22.517349,2016-11-03 20:09:43,0
0,114.05048400000001,22.589367000000003,2016-11-03 20:09:44,0
3,113.956749,22.523132,2016-11-03 20:09:49,1
4,114.03302,22.530167000000002,2016-11-03 20:09:34,1
4,114.029747,22.530317,2016-11-03 20:09:49,1
1,113.91478000000001,22.517599,2016-11-03 20:09:58,0
0,114.052048,22.588017,2016-11-03 20:09:59,0
4,114.026802,22.530967999999998,2016-11-03 20:10:04,1
3,113.95255300000001,22.5236,2016-11-03 20:10:09,1
1,113.91458100000001,22.517767000000003,2016-11-03 20:10:14,0
4,114.02407099999999,22.531633,2016-11-03 20:10:19,1
2,114.129898,22.544317000000003,2016-11-03 20:10:27,1
3,113.948334,22.524082,2016-11-03 20:10:29,1
1,113.91452,22.517799,2016-11-03 20:10:29,0
4,114.02136999999999,22.532066,2016-11-03 20:10:34,1
2,114.12915,22.5438,2016-11-03 20:10:35,1
1,113.914497,22.517782,2016-11-03 20:10:37,0
3,113.944199,22.524483,2016-11-03 20:10:49,1
4,114.018547,22.531782,2016-11-03 20:10:49,1
2,114.12786899999999,22.543067999999998,2016-11-03 20:10:50,1
1,113.91428400000001,22.518167000000002,2016-11-03 20:10:52,0
1,113.91468,22.518583,2016-11-03 20:11:00,0
4,114.015671,22.531133999999998,2016-11-03 20:11:04,1
2,114.12591599999999,22.542534,2016-11-03 20:11:05,1
3,113.94008600000001,22.524584,2016-11-03 20:11:09,1
1,113.91578700000001,22.519632,2016-11-03 20:11:15,0
4,114.01298500000001,22.53055,2016-11-03 20:11:19,1
2,114.12458000000001,22.541651,2016-11-03 20:11:19,1
3,113.936966,22.524883,2016-11-03 20:11:29,1
1,113.916496,22.5203,2016-11-03 20:11:30,0
2,114.12386299999999,22.541183,2016-11-03 20:11:27,1
1,113.91656499999999,22.520317000000002,2016-11-03 20:11:38,0
0,114.05988300000001,22.577482,2016-11-03 20:11:40,0
0,114.060051,22.577284,2016-11-03 20:11:42,0
2,114.122368,22.54085,2016-11-03 20:11:43,1
4,114.00972,22.52985,2016-11-03 20:11:34,1
3,113.933517,22.524817000000002,2016-11-03 20:11:49,1
4,114.007103,22.529734,2016-11-03 20:11:49,1
1,113.917099,22.520849,2016-11-03 20:11:53,1
2,114.120819,22.541332,2016-11-03 20:11:58,1
4,114.004585,22.529966,2016-11-03 20:12:04,1
0,114.060699,22.575632000000002,2016-11-03 20:11:55,0
1,113.917732,22.52075,2016-11-03 20:12:08,1
0,114.06115,22.573133,2016-11-03 20:12:10,0
3,113.929802,22.524982,2016-11-03 20:12:09,1
2,114.12043,22.541582000000002,2016-11-03 20:12:13,1
1,113.918251,22.520416,2016-11-03 20:12:16,1
1,113.918251,22.520416,2016-11-03 20:12:17,1
4,114.002251,22.530184,2016-11-03 20:12:19,1
0,114.06138600000001,22.571733,2016-11-03 20:12:25,0
3,113.92741399999998,22.525333,2016-11-03 20:12:29,1
2,114.120415,22.54155,2016-11-03 20:12:28,1
1,113.919151,22.519899,2016-11-03 20:12:31,1
4,113.99998500000001,22.530018,2016-11-03 20:12:34,1
0,114.060547,22.571133,2016-11-03 20:12:40,0
2,114.1203,22.541767,2016-11-03 20:12:43,1
1,113.91968500000002,22.519533,2016-11-03 20:12:46,1
3,113.92543,22.525766,2016-11-03 20:12:49,1
4,113.997818,22.529467,2016-11-03 20:12:49,1
0,114.058998,22.5711,2016-11-03 20:12:55,0
2,114.1203,22.541782,2016-11-03 20:12:58,1
1,113.92067,22.518667,2016-11-03 20:13:01,1
4,113.995567,22.528366000000002,2016-11-03 20:13:04,1
3,113.922867,22.5263,2016-11-03 20:13:09,1
0,114.058701,22.571051,2016-11-03 20:13:10,0
2,114.12033100000001,22.541634,2016-11-03 20:13:13,1
1,113.920868,22.518583,2016-11-03 20:13:16,1
4,113.99321699999999,22.526951,2016-11-03 20:13:19,1
1,113.92085300000001,22.518632999999998,2016-11-03 20:13:24,1
0,114.058701,22.571051,2016-11-03 20:13:25,0
2,114.120003,22.541401,2016-11-03 20:13:28,1
3,113.92078400000001,22.526684,2016-11-03 20:13:29,1
1,113.92093700000001,22.518632999999998,2016-11-03 20:13:39,1
0,114.058701,22.571051,2016-11-03 20:13:40,0
2,114.11986499999999,22.541183,2016-11-03 20:13:43,0
3,113.920433,22.526768,2016-11-03 20:13:49,1
4,113.990349,22.525382999999998,2016-11-03 20:13:34,1
4,113.98726699999999,22.524217999999998,2016-11-03 20:13:49,1
1,113.92093700000001,22.518417000000003,2016-11-03 20:13:54,1
0,114.058701,22.571051,2016-11-03 20:13:55,0
2,114.11985,22.541117,2016-11-03 20:13:57,0
1,113.92085300000001,22.518432999999998,2016-11-03 20:14:09,1
4,113.98423000000001,22.523433999999998,2016-11-03 20:14:04,1
0,114.058502,22.570717000000002,2016-11-03 20:14:10,0
3,113.919334,22.526982999999998,2016-11-03 20:14:09,1
2,114.11983500000001,22.540968,2016-11-03 20:14:13,0
4,113.9813,22.523032999999998,2016-11-03 20:14:19,1
2,114.11979699999999,22.540982999999997,2016-11-03 20:14:22,0
1,113.920898,22.518467,2016-11-03 20:14:24,1
0,114.05853300000001,22.570084,2016-11-03 20:14:25,0
3,113.91853300000001,22.527184,2016-11-03 20:14:29,1
4,113.978149,22.522932,2016-11-03 20:14:34,1
2,114.119698,22.540934,2016-11-03 20:14:36,0
1,113.92093700000001,22.518482000000002,2016-11-03 20:14:39,1
0,114.058548,22.569468,2016-11-03 20:14:40,0
3,113.918297,22.525949,2016-11-03 20:14:49,1
4,113.975403,22.522917,2016-11-03 20:14:49,1
2,114.11945300000001,22.540632000000002,2016-11-03 20:14:51,0
1,113.92098200000001,22.518566,2016-11-03 20:14:54,1
0,114.05819699999999,22.569032999999997,2016-11-03 20:14:55,0
2,114.11923200000001,22.5406,2016-11-03 20:14:59,0
4,113.972435,22.522867,2016-11-03 20:15:04,1
3,113.917969,22.524567,2016-11-03 20:15:09,1
1,113.921051,22.518534,2016-11-03 20:15:09,1
2,114.119003,22.539783,2016-11-03 20:15:14,0
4,113.96941399999999,22.522833,2016-11-03 20:15:19,1
0,114.056747,22.568367000000002,2016-11-03 20:15:10,0
1,113.92181399999998,22.517882999999998,2016-11-03 20:15:24,1
0,114.05556499999999,22.56785,2016-11-03 20:15:25,0
3,113.917549,22.522467000000002,2016-11-03 20:15:29,1
2,114.11938500000001,22.539801,2016-11-03 20:15:29,0
4,113.966499,22.522833,2016-11-03 20:15:34,1
1,113.921852,22.5163,2016-11-03 20:15:39,1
0,114.054047,22.567249,2016-11-03 20:15:40,0
2,114.119133,22.539766,2016-11-03 20:15:44,0
3,113.91729699999999,22.521632999999998,2016-11-03 20:15:49,1
4,113.963219,22.5228,2016-11-03 20:15:49,1
1,113.92134899999999,22.514418,2016-11-03 20:15:54,1
0,114.052834,22.567217000000003,2016-11-03 20:15:55,0
2,114.11805,22.539917000000003,2016-11-03 20:15:59,0
4,113.959846,22.52285,2016-11-03 20:16:04,1
3,113.91729699999999,22.521632999999998,2016-11-03 20:16:09,1
1,113.92076899999999,22.513233,2016-11-03 20:16:09,1
0,114.05158200000001,22.5672,2016-11-03 20:16:10,0
2,114.11683700000002,22.539766,2016-11-03 20:16:14,0
4,113.956398,22.523198999999998,2016-11-03 20:16:19,1
1,113.920685,22.512817000000002,2016-11-03 20:16:24,0
0,114.050453,22.567232,2016-11-03 20:16:25,0
2,114.11658500000001,22.539682,2016-11-03 20:16:29,0
3,113.91729699999999,22.521632999999998,2016-11-03 20:16:29,1
1,113.9207,22.512783,2016-11-03 20:16:32,0
4,113.95331599999999,22.52355,2016-11-03 20:16:34,1
0,114.04946899999999,22.567217000000003,2016-11-03 20:16:40,0
1,113.920685,22.512751,2016-11-03 20:16:40,0
2,114.115349,22.539633,2016-11-03 20:16:44,0
3,113.91729699999999,22.521632999999998,2016-11-03 20:16:49,1
2,114.114349,22.539534,2016-11-03 20:16:52,0
0,114.04911799999999,22.567183,2016-11-03 20:16:54,0
1,113.920547,22.512667,2016-11-03 20:16:56,0
4,113.950401,22.523867000000003,2016-11-03 20:16:49,1
4,113.94733400000001,22.5242,2016-11-03 20:17:04,1
2,114.112381,22.53895,2016-11-03 20:17:07,0
0,114.048882,22.567217000000003,2016-11-03 20:17:10,0
1,113.92038000000001,22.512234,2016-11-03 20:17:10,1
3,113.91729699999999,22.521632999999998,2016-11-03 20:17:09,1
1,113.92031899999999,22.512033,2016-11-03 20:17:18,1
4,113.944351,22.524433,2016-11-03 20:17:19,1
2,114.11039699999999,22.538532,2016-11-03 20:17:22,0
0,114.048019,22.56735,2016-11-03 20:17:25,0
3,113.91736599999999,22.520982999999998,2016-11-03 20:17:29,1
4,113.941032,22.5245,2016-11-03 20:17:34,1
1,113.92008200000001,22.5112,2016-11-03 20:17:34,1
2,114.10798600000001,22.5378,2016-11-03 20:17:37,0
0,114.046669,22.567368,2016-11-03 20:17:40,0
3,113.918053,22.520483,2016-11-03 20:17:46,0
2,114.106247,22.537167,2016-11-03 20:17:52,0
0,114.045616,22.56745,2016-11-03 20:17:55,0
2,114.10543100000001,22.5375,2016-11-03 20:18:00,0
3,113.918053,22.520483,2016-11-03 20:18:06,0
0,114.044449,22.567467,2016-11-03 20:18:10,0
4,113.932083,22.524851,2016-11-03 20:18:19,1
0,114.04333500000001,22.567532999999997,2016-11-03 20:18:25,0
3,113.918053,22.520483,2016-11-03 20:18:26,0
4,113.92933700000002,22.524932999999997,2016-11-03 20:18:34,1
0,114.042252,22.567217000000003,2016-11-03 20:18:40,0
3,113.91896799999999,22.519934,2016-11-03 20:18:46,0
4,113.92686499999999,22.525433,2016-11-03 20:18:49,1
0,114.04126699999999,22.566851,2016-11-03 20:18:55,0
3,113.919952,22.519333,2016-11-03 20:19:06,0
4,113.925018,22.525783999999998,2016-11-03 20:19:04,1
0,114.04036699999999,22.566433,2016-11-03 20:19:10,0
0,114.03952,22.566084,2016-11-03 20:19:25,0
4,113.923248,22.526167,2016-11-03 20:19:19,1
3,113.92103600000002,22.518583,2016-11-03 20:19:26,0
4,113.921654,22.526434,2016-11-03 20:19:34,1
0,114.03841399999999,22.565866,2016-11-03 20:19:40,0
3,113.92112,22.518517000000003,2016-11-03 20:19:46,0
2,114.1063,22.544216,2016-11-03 20:19:46,0
2,114.1063,22.544216,2016-11-03 20:19:47,0
4,113.921051,22.526617,2016-11-03 20:19:49,1
0,114.03728500000001,22.5658,2016-11-03 20:19:55,0
2,114.10631599999999,22.544382000000002,2016-11-03 20:19:52,0
1,113.91664899999999,22.502417,2016-11-03 20:20:04,1
4,113.921051,22.526617,2016-11-03 20:20:04,1
1,113.916481,22.501917000000002,2016-11-03 20:20:08,1
2,114.1063,22.544367,2016-11-03 20:20:07,0
3,113.92112,22.518517000000003,2016-11-03 20:20:06,0
4,113.921051,22.526617,2016-11-03 20:20:10,0
0,114.03631599999999,22.566233,2016-11-03 20:20:10,0
2,114.106369,22.544332999999998,2016-11-03 20:20:22,0
1,113.915901,22.500483,2016-11-03 20:20:24,1
4,113.921051,22.526617,2016-11-03 20:20:25,0
0,114.036064,22.566517,2016-11-03 20:20:25,0
3,113.92112,22.518517000000003,2016-11-03 20:20:26,0
1,113.915581,22.499782999999997,2016-11-03 20:20:38,1
2,114.10635400000001,22.544317000000003,2016-11-03 20:20:37,0
4,113.920547,22.526733,2016-11-03 20:20:40,0
0,114.03671999999999,22.565683,2016-11-03 20:20:40,0
4,113.920547,22.526733,2016-11-03 20:20:40,1
3,113.92112,22.518517000000003,2016-11-03 20:20:46,0
2,114.106369,22.544317000000003,2016-11-03 20:20:52,0
1,113.915199,22.498734,2016-11-03 20:20:53,1
0,114.037849,22.565767,2016-11-03 20:20:55,0
4,113.92001299999998,22.526783,2016-11-03 20:20:55,1
1,113.91497,22.4984,2016-11-03 20:21:01,1
3,113.92112,22.518517000000003,2016-11-03 20:21:06,0
2,114.106369,22.544317000000003,2016-11-03 20:21:07,0
4,113.921021,22.526417000000002,2016-11-03 20:21:10,1
0,114.039101,22.565383999999998,2016-11-03 20:21:10,0
1,113.914864,22.49835,2016-11-03 20:21:16,1
2,114.10635400000001,22.544317000000003,2016-11-03 20:21:22,0
0,114.039803,22.563882999999997,2016-11-03 20:21:25,0
4,113.922234,22.526083,2016-11-03 20:21:25,1
3,113.92112,22.518517000000003,2016-11-03 20:21:26,0
1,113.91471899999999,22.498117,2016-11-03 20:21:31,1
2,114.10633100000001,22.54435,2016-11-03 20:21:37,0
0,114.041054,22.561532999999997,2016-11-03 20:21:40,0
4,113.923248,22.525867,2016-11-03 20:21:40,1
1,113.91381799999999,22.497066,2016-11-03 20:21:46,1
2,114.10635400000001,22.544367,2016-11-03 20:21:46,0
3,113.92112,22.518517000000003,2016-11-03 20:21:46,0
0,114.042198,22.55945,2016-11-03 20:21:55,0
4,113.92458300000001,22.525368,2016-11-03 20:21:55,1
1,113.91356699999999,22.49675,2016-11-03 20:22:01,1
2,114.10563700000002,22.544649,2016-11-03 20:22:01,0
3,113.92181399999998,22.518,2016-11-03 20:22:07,0
0,114.043167,22.557617,2016-11-03 20:22:10,0
4,113.925949,22.525,2016-11-03 20:22:10,1
1,113.91333,22.496367000000003,2016-11-03 20:22:16,1
2,114.10376699999999,22.5443,2016-11-03 20:22:16,0
0,114.043297,22.557282999999998,2016-11-03 20:22:25,0
3,113.92181399999998,22.518,2016-11-03 20:22:27,0
1,113.912384,22.494984,2016-11-03 20:22:31,1
4,113.927254,22.524683,2016-11-03 20:22:25,1
0,114.043465,22.557083,2016-11-03 20:22:40,0
4,113.928169,22.524366,2016-11-03 20:22:41,1
3,113.92181399999998,22.518,2016-11-03 20:22:47,0
1,113.91143000000001,22.493032,2016-11-03 20:22:46,1
1,113.91093400000001,22.492017999999998,2016-11-03 20:22:54,1
4,113.928215,22.5233,2016-11-03 20:22:56,1
0,114.043465,22.557083,2016-11-03 20:22:55,0
3,113.92181399999998,22.518,2016-11-03 20:23:07,0
1,113.910233,22.490601,2016-11-03 20:23:09,1
0,114.043015,22.556732,2016-11-03 20:23:10,0
4,113.92793300000001,22.521917000000002,2016-11-03 20:23:11,1
1,113.90938600000001,22.488882,2016-11-03 20:23:24,1
0,114.04188500000001,22.556283999999998,2016-11-03 20:23:25,0
4,113.92778,22.520967000000002,2016-11-03 20:23:26,1
3,113.92181399999998,22.518,2016-11-03 20:23:27,0
1,113.908951,22.488032999999998,2016-11-03 20:23:32,1
0,114.04111499999999,22.556351,2016-11-03 20:23:40,0
4,113.928001,22.521932999999997,2016-11-03 20:23:41,1
3,113.92181399999998,22.518,2016-11-03 20:23:47,0
1,113.90851599999999,22.487232000000002,2016-11-03 20:23:47,1
4,113.928596,22.524067000000002,2016-11-03 20:23:56,1
0,114.04029799999999,22.556283999999998,2016-11-03 20:23:55,0
2,114.10238600000001,22.545717,2016-11-03 20:23:58,0
1,113.908165,22.486334,2016-11-03 20:24:02,1
3,113.92181399999998,22.518,2016-11-03 20:24:07,0
0,114.03953600000001,22.556133,2016-11-03 20:24:10,0
4,113.929565,22.526283,2016-11-03 20:24:11,1
1,113.907471,22.484867,2016-11-03 20:24:17,1
0,114.04038200000001,22.55625,2016-11-03 20:24:25,0
4,113.930168,22.5277,2016-11-03 20:24:26,1
3,113.92181399999998,22.518,2016-11-03 20:24:27,0
1,113.907249,22.482967000000002,2016-11-03 20:24:34,1
1,113.907234,22.482866,2016-11-03 20:24:40,1
0,114.04097,22.556267000000002,2016-11-03 20:24:40,0
4,113.93026699999999,22.52795,2016-11-03 20:24:41,1
3,113.92181399999998,22.518,2016-11-03 20:24:47,0
1,113.907234,22.482817,2016-11-03 20:24:55,1
0,114.04231999999999,22.556433,2016-11-03 20:24:55,0
4,113.93026699999999,22.52795,2016-11-03 20:24:56,1
2,114.102448,22.545883,2016-11-03 20:24:00,0
2,114.10221899999999,22.546551,2016-11-03 20:24:18,0
2,114.102333,22.546551,2016-11-03 20:24:22,0
2,114.10221899999999,22.546534,2016-11-03 20:24:27,0
2,114.10223400000001,22.546568,2016-11-03 20:24:31,0
2,114.10218,22.546667000000003,2016-11-03 20:24:39,0
2,114.10218,22.546667000000003,2016-11-03 20:24:40,0
2,114.10226399999999,22.546667000000003,2016-11-03 20:24:54,1
2,114.102249,22.546568,2016-11-03 20:25:02,1
3,113.92238600000002,22.518566,2016-11-03 20:25:07,0
1,113.90720400000001,22.482468,2016-11-03 20:25:10,1
0,114.04288500000001,22.556499,2016-11-03 20:25:10,0
4,113.93026699999999,22.52795,2016-11-03 20:25:11,1
2,114.10228000000001,22.546516,2016-11-03 20:25:17,1
1,113.90728,22.4814,2016-11-03 20:25:24,1
0,114.04333500000001,22.556334,2016-11-03 20:25:25,0
3,113.923203,22.520917999999998,2016-11-03 20:25:27,0
2,114.10211899999999,22.546267,2016-11-03 20:25:32,1
1,113.90761599999999,22.480867,2016-11-03 20:25:40,1
0,114.04353300000001,22.55555,2016-11-03 20:25:40,0
2,114.102249,22.546118,2016-11-03 20:25:40,1
4,113.93026699999999,22.52795,2016-11-03 20:25:41,1
3,113.924103,22.522266000000002,2016-11-03 20:25:47,0
1,113.907448,22.480267,2016-11-03 20:25:54,1
0,114.043549,22.554768,2016-11-03 20:25:55,0
2,114.102547,22.545633,2016-11-03 20:25:55,1
4,113.93026699999999,22.52795,2016-11-03 20:25:56,1
3,113.925049,22.522033999999998,2016-11-03 20:26:07,0
2,114.10185200000001,22.545433,2016-11-03 20:26:10,1
0,114.04363300000001,22.553667,2016-11-03 20:26:10,0
1,113.906219,22.479333999999998,2016-11-03 20:26:10,1
4,113.92898600000001,22.528267,2016-11-03 20:26:11,1
1,113.90558600000001,22.478884,2016-11-03 20:26:18,1
4,113.928436,22.528316,2016-11-03 20:26:26,1
3,113.925049,22.522033999999998,2016-11-03 20:26:27,0
0,114.043671,22.552418,2016-11-03 20:26:25,0
3,113.925049,22.522033999999998,2016-11-03 20:26:27,1
1,113.904701,22.478216,2016-11-03 20:26:32,1
4,113.927765,22.528351,2016-11-03 20:26:38,0
0,114.043671,22.55155,2016-11-03 20:26:40,0
2,114.103348,22.544268,2016-11-03 20:26:25,1
2,114.10293600000001,22.544033,2016-11-03 20:26:33,1
2,114.102585,22.544017999999998,2016-11-03 20:26:35,1
2,114.10215,22.5439,2016-11-03 20:26:41,1
3,113.925568,22.52125,2016-11-03 20:26:47,1
1,113.903847,22.477617000000002,2016-11-03 20:26:48,1
2,114.101952,22.543132999999997,2016-11-03 20:26:49,1
4,113.927765,22.528351,2016-11-03 20:26:53,0
0,114.04368600000001,22.550783,2016-11-03 20:26:55,0
1,113.903351,22.477249,2016-11-03 20:27:02,1
2,114.10161599999999,22.543617,2016-11-03 20:27:04,1
3,113.92536899999999,22.520067,2016-11-03 20:27:07,1
4,113.927765,22.528351,2016-11-03 20:27:08,0
0,114.04216799999999,22.550248999999997,2016-11-03 20:27:10,0
1,113.90255,22.477367,2016-11-03 20:27:18,1
4,113.927765,22.528351,2016-11-03 20:27:23,0
0,114.04070300000001,22.549801000000002,2016-11-03 20:27:25,0
3,113.92534599999999,22.52,2016-11-03 20:27:27,1
1,113.901398,22.47875,2016-11-03 20:27:33,1
4,113.927765,22.528351,2016-11-03 20:27:38,0
0,114.04021499999999,22.549667000000003,2016-11-03 20:27:40,0
3,113.9254,22.519582999999997,2016-11-03 20:27:47,1
1,113.90003200000001,22.480368,2016-11-03 20:27:48,1
4,113.927765,22.528351,2016-11-03 20:27:53,0
0,114.04021499999999,22.549667000000003,2016-11-03 20:27:55,0
1,113.899551,22.480932,2016-11-03 20:27:56,1
2,114.10148600000001,22.543734,2016-11-03 20:27:19,1
2,114.10243200000001,22.543751,2016-11-03 20:27:27,1
3,113.926483,22.519632,2016-11-03 20:28:07,1
2,114.10306499999999,22.5439,2016-11-03 20:27:34,1
2,114.103897,22.5441,2016-11-03 20:27:42,1
2,114.10414899999999,22.544132,2016-11-03 20:27:44,1
2,114.105034,22.543982999999997,2016-11-03 20:27:50,1
2,114.10543100000001,22.544532999999998,2016-11-03 20:27:58,1
2,114.105598,22.544567,2016-11-03 20:28:00,1
4,113.92716999999999,22.528433,2016-11-03 20:28:08,0
1,113.899147,22.480832999999997,2016-11-03 20:28:11,1
0,114.04021499999999,22.549667000000003,2016-11-03 20:28:10,0
2,114.10738400000001,22.544451000000002,2016-11-03 20:28:13,1
4,113.9263,22.528548999999998,2016-11-03 20:28:23,0
1,113.899147,22.480818,2016-11-03 20:28:26,1
0,114.04018400000001,22.549534,2016-11-03 20:28:25,0
2,114.10886399999998,22.54475,2016-11-03 20:28:28,1
4,113.925583,22.528833,2016-11-03 20:28:38,0
0,114.04038200000001,22.549618,2016-11-03 20:28:40,0
1,113.89917,22.480818,2016-11-03 20:28:41,1
3,113.92763500000001,22.51935,2016-11-03 20:28:27,1
3,113.927582,22.518467,2016-11-03 20:28:47,1
0,114.041634,22.549982,2016-11-03 20:28:55,0
1,113.89917,22.480818,2016-11-03 20:28:56,1
4,113.92462900000001,22.52935,2016-11-03 20:28:53,0
3,113.92763500000001,22.518167000000002,2016-11-03 20:29:07,1
1,113.89917,22.480801,2016-11-03 20:29:11,1
0,114.04306799999999,22.550383,2016-11-03 20:29:10,0
4,113.92451499999999,22.530233,2016-11-03 20:29:08,0
1,113.89868200000001,22.480467,2016-11-03 20:29:26,1
0,114.04351799999999,22.550467,2016-11-03 20:29:25,0
4,113.92462900000001,22.53075,2016-11-03 20:29:23,0
3,113.92761999999999,22.5166,2016-11-03 20:29:27,1
4,113.92462900000001,22.53075,2016-11-03 20:29:38,0
1,113.897102,22.480467,2016-11-03 20:29:41,1
0,114.04351799999999,22.550467,2016-11-03 20:29:40,0
3,113.927681,22.514532,2016-11-03 20:29:47,1
4,113.92462900000001,22.53075,2016-11-03 20:29:53,0
1,113.895248,22.481182,2016-11-03 20:29:56,1
0,114.04353300000001,22.550367,2016-11-03 20:29:55,0
3,113.927467,22.511618,2016-11-03 20:30:07,1
4,113.92462900000001,22.53075,2016-11-03 20:30:08,0
2,114.11981999999999,22.54635,2016-11-03 20:30:10,1
0,114.04353300000001,22.550367,2016-11-03 20:30:10,0
1,113.89313500000002,22.48115,2016-11-03 20:30:11,1
2,114.11985,22.546232,2016-11-03 20:30:12,1
1,113.891899,22.481133,2016-11-03 20:30:19,1
4,113.92462900000001,22.53075,2016-11-03 20:30:23,0
0,114.04356399999999,22.550367,2016-11-03 20:30:25,0
3,113.927315,22.50915,2016-11-03 20:30:27,1
1,113.891365,22.481133,2016-11-03 20:30:34,1
4,113.92462900000001,22.53075,2016-11-03 20:30:38,0
0,114.04476899999999,22.55055,2016-11-03 20:30:40,0
3,113.927231,22.508432,2016-11-03 20:30:47,1
1,113.89138,22.481117,2016-11-03 20:30:49,1
4,113.92462900000001,22.53075,2016-11-03 20:30:53,0
0,114.04653200000001,22.550716,2016-11-03 20:30:55,0
1,113.889702,22.4811,2016-11-03 20:31:04,1
3,113.927231,22.508432,2016-11-03 20:31:07,1
2,114.120033,22.546066,2016-11-03 20:30:42,1
2,114.120033,22.546066,2016-11-03 20:30:50,1
2,114.120033,22.546066,2016-11-03 20:30:52,1
2,114.120033,22.546066,2016-11-03 20:30:58,1
2,114.120033,22.546066,2016-11-03 20:31:06,1
2,114.120033,22.546066,2016-11-03 20:31:07,1
4,113.92462900000001,22.53075,2016-11-03 20:31:08,0
0,114.04821799999999,22.550832999999997,2016-11-03 20:31:10,0
1,113.88776399999999,22.481733,2016-11-03 20:31:19,1
2,114.119514,22.545517,2016-11-03 20:31:21,1
4,113.92462900000001,22.53075,2016-11-03 20:31:24,0
0,114.04953,22.550933999999998,2016-11-03 20:31:25,0
1,113.887001,22.482067,2016-11-03 20:31:27,1
3,113.927231,22.508432,2016-11-03 20:31:27,1
2,114.120117,22.544767,2016-11-03 20:31:36,1
4,113.92462900000001,22.53075,2016-11-03 20:31:39,0
0,114.05048400000001,22.550983,2016-11-03 20:31:40,0
1,113.885948,22.482317000000002,2016-11-03 20:31:42,1
3,113.927315,22.507067000000003,2016-11-03 20:31:47,1
2,114.120354,22.5446,2016-11-03 20:31:51,1
4,113.92462900000001,22.53075,2016-11-03 20:31:54,0
0,114.050919,22.550716,2016-11-03 20:31:55,0
1,113.885269,22.481082999999998,2016-11-03 20:31:57,1
2,114.119949,22.544468,2016-11-03 20:32:06,1
4,113.92462900000001,22.53075,2016-11-03 20:32:09,0
0,114.050964,22.550133,2016-11-03 20:32:10,0
1,113.884033,22.481234,2016-11-03 20:32:12,1
3,113.927803,22.504284,2016-11-03 20:32:07,1
1,113.884003,22.481251,2016-11-03 20:32:20,0
0,114.051033,22.549917,2016-11-03 20:32:25,0
4,113.92462900000001,22.53075,2016-11-03 20:32:24,0
1,113.884018,22.481268,2016-11-03 20:32:35,0
3,113.927986,22.503151000000003,2016-11-03 20:32:27,1
4,113.92462900000001,22.53075,2016-11-03 20:32:39,0
0,114.051033,22.549601000000003,2016-11-03 20:32:40,0
3,113.927986,22.503151000000003,2016-11-03 20:32:47,1
1,113.884033,22.481282999999998,2016-11-03 20:32:50,0
4,113.92462900000001,22.53075,2016-11-03 20:32:54,0
1,113.88398000000001,22.4813,2016-11-03 20:33:04,0
0,114.051483,22.549333999999998,2016-11-03 20:32:55,0
3,113.92808500000001,22.502684,2016-11-03 20:33:07,1
0,114.052696,22.549432999999997,2016-11-03 20:33:10,0
4,113.92462900000001,22.53075,2016-11-03 20:33:08,0
1,113.88483400000001,22.480883,2016-11-03 20:33:20,0
0,114.052879,22.549367999999998,2016-11-03 20:33:25,0
4,113.92462900000001,22.53075,2016-11-03 20:33:23,0
3,113.92868,22.499782999999997,2016-11-03 20:33:27,1
1,113.88548300000001,22.481333,2016-11-03 20:33:35,0
0,114.052948,22.549351,2016-11-03 20:33:40,0
1,113.885681,22.481716,2016-11-03 20:33:43,0
4,113.92462900000001,22.53075,2016-11-03 20:33:38,0
3,113.92939799999999,22.496149,2016-11-03 20:33:47,1
0,114.053917,22.549351,2016-11-03 20:33:55,0
4,113.92462900000001,22.53075,2016-11-03 20:33:53,0
1,113.885902,22.482134,2016-11-03 20:33:58,0
3,113.929901,22.493917,2016-11-03 20:34:07,1
4,113.92462900000001,22.53075,2016-11-03 20:34:08,0
0,114.055229,22.549367999999998,2016-11-03 20:34:10,0
1,113.886032,22.482317000000002,2016-11-03 20:34:13,0
4,113.92462900000001,22.53075,2016-11-03 20:34:23,0
0,114.05555,22.549432999999997,2016-11-03 20:34:25,0
3,113.929901,22.493868,2016-11-03 20:34:27,1
1,113.886002,22.482349,2016-11-03 20:34:28,0
4,113.92462900000001,22.53075,2016-11-03 20:34:38,0
0,114.05476399999999,22.54945,2016-11-03 20:34:40,0
2,114.11893500000001,22.543982999999997,2016-11-03 20:34:42,0
1,113.886017,22.482384,2016-11-03 20:34:43,0
3,113.930153,22.492967999999998,2016-11-03 20:34:47,1
2,114.119064,22.543882,2016-11-03 20:34:49,0
4,113.92462900000001,22.53075,2016-11-03 20:34:53,0
0,114.05381799999999,22.549367999999998,2016-11-03 20:34:55,0
1,113.88563500000001,22.4827,2016-11-03 20:34:58,0
2,114.11896499999999,22.54385,2016-11-03 20:35:04,0
3,113.93076299999998,22.4911,2016-11-03 20:35:07,1
4,113.92462900000001,22.53075,2016-11-03 20:35:08,0
0,114.052917,22.5494,2016-11-03 20:35:10,0
1,113.88483400000001,22.483067000000002,2016-11-03 20:35:13,0
2,114.118752,22.544132,2016-11-03 20:35:19,0
4,113.92462900000001,22.53075,2016-11-03 20:35:23,0
0,114.052269,22.5494,2016-11-03 20:35:25,0
3,113.92988600000001,22.490833,2016-11-03 20:35:27,1
1,113.884621,22.483183,2016-11-03 20:35:28,0
2,114.11876699999999,22.544082999999997,2016-11-03 20:35:27,0
3,113.929718,22.490801,2016-11-03 20:35:33,0
4,113.92462900000001,22.53075,2016-11-03 20:35:38,0
0,114.05117,22.549298999999998,2016-11-03 20:35:40,0
2,114.11896499999999,22.543966,2016-11-03 20:35:42,0
1,113.884598,22.4832,2016-11-03 20:35:43,0
1,113.884583,22.483183,2016-11-03 20:35:51,0
3,113.929718,22.490801,2016-11-03 20:35:53,0
4,113.92462900000001,22.53075,2016-11-03 20:35:53,0
0,114.050949,22.548517,2016-11-03 20:35:55,0
2,114.11882,22.5438,2016-11-03 20:35:57,0
1,113.884354,22.483217,2016-11-03 20:36:06,1
4,113.92462900000001,22.53075,2016-11-03 20:36:08,0
0,114.05098000000001,22.547817000000002,2016-11-03 20:36:10,0
2,114.11837,22.54385,2016-11-03 20:36:12,0
3,113.929718,22.490801,2016-11-03 20:36:13,0
1,113.884514,22.483048999999998,2016-11-03 20:36:22,1
4,113.92462900000001,22.53075,2016-11-03 20:36:23,0
0,114.05098000000001,22.547817000000002,2016-11-03 20:36:25,0
2,114.11828600000001,22.543917,2016-11-03 20:36:27,0
1,113.88501699999999,22.482967000000002,2016-11-03 20:36:30,1
3,113.92921399999999,22.490582999999997,2016-11-03 20:36:33,0
4,113.92462900000001,22.53075,2016-11-03 20:36:38,0
0,114.051102,22.547732999999997,2016-11-03 20:36:40,0
2,114.11801899999999,22.544067000000002,2016-11-03 20:36:42,0
1,113.886101,22.482416,2016-11-03 20:36:45,1
1,113.886765,22.482149,2016-11-03 20:36:53,1
3,113.92988600000001,22.490816,2016-11-03 20:36:53,0
4,113.92462900000001,22.53075,2016-11-03 20:36:53,0
0,114.051399,22.547068,2016-11-03 20:36:55,0
2,114.11801899999999,22.544067000000002,2016-11-03 20:36:57,0
1,113.88760400000001,22.483183,2016-11-03 20:37:08,1
4,113.92462900000001,22.53075,2016-11-03 20:37:08,0
0,114.05111699999999,22.546066,2016-11-03 20:37:10,0
2,114.11705,22.5446,2016-11-03 20:37:12,0
3,113.92998500000002,22.490883,2016-11-03 20:37:13,0
1,113.888046,22.484068,2016-11-03 20:37:16,1
4,113.92462900000001,22.53075,2016-11-03 20:37:23,0
0,114.05108600000001,22.545782,2016-11-03 20:37:24,0
2,114.116249,22.545382999999998,2016-11-03 20:37:27,0
3,113.929832,22.491516,2016-11-03 20:37:33,0
4,113.92462900000001,22.53075,2016-11-03 20:37:38,0
0,114.05127,22.54575,2016-11-03 20:37:40,0
1,113.888199,22.484282999999998,2016-11-03 20:37:40,1
2,114.116249,22.545382999999998,2016-11-03 20:37:42,0
1,113.888199,22.484282999999998,2016-11-03 20:37:46,1
3,113.929565,22.491817,2016-11-03 20:37:53,0
4,113.92462900000001,22.53075,2016-11-03 20:37:53,0
0,114.051331,22.545401000000002,2016-11-03 20:37:55,0
2,114.116249,22.545382999999998,2016-11-03 20:37:57,0
1,113.888535,22.489866,2016-11-03 20:38:01,1
1,113.88838200000001,22.49065,2016-11-03 20:38:09,1
4,113.92462900000001,22.53075,2016-11-03 20:38:08,0
0,114.051147,22.543882,2016-11-03 20:38:10,0
2,114.11318200000001,22.546682,2016-11-03 20:38:12,0
3,113.929565,22.491817,2016-11-03 20:38:13,0
4,113.92462900000001,22.53075,2016-11-03 20:38:23,0
1,113.8881,22.4928,2016-11-03 20:38:24,1
0,114.05111699999999,22.54215,2016-11-03 20:38:25,0
2,114.12088,22.541901,2016-11-03 20:38:27,0
1,113.88791699999999,22.49395,2016-11-03 20:38:32,1
3,113.92935200000001,22.493017000000002,2016-11-03 20:38:33,0
4,113.92462900000001,22.53075,2016-11-03 20:38:38,0
2,114.117332,22.54435,2016-11-03 20:38:42,0
0,114.05111699999999,22.540216,2016-11-03 20:38:40,0
1,113.887215,22.495983,2016-11-03 20:38:47,1
2,114.11737099999999,22.54455,2016-11-03 20:38:50,0
4,113.92462900000001,22.53075,2016-11-03 20:38:53,0
3,113.92976399999999,22.4932,2016-11-03 20:38:54,0
0,114.05113200000001,22.539883,2016-11-03 20:38:55,0
1,113.886032,22.49835,2016-11-03 20:39:02,1
2,114.11731699999999,22.54505,2016-11-03 20:39:05,0
4,113.92462900000001,22.53075,2016-11-03 20:39:08,0
0,114.05113200000001,22.539883,2016-11-03 20:39:10,0
3,113.92976399999999,22.4932,2016-11-03 20:39:14,0
1,113.88531499999999,22.500017,2016-11-03 20:39:17,1
0,114.05153700000001,22.539717,2016-11-03 20:39:25,0
4,113.92462900000001,22.53075,2016-11-03 20:39:23,0
2,114.11782099999999,22.547367,2016-11-03 20:39:27,0
2,114.117851,22.547501,2016-11-03 20:39:29,0
1,113.88641399999999,22.501051,2016-11-03 20:39:26,1
1,113.887253,22.501917000000002,2016-11-03 20:39:32,1
3,113.92976399999999,22.4932,2016-11-03 20:39:34,0
2,114.11782099999999,22.5481,2016-11-03 20:39:36,0
4,113.92462900000001,22.53075,2016-11-03 20:39:38,0
0,114.052429,22.539351,2016-11-03 20:39:40,0
1,113.888351,22.503517000000002,2016-11-03 20:39:47,1
2,114.11805,22.548668,2016-11-03 20:39:51,0
3,113.930847,22.493433,2016-11-03 20:39:54,0
4,113.92462900000001,22.53075,2016-11-03 20:39:53,0
0,114.05318500000001,22.539417,2016-11-03 20:39:55,0
2,114.117447,22.54785,2016-11-03 20:40:06,0
4,113.92462900000001,22.53075,2016-11-03 20:40:08,0
1,113.88932,22.505051,2016-11-03 20:40:11,1
0,114.05318500000001,22.539417,2016-11-03 20:40:10,0
3,113.930847,22.493433,2016-11-03 20:40:14,0
1,113.889381,22.505032999999997,2016-11-03 20:40:17,1
2,114.11831699999999,22.5478,2016-11-03 20:40:21,0
4,113.92462900000001,22.53075,2016-11-03 20:40:23,0
0,114.05318500000001,22.539417,2016-11-03 20:40:25,0
1,113.889618,22.505466000000002,2016-11-03 20:40:32,1
3,113.931633,22.4925,2016-11-03 20:40:34,0
2,114.11876699999999,22.548717,2016-11-03 20:40:36,0
4,113.92462900000001,22.53075,2016-11-03 20:40:38,0
0,114.05308500000001,22.539516,2016-11-03 20:40:40,0
2,114.118797,22.5478,2016-11-03 20:40:44,0
1,113.89036599999999,22.50675,2016-11-03 20:40:47,1
3,113.932083,22.491417000000002,2016-11-03 20:40:54,0
4,113.92462900000001,22.53075,2016-11-03 20:40:53,0
0,114.05383300000001,22.539516,2016-11-03 20:40:55,0
2,114.119698,22.54755,2016-11-03 20:40:59,0
1,113.891586,22.508617,2016-11-03 20:41:02,1
4,113.92462900000001,22.53075,2016-11-03 20:41:09,0
0,114.05513,22.539516,2016-11-03 20:41:10,0
3,113.932083,22.491417000000002,2016-11-03 20:41:14,0
2,114.12103300000001,22.547832,2016-11-03 20:41:14,0
3,113.932083,22.491417000000002,2016-11-03 20:41:14,1
4,113.92462900000001,22.53075,2016-11-03 20:41:24,0
0,114.055931,22.539316,2016-11-03 20:41:25,0
1,113.89315,22.510932999999998,2016-11-03 20:41:26,1
2,114.12186399999999,22.547783,2016-11-03 20:41:29,0
3,113.932549,22.49155,2016-11-03 20:41:34,1
4,113.92462900000001,22.53075,2016-11-03 20:41:38,0
0,114.056,22.538532,2016-11-03 20:41:40,0
2,114.12181899999999,22.547832,2016-11-03 20:41:44,0
2,114.12181899999999,22.547832,2016-11-03 20:41:52,0
3,113.93171699999999,22.492382,2016-11-03 20:41:54,1
4,113.92462900000001,22.53075,2016-11-03 20:41:53,0
0,114.055931,22.538,2016-11-03 20:41:55,0
1,113.897003,22.511101,2016-11-03 20:42:03,1
2,114.12286399999999,22.546867000000002,2016-11-03 20:42:06,0
4,113.92462900000001,22.53075,2016-11-03 20:42:08,0
0,114.056,22.537933,2016-11-03 20:42:10,0
3,113.93146499999999,22.49345,2016-11-03 20:42:14,1
4,113.92462900000001,22.53075,2016-11-03 20:42:23,0
0,114.05598400000001,22.537634,2016-11-03 20:42:25,0
2,114.117065,22.546682,2016-11-03 20:42:22,0
3,113.93121299999999,22.493482999999998,2016-11-03 20:42:34,1
4,113.92462900000001,22.53075,2016-11-03 20:42:38,0
0,114.056831,22.537482999999998,2016-11-03 20:42:40,0
2,114.11657,22.546551,2016-11-03 20:42:31,0
3,113.930016,22.493834,2016-11-03 20:42:54,1
4,113.92462900000001,22.53075,2016-11-03 20:42:53,0
0,114.057549,22.5375,2016-11-03 20:42:55,0
4,113.92462900000001,22.53075,2016-11-03 20:43:09,0
0,114.057533,22.537518,2016-11-03 20:43:10,0
3,113.92939799999999,22.496482999999998,2016-11-03 20:43:14,1
4,113.92462900000001,22.53075,2016-11-03 20:43:23,0
0,114.05736499999999,22.537701000000002,2016-11-03 20:43:25,0
3,113.92908500000001,22.4977,2016-11-03 20:43:34,1
2,114.11801899999999,22.546432,2016-11-03 20:42:37,0
2,114.11786699999999,22.546417,2016-11-03 20:42:45,0
2,114.117851,22.546467,2016-11-03 20:42:54,0
2,114.11783600000001,22.54645,2016-11-03 20:43:00,0
2,114.11788200000001,22.546482,2016-11-03 20:43:07,0
2,114.11792,22.546482,2016-11-03 20:43:09,0
2,114.11792,22.546499,2016-11-03 20:43:16,0
2,114.11788200000001,22.546534,2016-11-03 20:43:24,0
2,114.11788200000001,22.546534,2016-11-03 20:43:25,0
4,113.92462900000001,22.53075,2016-11-03 20:43:39,0
2,114.117729,22.546534,2016-11-03 20:43:39,0
0,114.05819699999999,22.537666,2016-11-03 20:43:40,0
3,113.92908500000001,22.4977,2016-11-03 20:43:54,1
2,114.11591299999999,22.546332999999997,2016-11-03 20:43:54,0
0,114.059448,22.537634,2016-11-03 20:43:55,0
2,114.113747,22.545967,2016-11-03 20:44:09,0
0,114.060799,22.5376,2016-11-03 20:44:10,0
3,113.92908500000001,22.4977,2016-11-03 20:44:14,1
2,114.113449,22.54595,2016-11-03 20:44:17,0
4,113.92462900000001,22.53075,2016-11-03 20:44:24,0
0,114.06183600000001,22.537533,2016-11-03 20:44:25,0
2,114.113449,22.54595,2016-11-03 20:44:32,0
3,113.92908500000001,22.4977,2016-11-03 20:44:34,1
4,113.92462900000001,22.53075,2016-11-03 20:44:38,0
0,114.06226299999999,22.537567000000003,2016-11-03 20:44:40,0
3,113.929001,22.498217,2016-11-03 20:44:54,1
2,114.109619,22.545282,2016-11-03 20:44:47,0
4,113.92462900000001,22.53075,2016-11-03 20:44:54,0
2,114.109268,22.545601,2016-11-03 20:44:55,0
0,114.062233,22.5376,2016-11-03 20:44:55,0
4,113.92462900000001,22.53075,2016-11-03 20:45:09,0
0,114.06228600000001,22.537649,2016-11-03 20:45:10,0
2,114.10801699999999,22.545151,2016-11-03 20:45:10,0
2,114.10783400000001,22.545616,2016-11-03 20:45:18,0
4,113.92462900000001,22.53075,2016-11-03 20:45:24,0
0,114.063004,22.537916,2016-11-03 20:45:25,0
3,113.92851999999999,22.50115,2016-11-03 20:45:14,1
3,113.928215,22.502701000000002,2016-11-03 20:45:34,1
2,114.108047,22.546667000000003,2016-11-03 20:45:33,0
4,113.92462900000001,22.53075,2016-11-03 20:45:38,0
0,114.06286599999999,22.539066000000002,2016-11-03 20:45:40,0
1,113.911736,22.507982000000002,2016-11-03 20:45:42,1
1,113.911736,22.507982000000002,2016-11-03 20:45:46,1
2,114.108116,22.546801000000002,2016-11-03 20:45:48,0
1,113.940102,22.506332,2016-11-03 20:45:54,1
0,114.06278200000001,22.539949,2016-11-03 20:45:55,0
3,113.927948,22.503967000000003,2016-11-03 20:45:54,1
4,113.92462900000001,22.53075,2016-11-03 20:45:54,0
2,114.108101,22.546801000000002,2016-11-03 20:46:03,0
1,113.940147,22.505117000000002,2016-11-03 20:46:08,1
4,113.92462900000001,22.53075,2016-11-03 20:46:09,0
0,114.06295,22.540751,2016-11-03 20:46:10,0
1,113.93972,22.50485,2016-11-03 20:46:16,1
3,113.927383,22.507182999999998,2016-11-03 20:46:14,1
2,114.10781899999999,22.546967000000002,2016-11-03 20:46:18,0
4,113.92462900000001,22.53075,2016-11-03 20:46:24,0
1,113.93895,22.505383,2016-11-03 20:46:31,1
3,113.927315,22.507584,2016-11-03 20:46:34,1
0,114.06273700000001,22.542732,2016-11-03 20:46:25,0
4,113.92462900000001,22.53075,2016-11-03 20:46:39,0
0,114.06282,22.545382999999998,2016-11-03 20:46:40,0
1,113.93901799999999,22.506918,2016-11-03 20:46:46,1
3,113.927269,22.508467,2016-11-03 20:46:54,1
4,113.92462900000001,22.53075,2016-11-03 20:46:54,0
0,114.06291999999999,22.546917,2016-11-03 20:46:55,0
1,113.939232,22.507883,2016-11-03 20:47:01,1
4,113.92462900000001,22.53075,2016-11-03 20:47:09,0
0,114.063469,22.547501,2016-11-03 20:47:10,0
3,113.927536,22.511566000000002,2016-11-03 20:47:14,1
1,113.941498,22.507982000000002,2016-11-03 20:47:16,1
4,113.92462900000001,22.53075,2016-11-03 20:47:24,0
1,113.94248200000001,22.507998999999998,2016-11-03 20:47:24,1
0,114.064651,22.547501,2016-11-03 20:47:23,0
3,113.92761999999999,22.512449,2016-11-03 20:47:34,1
4,113.92462900000001,22.53075,2016-11-03 20:47:39,0
1,113.942734,22.508034,2016-11-03 20:47:39,1
0,114.066216,22.547518,2016-11-03 20:47:40,0
1,113.942764,22.508034,2016-11-03 20:47:46,1
2,114.10696399999999,22.546017000000003,2016-11-03 20:47:53,0
4,113.92462900000001,22.53075,2016-11-03 20:47:54,0
3,113.92761999999999,22.512449,2016-11-03 20:47:54,1
0,114.067146,22.54755,2016-11-03 20:47:55,0
2,114.10696399999999,22.545982000000002,2016-11-03 20:48:00,0
1,113.94283300000001,22.508017000000002,2016-11-03 20:48:02,1
4,113.92462900000001,22.53075,2016-11-03 20:48:09,0
0,114.067383,22.54755,2016-11-03 20:48:10,0
2,114.106834,22.545883,2016-11-03 20:48:16,0
3,113.92761999999999,22.512449,2016-11-03 20:48:14,1
4,113.92462900000001,22.53075,2016-11-03 20:48:24,0
2,114.10659799999999,22.545567000000002,2016-11-03 20:48:24,0
0,114.067986,22.547518,2016-11-03 20:48:25,0
3,113.927681,22.513317,2016-11-03 20:48:34,1
4,113.92462900000001,22.53075,2016-11-03 20:48:39,0
2,114.105453,22.5452,2016-11-03 20:48:39,0
0,114.06936599999999,22.547817000000002,2016-11-03 20:48:40,0
1,113.94281799999999,22.508034,2016-11-03 20:48:17,1
1,113.94281799999999,22.508034,2016-11-03 20:48:25,1
1,113.94283300000001,22.508034,2016-11-03 20:48:27,1
1,113.94288600000002,22.508034,2016-11-03 20:48:33,1
1,113.942902,22.508034,2016-11-03 20:48:41,1
1,113.942902,22.508034,2016-11-03 20:48:43,1
2,114.105453,22.5452,2016-11-03 20:48:47,0
3,113.927696,22.516018,2016-11-03 20:48:54,1
4,113.92462900000001,22.53075,2016-11-03 20:48:54,0
0,114.07048,22.548033,2016-11-03 20:48:55,0
1,113.942947,22.508034,2016-11-03 20:48:56,1
2,114.105453,22.5452,2016-11-03 20:49:02,0
4,113.92462900000001,22.53075,2016-11-03 20:49:09,0
0,114.071747,22.547983,2016-11-03 20:49:10,0
1,113.9431,22.508034,2016-11-03 20:49:11,1
3,113.92775,22.5177,2016-11-03 20:49:14,1
2,114.105453,22.5452,2016-11-03 20:49:17,1
4,113.92462900000001,22.53075,2016-11-03 20:49:24,0
0,114.072929,22.547732999999997,2016-11-03 20:49:25,0
2,114.10238600000001,22.54435,2016-11-03 20:49:26,1
1,113.94323,22.508034,2016-11-03 20:49:26,1
3,113.92775,22.518117999999998,2016-11-03 20:49:34,1
4,113.92462900000001,22.53075,2016-11-03 20:49:39,0
0,114.074852,22.547251,2016-11-03 20:49:40,0
1,113.94328300000001,22.508017000000002,2016-11-03 20:49:41,1
2,114.10126499999998,22.543484,2016-11-03 20:49:41,1
2,114.100586,22.543734,2016-11-03 20:49:49,1
4,113.92462900000001,22.53075,2016-11-03 20:49:54,0
0,114.07575200000001,22.547001,2016-11-03 20:49:55,0
3,113.928169,22.519683999999998,2016-11-03 20:49:54,1
1,113.943367,22.508017000000002,2016-11-03 20:49:56,1
2,114.10046399999999,22.54355,2016-11-03 20:50:04,1
4,113.92462900000001,22.53075,2016-11-03 20:50:09,0
0,114.07572900000001,22.546984,2016-11-03 20:50:10,0
1,113.94351999999999,22.508034,2016-11-03 20:50:11,1
3,113.930054,22.519182,2016-11-03 20:50:14,1
2,114.100403,22.54365,2016-11-03 20:50:19,1
4,113.92462900000001,22.53075,2016-11-03 20:50:24,0
0,114.07572900000001,22.546984,2016-11-03 20:50:25,0
1,113.943649,22.508051000000002,2016-11-03 20:50:26,1
2,114.09981499999999,22.543484,2016-11-03 20:50:34,1
3,113.930901,22.51935,2016-11-03 20:50:34,1
4,113.92462900000001,22.53075,2016-11-03 20:50:39,0
0,114.07572900000001,22.546984,2016-11-03 20:50:40,0
1,113.94373300000001,22.508051000000002,2016-11-03 20:50:41,1
2,114.099548,22.542683,2016-11-03 20:50:49,1
3,113.93098400000001,22.51985,2016-11-03 20:50:54,1
4,113.92462900000001,22.53075,2016-11-03 20:50:54,0
0,114.07599599999999,22.546948999999998,2016-11-03 20:50:55,0
2,114.09953300000001,22.542101000000002,2016-11-03 20:50:57,1
3,113.93098400000001,22.51985,2016-11-03 20:51:04,0
4,113.92462900000001,22.53075,2016-11-03 20:51:09,0
0,114.07710300000001,22.547033,2016-11-03 20:51:10,0
2,114.09946399999998,22.541983,2016-11-03 20:51:12,1
1,113.943832,22.508051000000002,2016-11-03 20:50:56,1
1,113.943886,22.508051000000002,2016-11-03 20:51:05,1
1,113.943947,22.508051000000002,2016-11-03 20:51:11,1
1,113.94403100000001,22.508051000000002,2016-11-03 20:51:19,1
1,113.94405400000001,22.508051000000002,2016-11-03 20:51:21,1
3,113.93098400000001,22.51985,2016-11-03 20:51:24,0
4,113.92462900000001,22.53075,2016-11-03 20:51:24,0
2,114.09953300000001,22.541918,2016-11-03 20:51:27,1
1,113.944069,22.508051000000002,2016-11-03 20:51:27,1
0,114.07811699999999,22.547016,2016-11-03 20:51:25,0
4,113.92462900000001,22.53075,2016-11-03 20:51:39,0
0,114.079048,22.547082999999997,2016-11-03 20:51:40,0
2,114.099701,22.541134,2016-11-03 20:51:42,1
3,113.93098400000001,22.51985,2016-11-03 20:51:44,0
4,113.92462900000001,22.53075,2016-11-03 20:51:54,0
0,114.079803,22.547082999999997,2016-11-03 20:51:55,0
2,114.09958600000002,22.539818,2016-11-03 20:51:57,1
3,113.93098400000001,22.51985,2016-11-03 20:52:04,0
1,113.94442,22.508051000000002,2016-11-03 20:51:51,1
1,113.94467900000001,22.508034,2016-11-03 20:51:57,1
1,113.944984,22.508034,2016-11-03 20:52:05,1
1,113.94508400000001,22.508034,2016-11-03 20:52:07,1
0,114.080704,22.547033,2016-11-03 20:52:10,0
4,113.92462900000001,22.53075,2016-11-03 20:52:09,0
1,113.945351,22.508051000000002,2016-11-03 20:52:13,1
2,114.09953300000001,22.538567,2016-11-03 20:52:20,1
3,113.93098400000001,22.51985,2016-11-03 20:52:24,0
4,113.92462900000001,22.53075,2016-11-03 20:52:24,0
0,114.0812,22.546948999999998,2016-11-03 20:52:25,0
1,113.946053,22.508051000000002,2016-11-03 20:52:28,1
4,113.92462900000001,22.53075,2016-11-03 20:52:39,0
0,114.082031,22.546967000000002,2016-11-03 20:52:40,0
3,113.93098400000001,22.51985,2016-11-03 20:52:44,0
4,113.92462900000001,22.53075,2016-11-03 20:52:54,0
0,114.08294699999999,22.547033,2016-11-03 20:52:55,0
3,113.93211399999998,22.5212,2016-11-03 20:53:04,0
4,113.92462900000001,22.53075,2016-11-03 20:53:09,0
0,114.08384699999999,22.547082999999997,2016-11-03 20:53:10,0
1,113.94677,22.508017000000002,2016-11-03 20:52:43,1
1,113.947052,22.507998999999998,2016-11-03 20:52:52,1
1,113.947235,22.507967,2016-11-03 20:52:58,1
1,113.947433,22.507832999999998,2016-11-03 20:53:07,1
1,113.947464,22.507767,2016-11-03 20:53:08,1
3,113.93203000000001,22.521116,2016-11-03 20:53:24,0
1,113.947479,22.507601,2016-11-03 20:53:14,1
4,113.92462900000001,22.53075,2016-11-03 20:53:24,0
1,113.94735,22.507351,2016-11-03 20:53:22,1
0,114.08429699999999,22.547132,2016-11-03 20:53:25,0
2,114.088867,22.537717999999998,2016-11-03 20:53:37,1
1,113.94686899999999,22.507317,2016-11-03 20:53:37,1
4,113.92462900000001,22.53075,2016-11-03 20:53:39,0
2,114.088486,22.537617,2016-11-03 20:53:40,1
0,114.084732,22.547167,2016-11-03 20:53:40,0
3,113.93168600000001,22.520884,2016-11-03 20:53:44,0
1,113.94661699999999,22.508301,2016-11-03 20:53:53,1
4,113.92462900000001,22.53075,2016-11-03 20:53:54,0
0,114.085617,22.547199,2016-11-03 20:53:55,0
2,114.08508300000001,22.537268,2016-11-03 20:53:57,1
3,113.931602,22.521116,2016-11-03 20:54:04,0
4,113.92462900000001,22.53075,2016-11-03 20:54:09,0
2,114.08298500000001,22.537167,2016-11-03 20:54:10,1
0,114.086548,22.547216,2016-11-03 20:54:10,0
3,113.933746,22.521334,2016-11-03 20:54:24,0
4,113.92462900000001,22.53075,2016-11-03 20:54:24,0
2,114.08086399999999,22.537032999999997,2016-11-03 20:54:25,1
0,114.086868,22.547182,2016-11-03 20:54:25,0
4,113.92462900000001,22.53075,2016-11-03 20:54:27,1
2,114.07948300000001,22.53595,2016-11-03 20:54:40,1
0,114.08751699999999,22.547216,2016-11-03 20:54:40,0
4,113.925079,22.531717,2016-11-03 20:54:42,1
1,113.94703700000001,22.5109,2016-11-03 20:54:23,1
1,113.94726599999998,22.511682999999998,2016-11-03 20:54:31,1
1,113.94733400000001,22.511932,2016-11-03 20:54:32,1
1,113.947479,22.512617000000002,2016-11-03 20:54:38,1
1,113.947701,22.513666,2016-11-03 20:54:47,1
3,113.933746,22.521334,2016-11-03 20:54:44,0
2,114.078331,22.534032999999997,2016-11-03 20:54:55,1
0,114.087616,22.547234,2016-11-03 20:54:55,0
4,113.92598000000001,22.5334,2016-11-03 20:54:57,1
1,113.94816599999999,22.516282999999998,2016-11-03 20:55:02,1
3,113.933746,22.521334,2016-11-03 20:55:04,0
3,113.933746,22.521334,2016-11-03 20:55:10,1
2,114.077385,22.532467,2016-11-03 20:55:10,1
0,114.087616,22.547234,2016-11-03 20:55:09,0
4,113.92688000000001,22.5352,2016-11-03 20:55:12,1
1,113.948502,22.518417000000003,2016-11-03 20:55:17,1
0,114.087616,22.547234,2016-11-03 20:55:25,0
2,114.07547,22.531882999999997,2016-11-03 20:55:25,1
4,113.927132,22.537067,2016-11-03 20:55:27,1
3,113.933884,22.522051,2016-11-03 20:55:30,1
2,114.074669,22.531933,2016-11-03 20:55:32,1
1,113.94883,22.521048999999998,2016-11-03 20:55:32,1
1,113.948952,22.522033999999998,2016-11-03 20:55:40,1
0,114.08843200000001,22.547251,2016-11-03 20:55:40,0
4,113.92710100000001,22.539,2016-11-03 20:55:42,1
2,114.072502,22.531834,2016-11-03 20:55:47,1
3,113.93512,22.521967,2016-11-03 20:55:50,1
1,113.949097,22.523032999999998,2016-11-03 20:55:55,1
4,113.92710100000001,22.540533,2016-11-03 20:55:57,1
2,114.070297,22.5319,2016-11-03 20:56:02,1
0,114.089249,22.547234,2016-11-03 20:55:55,0
1,113.95047,22.523417000000002,2016-11-03 20:56:10,1
3,113.93515,22.52195,2016-11-03 20:56:10,1
0,114.09061399999999,22.547251,2016-11-03 20:56:10,0
4,113.927071,22.541866,2016-11-03 20:56:12,1
2,114.067314,22.531682999999997,2016-11-03 20:56:17,1
1,113.95138500000002,22.523367,2016-11-03 20:56:25,1
4,113.927048,22.5436,2016-11-03 20:56:27,1
3,113.935852,22.5219,2016-11-03 20:56:30,1
2,114.064415,22.531651,2016-11-03 20:56:32,1
0,114.091049,22.546249,2016-11-03 20:56:25,0
1,113.953217,22.52335,2016-11-03 20:56:40,1
2,114.0616,22.531967,2016-11-03 20:56:41,1
4,113.92714699999999,22.545417999999998,2016-11-03 20:56:42,1
3,113.93656899999999,22.523216,2016-11-03 20:56:50,1
1,113.956253,22.523032999999998,2016-11-03 20:56:55,1
0,114.09108,22.545601,2016-11-03 20:56:40,0
0,114.09108,22.545601,2016-11-03 20:56:54,0
4,113.92786399999999,22.54735,2016-11-03 20:56:57,1
2,114.05821999999999,22.531567000000003,2016-11-03 20:57:04,1
1,113.959686,22.522699,2016-11-03 20:57:10,1
3,113.938721,22.524082,2016-11-03 20:57:10,1
0,114.09108,22.545601,2016-11-03 20:57:10,0
4,113.928551,22.548883,2016-11-03 20:57:12,1
2,114.05484799999999,22.531482999999998,2016-11-03 20:57:19,1
1,113.96266899999999,22.522699,2016-11-03 20:57:25,1
0,114.091103,22.5453,2016-11-03 20:57:25,0
2,114.05341299999999,22.5315,2016-11-03 20:57:27,1
3,113.94201699999999,22.52405,2016-11-03 20:57:30,1
4,113.92876399999999,22.550532999999998,2016-11-03 20:57:27,1
0,114.09116399999999,22.543633,2016-11-03 20:57:40,0
2,114.05086499999999,22.531549,2016-11-03 20:57:42,1
4,113.92868,22.552334,2016-11-03 20:57:42,1
3,113.944946,22.523951,2016-11-03 20:57:50,1
1,113.96603400000001,22.522717,2016-11-03 20:57:40,1
1,113.967651,22.522717,2016-11-03 20:57:48,1
1,113.967651,22.522717,2016-11-03 20:57:49,1
1,113.96933,22.522734,2016-11-03 20:57:56,1
0,114.091148,22.543568,2016-11-03 20:57:55,0
2,114.050697,22.531549,2016-11-03 20:57:57,1
4,113.92863500000001,22.55435,2016-11-03 20:57:57,1
0,114.091385,22.543233999999998,2016-11-03 20:58:10,0
1,113.97213,22.522766,2016-11-03 20:58:11,1
2,114.050697,22.531549,2016-11-03 20:58:12,1
2,114.050697,22.531549,2016-11-03 20:58:20,1
1,113.975449,22.522783,2016-11-03 20:58:26,1
3,113.9468,22.523701000000003,2016-11-03 20:58:10,1
4,113.928734,22.55645,2016-11-03 20:58:12,1
4,113.928947,22.558483,2016-11-03 20:58:27,1
3,113.948334,22.522301000000002,2016-11-03 20:58:30,1
0,114.092697,22.543266,2016-11-03 20:58:25,0
2,114.04133600000002,22.531067,2016-11-03 20:58:35,1
4,113.9291,22.5606,2016-11-03 20:58:42,1
1,113.97843200000001,22.522818,2016-11-03 20:58:41,1
2,114.040581,22.530967999999998,2016-11-03 20:58:42,1
3,113.949234,22.523968,2016-11-03 20:58:50,1
4,113.929047,22.562851000000002,2016-11-03 20:58:57,1
1,113.98186499999998,22.5229,2016-11-03 20:58:56,1
2,114.040001,22.530898999999998,2016-11-03 20:58:57,1
1,113.98468000000001,22.523267999999998,2016-11-03 20:59:11,1
4,113.92903100000001,22.565399,2016-11-03 20:59:12,1
1,113.98771699999999,22.52405,2016-11-03 20:59:26,1
2,114.032936,22.530282999999997,2016-11-03 20:59:21,1
2,114.032936,22.530282999999997,2016-11-03 20:59:22,1
4,113.92896999999999,22.567516,2016-11-03 20:59:27,1
2,114.03133400000002,22.530333,2016-11-03 20:59:29,1
1,113.990265,22.525066,2016-11-03 20:59:41,1
4,113.92896999999999,22.569782,2016-11-03 20:59:42,1
2,114.028999,22.53055,2016-11-03 20:59:44,1
1,113.992981,22.526518,2016-11-03 20:59:56,1
4,113.928665,22.5721,2016-11-03 20:59:57,1
2,114.02676399999999,22.531098999999998,2016-11-03 20:59:59,1
3,113.94963100000001,22.527067000000002,2016-11-03 20:59:13,1
3,113.949867,22.528883,2016-11-03 20:59:33,1
3,113.949982,22.529867000000003,2016-11-03 20:59:53,1
3,113.949982,22.529867000000003,2016-11-03 21:00:01,1
1,113.994202,22.527267000000002,2016-11-03 21:00:04,1
2,114.02676399999999,22.531098999999998,2016-11-03 21:00:07,1
0,114.09508500000001,22.5415,2016-11-03 21:00:09,0
0,114.09508500000001,22.5415,2016-11-03 21:00:10,0
4,113.927452,22.5741,2016-11-03 21:00:12,1
1,113.99621599999999,22.528482,2016-11-03 21:00:19,1
3,113.949982,22.529867000000003,2016-11-03 21:00:22,1
0,114.09488700000001,22.541451000000002,2016-11-03 21:00:23,0
2,114.02676399999999,22.531098999999998,2016-11-03 21:00:22,1
4,113.925949,22.575782999999998,2016-11-03 21:00:27,1
1,113.99866499999999,22.529516,2016-11-03 21:00:34,1
2,114.0187,22.532017,2016-11-03 21:00:37,1
0,114.093636,22.54155,2016-11-03 21:00:38,1
3,113.95008100000001,22.531982,2016-11-03 21:00:42,1
4,113.92518600000001,22.578117000000002,2016-11-03 21:00:42,1
3,113.95038600000001,22.5352,2016-11-03 21:01:02,1
2,114.01799799999999,22.531982,2016-11-03 21:00:52,1
3,113.951752,22.5375,2016-11-03 21:01:22,1
4,113.925049,22.579718,2016-11-03 21:01:27,1
4,113.92503400000001,22.582017999999998,2016-11-03 21:01:42,1
2,114.01799799999999,22.531982,2016-11-03 21:01:30,1
1,114.00904799999999,22.5296,2016-11-03 21:01:34,1
4,113.925049,22.584101,2016-11-03 21:01:57,1
2,114.01799799999999,22.531982,2016-11-03 21:01:45,1
1,114.011719,22.530082999999998,2016-11-03 21:01:49,1
3,113.95324699999999,22.539949,2016-11-03 21:02:02,1
2,114.01799799999999,22.531982,2016-11-03 21:01:52,1
4,113.92669699999999,22.584432999999997,2016-11-03 21:02:12,1
2,114.01799799999999,22.531982,2016-11-03 21:02:08,1
4,113.92916899999999,22.584232,2016-11-03 21:02:27,1
1,114.017319,22.531366000000002,2016-11-03 21:02:19,1
2,114.01799799999999,22.531982,2016-11-03 21:02:22,1
3,113.95446799999999,22.545816000000002,2016-11-03 21:02:42,1
4,113.93184699999999,22.583482999999998,2016-11-03 21:02:42,1
0,114.090668,22.538232999999998,2016-11-03 21:02:23,1
0,114.090469,22.538183,2016-11-03 21:02:25,1
1,114.020149,22.531933,2016-11-03 21:02:34,1
0,114.08899699999999,22.537817,2016-11-03 21:02:36,1
2,114.01799799999999,22.531982,2016-11-03 21:02:37,1
1,114.02148400000002,22.532,2016-11-03 21:02:42,1
4,113.93229699999999,22.583384,2016-11-03 21:02:57,1
0,114.08633400000001,22.537482999999998,2016-11-03 21:02:51,1
2,114.01799799999999,22.531982,2016-11-03 21:02:52,1
3,113.955017,22.548683,2016-11-03 21:03:02,1
1,114.02433,22.531601000000002,2016-11-03 21:02:57,1
2,114.01799799999999,22.531982,2016-11-03 21:03:01,1
0,114.08361799999999,22.537434,2016-11-03 21:03:06,1
4,113.93229699999999,22.583384,2016-11-03 21:03:12,1
2,114.01799799999999,22.531982,2016-11-03 21:03:16,1
1,114.027649,22.53075,2016-11-03 21:03:12,1
1,114.029335,22.530367000000002,2016-11-03 21:03:20,1
3,113.95369699999999,22.551701,2016-11-03 21:03:22,1
0,114.08063500000002,22.536917000000003,2016-11-03 21:03:21,1
4,113.93229699999999,22.583384,2016-11-03 21:03:27,1
2,113.989098,22.524632999999998,2016-11-03 21:03:31,1
1,114.03228,22.530082999999998,2016-11-03 21:03:35,1
0,114.078979,22.535133,2016-11-03 21:03:36,1
3,113.95311699999999,22.555267,2016-11-03 21:03:42,1
4,113.93229699999999,22.583384,2016-11-03 21:03:42,1
2,113.989098,22.524632999999998,2016-11-03 21:03:46,1
2,113.989098,22.524632999999998,2016-11-03 21:03:54,1
1,114.03698,22.530483,2016-11-03 21:03:58,1
4,113.93438,22.583366,2016-11-03 21:03:57,1
1,114.03698,22.530483,2016-11-03 21:03:59,1
3,113.95293400000001,22.558867000000003,2016-11-03 21:04:02,1
0,114.077652,22.532618,2016-11-03 21:03:51,1
0,114.075851,22.531866,2016-11-03 21:04:06,1
2,113.989098,22.524632999999998,2016-11-03 21:04:09,1
4,113.93523400000001,22.583384,2016-11-03 21:04:12,1
0,114.0737,22.531851,2016-11-03 21:04:21,1
2,113.989098,22.524632999999998,2016-11-03 21:04:24,1
3,113.953018,22.560232,2016-11-03 21:04:22,1
1,114.03976399999999,22.530783,2016-11-03 21:04:13,1
1,114.041634,22.530983,2016-11-03 21:04:22,1
1,114.04276999999999,22.531082,2016-11-03 21:04:28,1
4,113.93523400000001,22.583384,2016-11-03 21:04:27,1
0,114.071983,22.531816,2016-11-03 21:04:36,1
2,113.989098,22.524632999999998,2016-11-03 21:04:39,1
1,114.045303,22.53125,2016-11-03 21:04:43,1
4,113.93726299999999,22.583417999999998,2016-11-03 21:04:42,1
3,113.953018,22.560867000000002,2016-11-03 21:04:42,1
0,114.069519,22.531851,2016-11-03 21:04:51,1
2,113.989098,22.524632999999998,2016-11-03 21:04:54,1
1,114.04808,22.531166,2016-11-03 21:04:58,1
4,113.93883500000001,22.583433,2016-11-03 21:04:57,1
3,113.953018,22.562148999999998,2016-11-03 21:05:02,1
0,114.067047,22.531866,2016-11-03 21:05:06,1
2,113.989098,22.524632999999998,2016-11-03 21:05:09,1
1,114.04995,22.531166,2016-11-03 21:05:13,1
4,113.940781,22.5835,2016-11-03 21:05:12,1
0,114.06483500000002,22.5319,2016-11-03 21:05:21,1
2,113.989098,22.524632999999998,2016-11-03 21:05:24,1
1,114.052269,22.531282,2016-11-03 21:05:28,1
4,113.943001,22.583567000000002,2016-11-03 21:05:27,1
1,114.05311599999999,22.531317,2016-11-03 21:05:36,1
0,114.06289699999999,22.532017,2016-11-03 21:05:36,1
2,113.989098,22.524632999999998,2016-11-03 21:05:39,1
4,113.94304699999999,22.583567000000002,2016-11-03 21:05:42,1
1,114.054718,22.531349,2016-11-03 21:05:51,1
0,114.06016499999998,22.531834,2016-11-03 21:05:51,1
2,113.989098,22.524632999999998,2016-11-03 21:05:54,1
4,113.94304699999999,22.583567000000002,2016-11-03 21:05:57,1
0,114.057732,22.531799,2016-11-03 21:06:06,1
4,113.94304699999999,22.583567000000002,2016-11-03 21:06:12,1
0,114.055,22.531668,2016-11-03 21:06:21,1
1,114.056816,22.531334,2016-11-03 21:06:08,1
1,114.057533,22.531317,2016-11-03 21:06:14,1
1,114.05826599999999,22.530967999999998,2016-11-03 21:06:22,1
1,114.05826599999999,22.530967999999998,2016-11-03 21:06:23,1
4,113.94304699999999,22.583567000000002,2016-11-03 21:06:27,1
1,114.058434,22.530082999999998,2016-11-03 21:06:30,1
0,114.05278,22.531668,2016-11-03 21:06:36,1
4,113.94326799999999,22.583767,2016-11-03 21:06:42,1
1,114.05873100000001,22.529284,2016-11-03 21:06:45,1
0,114.05068200000001,22.531668,2016-11-03 21:06:51,1
4,113.943253,22.5851,2016-11-03 21:06:57,1
1,114.059036,22.528098999999997,2016-11-03 21:07:00,1
0,114.05011699999999,22.532232,2016-11-03 21:07:06,1
4,113.943184,22.58605,2016-11-03 21:07:12,1
3,113.953102,22.563232,2016-11-03 21:05:18,1
3,113.95414699999999,22.564016,2016-11-03 21:05:45,1
3,113.956551,22.563667000000002,2016-11-03 21:06:05,1
3,113.960365,22.563232,2016-11-03 21:06:26,1
3,113.963783,22.5641,2016-11-03 21:06:44,1
3,113.966568,22.567766,2016-11-03 21:07:07,1
3,113.96672099999999,22.5695,2016-11-03 21:07:15,1
1,114.059067,22.528,2016-11-03 21:07:15,1
0,114.05011699999999,22.533082999999998,2016-11-03 21:07:21,1
4,113.94321399999998,22.586517,2016-11-03 21:07:27,1
1,114.05905200000001,22.528017000000002,2016-11-03 21:07:30,1
4,113.94321399999998,22.586517,2016-11-03 21:07:42,1
1,114.059036,22.528049,2016-11-03 21:07:45,1
0,114.05048400000001,22.533382,2016-11-03 21:07:36,1
0,114.05111699999999,22.533317999999998,2016-11-03 21:07:51,1
4,113.94321399999998,22.586517,2016-11-03 21:07:57,1
1,114.059097,22.527732999999998,2016-11-03 21:08:00,1
0,114.051247,22.531834,2016-11-03 21:08:06,1
1,114.05918100000001,22.527451,2016-11-03 21:08:08,1
4,113.94326799999999,22.587017000000003,2016-11-03 21:08:12,1
3,113.966652,22.573883,2016-11-03 21:07:38,1
3,113.966637,22.578484,2016-11-03 21:07:58,1
3,113.96761299999999,22.5821,2016-11-03 21:08:18,1
3,113.96788000000001,22.582567,2016-11-03 21:08:21,1
0,114.05131499999999,22.529716,2016-11-03 21:08:21,1
1,114.059402,22.526617,2016-11-03 21:08:23,1
4,113.94319899999999,22.588034,2016-11-03 21:08:27,1
1,114.05936399999999,22.5266,2016-11-03 21:08:31,1
0,114.051414,22.528433,2016-11-03 21:08:36,1
4,113.943169,22.588551000000002,2016-11-03 21:08:42,1
2,113.936798,22.524366,2016-11-03 21:08:44,1
1,114.059334,22.526449,2016-11-03 21:08:46,1
4,113.943169,22.588551000000002,2016-11-03 21:08:47,0
2,113.936699,22.524017,2016-11-03 21:08:48,1
0,114.051353,22.526867000000003,2016-11-03 21:08:51,1
1,114.05958600000001,22.525633,2016-11-03 21:09:01,1
4,113.943169,22.588551000000002,2016-11-03 21:09:02,0
2,113.936203,22.522751,2016-11-03 21:09:04,1
3,113.97101599999999,22.585367,2016-11-03 21:08:42,1
0,114.05131499999999,22.526649,2016-11-03 21:09:06,1
3,113.97485400000001,22.586166,2016-11-03 21:09:02,1
1,114.059669,22.525368,2016-11-03 21:09:09,1
4,113.943169,22.588551000000002,2016-11-03 21:09:17,0
2,113.935951,22.522249,2016-11-03 21:09:18,1
0,114.05118600000002,22.526501,2016-11-03 21:09:21,1
3,113.978729,22.586166,2016-11-03 21:09:22,1
1,114.05991399999999,22.524517000000003,2016-11-03 21:09:24,1
4,113.943169,22.588551000000002,2016-11-03 21:09:32,0
2,113.935951,22.522301000000002,2016-11-03 21:09:33,1
0,114.05131499999999,22.5257,2016-11-03 21:09:36,1
1,114.060135,22.523518,2016-11-03 21:09:39,1
4,113.943184,22.587432999999997,2016-11-03 21:09:47,0
2,113.935883,22.522217,2016-11-03 21:09:48,1
1,114.060402,22.522617,2016-11-03 21:09:54,1
3,113.982651,22.585951,2016-11-03 21:09:42,1
3,113.98663300000001,22.586517,2016-11-03 21:10:02,1
4,113.943169,22.587351,2016-11-03 21:10:02,0
1,114.06057,22.5221,2016-11-03 21:10:03,1
2,113.935547,22.521299,2016-11-03 21:10:02,1
1,114.060654,22.521667,2016-11-03 21:10:09,1
4,113.943169,22.587351,2016-11-03 21:10:17,0
2,113.93512,22.520218,2016-11-03 21:10:18,1
3,113.990303,22.587049,2016-11-03 21:10:22,1
1,114.06071499999999,22.5214,2016-11-03 21:10:24,1
4,113.943169,22.587351,2016-11-03 21:10:32,0
2,113.93457,22.518784,2016-11-03 21:10:33,1
1,114.06073,22.5214,2016-11-03 21:10:39,1
3,113.993431,22.588133,2016-11-03 21:10:42,1
4,113.94331399999999,22.587116,2016-11-03 21:10:47,0
2,113.933899,22.518499,2016-11-03 21:10:48,1
1,114.06071499999999,22.521383,2016-11-03 21:10:54,1
1,114.06071499999999,22.5214,2016-11-03 21:11:02,1
3,113.996918,22.589567000000002,2016-11-03 21:11:02,1
4,113.943886,22.587116,2016-11-03 21:11:02,0
1,114.06071499999999,22.521418,2016-11-03 21:11:17,1
4,113.945251,22.587232999999998,2016-11-03 21:11:17,0
3,114.0009,22.590816,2016-11-03 21:11:22,1
1,114.06073,22.521418,2016-11-03 21:11:25,1
4,113.94545,22.5872,2016-11-03 21:11:32,0
1,114.060753,22.521366,2016-11-03 21:11:40,1
3,114.0047,22.590782,2016-11-03 21:11:42,1
4,113.94545,22.5872,2016-11-03 21:11:47,0
1,114.061035,22.520917999999998,2016-11-03 21:11:55,1
3,114.00853000000001,22.590183,2016-11-03 21:12:02,1
4,113.94654799999999,22.587232999999998,2016-11-03 21:12:02,0
2,113.93263200000001,22.5184,2016-11-03 21:11:03,1
2,113.932449,22.518482000000002,2016-11-03 21:11:11,1
2,113.932503,22.518632999999998,2016-11-03 21:11:12,0
1,114.06176799999999,22.520201,2016-11-03 21:12:10,1
4,113.94798300000001,22.587267,2016-11-03 21:12:17,0
0,114.046448,22.514282,2016-11-03 21:12:20,1
3,114.01284799999999,22.590349,2016-11-03 21:12:22,1
0,114.046318,22.514282,2016-11-03 21:12:22,1
1,114.061852,22.520018,2016-11-03 21:12:25,0
2,113.932152,22.519083,2016-11-03 21:12:30,0
2,113.93218200000001,22.519033,2016-11-03 21:12:32,0
4,113.949501,22.586832,2016-11-03 21:12:32,0
0,114.045166,22.514317000000002,2016-11-03 21:12:33,1
1,114.06188200000001,22.520018,2016-11-03 21:12:40,0
3,114.016586,22.591566,2016-11-03 21:12:42,1
0,114.044449,22.5144,2016-11-03 21:12:49,0
2,113.93271599999999,22.518383,2016-11-03 21:12:51,0
1,114.061897,22.520032999999998,2016-11-03 21:12:55,0
4,113.949669,22.585898999999998,2016-11-03 21:12:47,0
2,113.932999,22.519051,2016-11-03 21:13:02,0
3,114.019997,22.592716,2016-11-03 21:13:02,1
4,113.949471,22.584383,2016-11-03 21:13:02,0
1,114.061897,22.520018,2016-11-03 21:13:03,0
0,114.044449,22.5144,2016-11-03 21:13:03,0
2,113.933052,22.519501,2016-11-03 21:13:16,0
1,114.06192,22.52,2016-11-03 21:13:18,0
0,114.044449,22.5144,2016-11-03 21:13:18,0
4,113.949448,22.584132999999998,2016-11-03 21:13:17,0
3,114.023117,22.593782,2016-11-03 21:13:22,1
2,113.933319,22.519068,2016-11-03 21:13:31,0
4,113.949448,22.584132999999998,2016-11-03 21:13:32,0
1,114.061485,22.519582999999997,2016-11-03 21:13:33,0
0,114.043953,22.514433,2016-11-03 21:13:33,0
3,114.026131,22.594566,2016-11-03 21:13:42,1
2,113.933502,22.520483,2016-11-03 21:13:46,0
4,113.949448,22.584132999999998,2016-11-03 21:13:47,0
1,114.060783,22.518984,2016-11-03 21:13:48,0
0,114.043198,22.514532,2016-11-03 21:13:48,0
2,113.933502,22.520483,2016-11-03 21:14:00,0
4,113.949448,22.584132999999998,2016-11-03 21:14:02,0
3,114.029671,22.5949,2016-11-03 21:14:02,1
0,114.04246499999999,22.514633,2016-11-03 21:14:03,0
2,113.933502,22.520483,2016-11-03 21:14:16,0
0,114.042,22.514584,2016-11-03 21:14:18,0
4,113.949448,22.584132999999998,2016-11-03 21:14:17,0
3,114.03358500000002,22.594534,2016-11-03 21:14:22,1
2,113.933502,22.520483,2016-11-03 21:14:31,0
4,113.949348,22.582884,2016-11-03 21:14:32,0
0,114.041321,22.514732000000002,2016-11-03 21:14:33,0
3,114.03686499999999,22.593733,2016-11-03 21:14:42,1
2,113.933502,22.520483,2016-11-03 21:14:46,0
4,113.94915,22.581948999999998,2016-11-03 21:14:47,0
0,114.041321,22.514732000000002,2016-11-03 21:14:48,0
2,113.933502,22.520483,2016-11-03 21:15:01,0
4,113.94891399999999,22.581617,2016-11-03 21:15:02,0
0,114.041321,22.514732000000002,2016-11-03 21:15:03,0
3,114.039368,22.593082,2016-11-03 21:15:02,1
2,113.933502,22.520483,2016-11-03 21:15:16,0
4,113.948936,22.581568,2016-11-03 21:15:17,0
0,114.041321,22.514732000000002,2016-11-03 21:15:18,0
3,114.042252,22.5923,2016-11-03 21:15:22,1
1,114.059952,22.518232,2016-11-03 21:14:05,0
1,114.059547,22.51795,2016-11-03 21:14:11,0
1,114.05898300000001,22.517584,2016-11-03 21:14:18,0
1,114.05886799999999,22.5175,2016-11-03 21:14:20,0
1,114.058586,22.517232999999997,2016-11-03 21:14:26,0
1,114.05821999999999,22.516899,2016-11-03 21:14:34,0
1,114.05796799999999,22.5168,2016-11-03 21:14:36,0
1,114.05677,22.516382,2016-11-03 21:14:50,0
2,113.933502,22.520483,2016-11-03 21:15:31,0
4,113.948936,22.581568,2016-11-03 21:15:32,0
0,114.04088600000001,22.514482,2016-11-03 21:15:33,0
3,114.045868,22.591583,2016-11-03 21:15:42,1
2,113.933502,22.520483,2016-11-03 21:15:46,0
4,113.948936,22.581568,2016-11-03 21:15:47,0
0,114.04055,22.513783,2016-11-03 21:15:48,0
2,113.940804,22.520733,2016-11-03 21:16:01,0
3,114.04920200000001,22.590651,2016-11-03 21:16:02,1
4,113.948936,22.581568,2016-11-03 21:16:02,0
0,114.040535,22.513367000000002,2016-11-03 21:16:03,0
2,113.941116,22.521717000000002,2016-11-03 21:16:17,0
4,113.948936,22.581568,2016-11-03 21:16:17,0
0,114.041519,22.512951,2016-11-03 21:16:18,0
3,114.049347,22.592768,2016-11-03 21:16:22,1
2,113.941551,22.5217,2016-11-03 21:16:32,0
4,113.948936,22.581568,2016-11-03 21:16:32,0
0,114.042519,22.512732999999997,2016-11-03 21:16:33,0
3,114.04791999999999,22.594667,2016-11-03 21:16:42,1
2,113.941818,22.521683,2016-11-03 21:16:47,0
4,113.948936,22.581568,2016-11-03 21:16:47,0
0,114.043503,22.512532999999998,2016-11-03 21:16:48,0
2,113.941818,22.521683,2016-11-03 21:17:02,0
3,114.04798100000001,22.596916,2016-11-03 21:17:03,1
4,113.948936,22.581568,2016-11-03 21:17:02,0
0,114.044266,22.512432,2016-11-03 21:17:03,0
2,113.941818,22.521683,2016-11-03 21:17:17,0
4,113.948936,22.581568,2016-11-03 21:17:17,0
0,114.04456299999998,22.512432,2016-11-03 21:17:18,0
3,114.046135,22.59885,2016-11-03 21:17:23,1
2,113.943382,22.523617,2016-11-03 21:17:32,0
4,113.948936,22.581568,2016-11-03 21:17:32,0
0,114.04636399999998,22.512283,2016-11-03 21:17:34,0
3,114.04435,22.599867,2016-11-03 21:17:43,1
2,113.943634,22.523632,2016-11-03 21:17:47,0
4,113.948936,22.581568,2016-11-03 21:17:47,0
0,114.048149,22.5123,2016-11-03 21:17:48,0
2,113.943634,22.523632,2016-11-03 21:18:02,0
0,114.05011699999999,22.512417000000003,2016-11-03 21:18:04,0
4,113.948936,22.581568,2016-11-03 21:18:02,0
3,114.043747,22.601,2016-11-03 21:18:03,1
2,113.94556399999999,22.521883,2016-11-03 21:18:17,0
4,113.948936,22.581568,2016-11-03 21:18:17,0
0,114.05131499999999,22.512567999999998,2016-11-03 21:18:18,0
3,114.04393,22.602934,2016-11-03 21:18:23,1
2,113.94556399999999,22.521883,2016-11-03 21:18:32,0
4,113.948936,22.581568,2016-11-03 21:18:32,0
0,114.05266599999999,22.512716,2016-11-03 21:18:33,0
1,114.05491599999999,22.518,2016-11-03 21:18:41,0
1,114.05491599999999,22.518,2016-11-03 21:18:42,0
1,114.05491599999999,22.518,2016-11-03 21:18:43,0
3,114.046066,22.603951000000002,2016-11-03 21:18:43,1
2,113.94556399999999,22.521883,2016-11-03 21:18:47,0
4,113.948936,22.581568,2016-11-03 21:18:47,0
0,114.05286399999999,22.511932,2016-11-03 21:18:48,0
1,114.054947,22.518,2016-11-03 21:18:51,0
3,114.046783,22.604082000000002,2016-11-03 21:19:03,1
2,113.94556399999999,22.521883,2016-11-03 21:19:02,0
4,113.948936,22.581568,2016-11-03 21:19:02,0
0,114.052719,22.511351,2016-11-03 21:19:03,0
1,114.05493200000001,22.518,2016-11-03 21:19:06,0
4,113.948936,22.581568,2016-11-03 21:19:17,0
2,113.94556399999999,22.521883,2016-11-03 21:19:17,0
0,114.05273400000002,22.511183,2016-11-03 21:19:18,0
1,114.055099,22.5182,2016-11-03 21:19:21,0
3,114.046783,22.604082000000002,2016-11-03 21:19:23,1
1,114.055153,22.518351000000003,2016-11-03 21:19:29,0
2,113.94556399999999,22.521883,2016-11-03 21:19:32,0
4,113.948936,22.581568,2016-11-03 21:19:32,0
0,114.051903,22.5112,2016-11-03 21:19:33,0
3,114.047951,22.604218,2016-11-03 21:19:43,1
1,114.055397,22.517817,2016-11-03 21:19:44,0
2,113.94556399999999,22.521883,2016-11-03 21:19:47,0
4,113.948936,22.581568,2016-11-03 21:19:47,0
0,114.051483,22.512199,2016-11-03 21:19:48,0
2,113.94556399999999,22.521883,2016-11-03 21:20:02,0
3,114.049568,22.604401,2016-11-03 21:20:03,1
4,113.948936,22.581568,2016-11-03 21:20:02,0
0,114.05236799999999,22.51285,2016-11-03 21:20:04,0
1,114.055435,22.517532,2016-11-03 21:20:07,0
1,114.05542,22.517532,2016-11-03 21:20:08,0
2,113.948898,22.550068,2016-11-03 21:20:17,0
4,113.948936,22.581568,2016-11-03 21:20:17,0
0,114.05390200000001,22.513332000000002,2016-11-03 21:20:19,0
3,114.050697,22.604799,2016-11-03 21:20:23,1
2,113.948898,22.550068,2016-11-03 21:20:32,0
4,113.948936,22.581568,2016-11-03 21:20:32,0
0,114.055153,22.513718,2016-11-03 21:20:34,0
2,113.948898,22.550068,2016-11-03 21:20:47,0
4,113.948936,22.581568,2016-11-03 21:20:47,0
0,114.05526699999999,22.513817,2016-11-03 21:20:49,0
2,113.948898,22.550068,2016-11-03 21:21:02,0
4,113.948936,22.581568,2016-11-03 21:21:02,0
0,114.05526699999999,22.513817,2016-11-03 21:21:04,0
2,113.948898,22.550068,2016-11-03 21:21:17,0
4,113.948936,22.581568,2016-11-03 21:21:17,0
0,114.05555,22.514067,2016-11-03 21:21:19,0
2,113.952721,22.523283,2016-11-03 21:21:32,0
4,113.948936,22.581568,2016-11-03 21:21:32,0
0,114.055199,22.514517,2016-11-03 21:21:34,0
3,114.05218500000001,22.60565,2016-11-03 21:20:40,1
3,114.052383,22.605567999999998,2016-11-03 21:21:07,1
3,114.05304699999999,22.604782,2016-11-03 21:21:27,1
3,114.053619,22.604532,2016-11-03 21:21:43,1
2,113.955482,22.523067,2016-11-03 21:21:47,0
4,113.948936,22.581568,2016-11-03 21:21:47,0
0,114.05563400000001,22.515682,2016-11-03 21:21:49,0
2,113.95906799999999,22.522633,2016-11-03 21:22:02,0
4,113.948936,22.581568,2016-11-03 21:22:02,0
3,114.05413100000001,22.604232999999997,2016-11-03 21:22:04,1
0,114.055603,22.516701,2016-11-03 21:22:04,0
4,113.948936,22.581568,2016-11-03 21:22:17,0
2,113.96208200000001,22.522617,2016-11-03 21:22:17,0
3,114.05498500000002,22.604,2016-11-03 21:22:24,1
2,113.963852,22.522667000000002,2016-11-03 21:22:25,0
0,114.055397,22.517467,2016-11-03 21:22:19,0
4,113.948936,22.581568,2016-11-03 21:22:32,0
0,114.05538200000001,22.517517,2016-11-03 21:22:34,0
2,113.96761299999999,22.522568,2016-11-03 21:22:40,0
1,114.050949,22.515284,2016-11-03 21:22:41,1
3,114.05553400000001,22.603216,2016-11-03 21:22:44,1
3,114.05553400000001,22.603216,2016-11-03 21:22:44,0
4,113.948936,22.581568,2016-11-03 21:22:47,0
1,114.050797,22.51605,2016-11-03 21:22:49,1
0,114.055283,22.517882999999998,2016-11-03 21:22:49,0
2,113.970329,22.522699,2016-11-03 21:22:55,0
1,114.050652,22.516899,2016-11-03 21:22:58,1
4,113.949203,22.581266,2016-11-03 21:23:02,0
0,114.05518300000001,22.518316,2016-11-03 21:23:04,0
1,114.05072,22.5173,2016-11-03 21:23:04,1
3,114.05553400000001,22.603216,2016-11-03 21:23:04,0
2,113.97242,22.522667000000002,2016-11-03 21:23:10,0
4,113.949165,22.580868,2016-11-03 21:23:17,0
1,114.050835,22.51775,2016-11-03 21:23:19,1
0,114.05623600000001,22.518801,2016-11-03 21:23:19,0
3,114.05553400000001,22.603216,2016-11-03 21:23:24,0
2,113.976753,22.522751,2016-11-03 21:23:25,0
4,113.949165,22.580868,2016-11-03 21:23:32,0
1,114.050835,22.51775,2016-11-03 21:23:34,1
0,114.05823500000001,22.519567000000002,2016-11-03 21:23:34,0
2,113.980186,22.522734,2016-11-03 21:23:40,0
4,113.949165,22.580868,2016-11-03 21:23:43,1
3,114.05553400000001,22.603216,2016-11-03 21:23:44,0
1,114.050835,22.51775,2016-11-03 21:23:49,1
0,114.058899,22.519882,2016-11-03 21:23:49,0
2,113.982948,22.523001,2016-11-03 21:23:55,0
4,113.949249,22.579817000000002,2016-11-03 21:23:58,1
0,114.058899,22.519882,2016-11-03 21:24:04,0
1,114.050835,22.51775,2016-11-03 21:24:04,1
2,113.98597,22.523632,2016-11-03 21:24:10,0
3,114.05555,22.603082999999998,2016-11-03 21:24:04,0
4,113.94928,22.577999,2016-11-03 21:24:13,1
1,114.05085,22.51775,2016-11-03 21:24:19,1
0,114.05891399999999,22.520184,2016-11-03 21:24:19,0
3,114.05521399999999,22.603399,2016-11-03 21:24:24,0
2,113.988419,22.524317,2016-11-03 21:24:25,0
4,113.94936399999999,22.57625,2016-11-03 21:24:28,1
1,114.05085,22.51775,2016-11-03 21:24:34,1
0,114.05891399999999,22.52055,2016-11-03 21:24:34,0
2,113.99126399999999,22.525467000000003,2016-11-03 21:24:40,0
4,113.94938700000002,22.575899,2016-11-03 21:24:43,1
3,114.054649,22.603849,2016-11-03 21:24:45,0
0,114.058884,22.5208,2016-11-03 21:24:49,0
1,114.05085,22.51775,2016-11-03 21:24:49,1
2,113.993629,22.526817,2016-11-03 21:24:55,0
4,113.94938700000002,22.575899,2016-11-03 21:24:58,1
2,113.99456799999999,22.527416,2016-11-03 21:25:03,0
1,114.050903,22.518048999999998,2016-11-03 21:25:04,1
0,114.05898300000001,22.521217,2016-11-03 21:25:04,0
3,114.05358100000001,22.60445,2016-11-03 21:25:05,0
4,113.949402,22.575567000000003,2016-11-03 21:25:13,1
2,113.99456799999999,22.527416,2016-11-03 21:25:18,0
1,114.04985,22.518333,2016-11-03 21:25:19,1
0,114.058998,22.521883,2016-11-03 21:25:19,0
3,114.052567,22.605183,2016-11-03 21:25:25,0
1,114.048767,22.518467,2016-11-03 21:25:27,1
4,113.949547,22.573833,2016-11-03 21:25:28,1
2,113.99456799999999,22.527416,2016-11-03 21:25:33,0
0,114.058815,22.522382999999998,2016-11-03 21:25:34,0
1,114.04598200000001,22.519167000000003,2016-11-03 21:25:42,1
4,113.94965400000001,22.572132,2016-11-03 21:25:43,1
3,114.052132,22.605618,2016-11-03 21:25:45,0
2,113.99456799999999,22.527416,2016-11-03 21:25:48,0
0,114.05871599999999,22.5228,2016-11-03 21:25:49,0
4,113.94976799999999,22.571517999999998,2016-11-03 21:25:58,1
2,113.99456799999999,22.527416,2016-11-03 21:26:03,0
0,114.058701,22.522818,2016-11-03 21:26:04,0
3,114.052132,22.605618,2016-11-03 21:26:05,0
1,114.04266399999999,22.520832000000002,2016-11-03 21:26:05,1
1,114.04245,22.520967000000002,2016-11-03 21:26:07,1
3,114.052132,22.605618,2016-11-03 21:26:09,1
1,114.04213,22.52125,2016-11-03 21:26:13,1
4,113.950119,22.5707,2016-11-03 21:26:13,1
2,113.99456799999999,22.527416,2016-11-03 21:26:18,0
0,114.058617,22.523083,2016-11-03 21:26:19,0
1,114.042603,22.522301000000002,2016-11-03 21:26:28,1
3,114.05169699999999,22.605167,2016-11-03 21:26:29,1
2,113.99456799999999,22.527416,2016-11-03 21:26:33,0
4,113.95106499999999,22.568884,2016-11-03 21:26:28,1
0,114.058548,22.523451,2016-11-03 21:26:34,0
1,114.043152,22.523251000000002,2016-11-03 21:26:43,1
4,113.95206499999999,22.567083,2016-11-03 21:26:43,1
2,113.99456799999999,22.527416,2016-11-03 21:26:48,0
0,114.05846399999999,22.523567,2016-11-03 21:26:49,0
1,114.04412099999999,22.5249,2016-11-03 21:26:58,1
4,113.95266699999999,22.565483,2016-11-03 21:26:58,1
2,113.99456799999999,22.527416,2016-11-03 21:27:03,0
0,114.058052,22.523617,2016-11-03 21:27:04,0
4,113.95273600000002,22.563999,2016-11-03 21:27:13,1
2,113.99456799999999,22.527416,2016-11-03 21:27:18,0
0,114.057602,22.523718,2016-11-03 21:27:19,0
4,113.952751,22.563917,2016-11-03 21:27:29,1
2,113.99456799999999,22.527416,2016-11-03 21:27:33,0
0,114.057236,22.523701000000003,2016-11-03 21:27:34,0
4,113.952751,22.563917,2016-11-03 21:27:44,1
2,114.022697,22.531584,2016-11-03 21:27:48,0
0,114.05686999999999,22.523649,2016-11-03 21:27:49,0
3,114.048882,22.604366,2016-11-03 21:27:11,1
3,114.047279,22.604218,2016-11-03 21:27:31,1
3,114.045433,22.603901,2016-11-03 21:27:51,1
3,114.04481499999999,22.603701,2016-11-03 21:27:56,1
4,113.95281999999999,22.562634,2016-11-03 21:27:58,1
0,114.05666399999998,22.5235,2016-11-03 21:28:04,0
2,114.026031,22.531082,2016-11-03 21:28:03,0
2,114.027702,22.530649,2016-11-03 21:28:11,0
4,113.95278200000001,22.560883,2016-11-03 21:28:13,1
0,114.056633,22.523184,2016-11-03 21:28:19,0
2,114.030914,22.530148999999998,2016-11-03 21:28:26,0
3,114.04256399999998,22.603067000000003,2016-11-03 21:28:18,1
3,114.041901,22.603482999999997,2016-11-03 21:28:28,1
4,113.95266699999999,22.559798999999998,2016-11-03 21:28:28,1
0,114.056564,22.523032999999998,2016-11-03 21:28:34,0
4,113.95263700000001,22.558517000000002,2016-11-03 21:28:44,1
2,114.03347,22.530132000000002,2016-11-03 21:28:41,0
1,114.044334,22.525316,2016-11-03 21:27:13,1
1,114.044296,22.525299,2016-11-03 21:27:21,1
1,114.044296,22.525284,2016-11-03 21:27:23,1
0,114.056564,22.522717,2016-11-03 21:28:49,0
2,114.03593400000001,22.530333,2016-11-03 21:28:56,0
4,113.95248400000001,22.557417,2016-11-03 21:28:58,1
3,114.04029799999999,22.6054,2016-11-03 21:28:51,1
3,114.03946699999999,22.6064,2016-11-03 21:29:00,1
0,114.056503,22.522333,2016-11-03 21:29:04,0
2,114.03941299999998,22.530732999999998,2016-11-03 21:29:11,0
1,114.04458600000001,22.53335,2016-11-03 21:29:13,1
1,114.04458600000001,22.53335,2016-11-03 21:29:14,1
4,113.951118,22.557033999999998,2016-11-03 21:29:14,1
0,114.05646499999999,22.521683,2016-11-03 21:29:19,0
1,114.044601,22.534616,2016-11-03 21:29:22,1
2,114.042549,22.531098999999998,2016-11-03 21:29:26,0
4,113.94957,22.556517000000003,2016-11-03 21:29:29,1
3,114.03908500000001,22.606832999999998,2016-11-03 21:29:24,1
3,114.038918,22.607032999999998,2016-11-03 21:29:31,1
0,114.05641899999999,22.521317,2016-11-03 21:29:34,0
1,114.04463200000001,22.537268,2016-11-03 21:29:37,1
2,114.04499799999999,22.5313,2016-11-03 21:29:41,0
4,113.947731,22.555933,2016-11-03 21:29:44,1
1,114.044647,22.538517000000002,2016-11-03 21:29:45,1
0,114.056549,22.520767000000003,2016-11-03 21:29:49,0
2,114.04861499999998,22.531366000000002,2016-11-03 21:29:56,0
4,113.94545,22.555467999999998,2016-11-03 21:29:59,1
1,114.04458600000001,22.540701000000002,2016-11-03 21:30:00,1
3,114.039001,22.606648999999997,2016-11-03 21:29:54,1
3,114.039497,22.60605,2016-11-03 21:30:02,1
0,114.056564,22.5207,2016-11-03 21:30:04,0
1,114.04454799999999,22.542084,2016-11-03 21:30:08,1
2,114.05128500000001,22.531467000000003,2016-11-03 21:30:11,0
4,113.943634,22.555267,2016-11-03 21:30:14,1
0,114.056633,22.520884,2016-11-03 21:30:19,0
2,114.051949,22.531467000000003,2016-11-03 21:30:26,0
4,113.941666,22.555332,2016-11-03 21:30:29,1
3,114.040901,22.604349,2016-11-03 21:30:25,1
3,114.0411,22.604067,2016-11-03 21:30:32,1
0,114.056549,22.521467,2016-11-03 21:30:34,0
1,114.044449,22.546132999999998,2016-11-03 21:30:31,1
2,114.051949,22.531467000000003,2016-11-03 21:30:41,0
4,113.939301,22.555532,2016-11-03 21:30:44,1
0,114.05653400000001,22.522133,2016-11-03 21:30:49,0
1,114.044449,22.546432,2016-11-03 21:30:33,1
1,114.04443400000001,22.547268,2016-11-03 21:30:39,1
1,114.04443400000001,22.548401000000002,2016-11-03 21:30:47,1
1,114.04443400000001,22.548401000000002,2016-11-03 21:30:48,1
2,114.051949,22.531467000000003,2016-11-03 21:30:56,0
4,113.936653,22.555582,2016-11-03 21:30:59,1
1,114.044418,22.5502,2016-11-03 21:31:02,1
3,114.0411,22.604067,2016-11-03 21:30:32,0
3,114.04111499999999,22.60405,2016-11-03 21:30:55,0
3,114.04111499999999,22.60405,2016-11-03 21:31:03,0
0,114.056602,22.522417,2016-11-03 21:31:04,0
2,114.051949,22.531467000000003,2016-11-03 21:31:11,0
4,113.933746,22.5555,2016-11-03 21:31:14,1
1,114.044418,22.550383,2016-11-03 21:31:17,1
0,114.056633,22.522833,2016-11-03 21:31:19,0
2,114.051949,22.531467000000003,2016-11-03 21:31:19,0
4,113.93078600000001,22.555349,2016-11-03 21:31:29,1
1,114.04443400000001,22.55035,2016-11-03 21:31:32,1
3,114.04111499999999,22.60405,2016-11-03 21:31:26,0
3,114.04111499999999,22.60405,2016-11-03 21:31:32,0
0,114.05658000000001,22.523466,2016-11-03 21:31:34,0
2,114.06541399999999,22.532118,2016-11-03 21:31:34,0
4,113.92806999999999,22.555332,2016-11-03 21:31:44,1
1,114.044449,22.550333,2016-11-03 21:31:47,1
0,114.056969,22.5236,2016-11-03 21:31:49,0
4,113.92586499999999,22.555416,2016-11-03 21:31:59,1
1,114.04447900000001,22.550318,2016-11-03 21:32:02,1
0,114.057533,22.523617,2016-11-03 21:32:04,0
3,114.04236599999999,22.602667,2016-11-03 21:31:56,0
3,114.042686,22.602234,2016-11-03 21:32:04,0
2,114.070251,22.532267,2016-11-03 21:31:58,0
2,114.07098400000001,22.531651,2016-11-03 21:32:04,0
2,114.07251699999999,22.5317,2016-11-03 21:32:12,0
4,113.922997,22.555599,2016-11-03 21:32:14,1
1,114.04446399999999,22.550333,2016-11-03 21:32:17,1
0,114.05819699999999,22.523701000000003,2016-11-03 21:32:19,0
2,114.07530200000001,22.531816,2016-11-03 21:32:27,0
4,113.920547,22.555733,2016-11-03 21:32:29,1
1,114.04447900000001,22.550333,2016-11-03 21:32:32,1
0,114.058434,22.523649,2016-11-03 21:32:34,0
2,114.076698,22.531816,2016-11-03 21:32:35,0
4,113.91774699999999,22.555782,2016-11-03 21:32:44,1
3,114.043449,22.600932999999998,2016-11-03 21:32:27,0
3,114.04396799999999,22.599899,2016-11-03 21:32:45,0
1,114.04446399999999,22.5504,2016-11-03 21:32:47,1
0,114.05866999999999,22.5235,2016-11-03 21:32:49,0
2,114.07896399999998,22.53455,2016-11-03 21:32:59,0
1,114.04438,22.551884,2016-11-03 21:33:02,1
0,114.058746,22.522984,2016-11-03 21:33:04,0
2,114.07921599999999,22.535267,2016-11-03 21:33:05,0
4,113.91529799999999,22.555201,2016-11-03 21:32:59,1
3,114.04463200000001,22.598249,2016-11-03 21:33:05,0
4,113.91317,22.554068,2016-11-03 21:33:14,1
1,114.04435,22.554317,2016-11-03 21:33:17,1
0,114.058884,22.522551,2016-11-03 21:33:19,0
2,114.08078,22.536751000000002,2016-11-03 21:33:20,0
1,114.04428100000001,22.5553,2016-11-03 21:33:25,1
3,114.045418,22.596849,2016-11-03 21:33:26,0
4,113.91123200000001,22.553017,2016-11-03 21:33:29,1
0,114.058998,22.522017,2016-11-03 21:33:34,0
2,114.08288600000002,22.5373,2016-11-03 21:33:35,0
1,114.044182,22.556133,2016-11-03 21:33:40,1
4,113.909485,22.5522,2016-11-03 21:33:44,1
3,114.04701999999999,22.594584,2016-11-03 21:33:46,0
0,114.05905200000001,22.521282,2016-11-03 21:33:49,0
2,114.085403,22.537382,2016-11-03 21:33:50,0
1,114.043732,22.557167,2016-11-03 21:33:55,1
4,113.907913,22.552,2016-11-03 21:33:59,1
1,114.043449,22.5576,2016-11-03 21:34:03,1
0,114.058998,22.520782,2016-11-03 21:34:04,0
3,114.04836999999999,22.591932,2016-11-03 21:34:06,0
4,113.90728,22.553017,2016-11-03 21:34:14,1
1,114.042732,22.558783,2016-11-03 21:34:18,1
3,114.04843100000001,22.591818,2016-11-03 21:34:26,0
4,113.907303,22.554501000000002,2016-11-03 21:34:29,1
0,114.05898300000001,22.520317000000002,2016-11-03 21:34:19,0
1,114.041748,22.560467000000003,2016-11-03 21:34:33,1
0,114.058929,22.520201,2016-11-03 21:34:33,0
2,114.08725,22.537317,2016-11-03 21:34:05,0
4,113.90653200000001,22.555651,2016-11-03 21:34:44,1
2,114.088081,22.537149,2016-11-03 21:34:13,0
2,114.088448,22.537268,2016-11-03 21:34:14,0
2,114.089249,22.537382,2016-11-03 21:34:21,0
2,114.090263,22.537682999999998,2016-11-03 21:34:29,0
2,114.09063,22.537733,2016-11-03 21:34:30,0
2,114.09301799999999,22.537867000000002,2016-11-03 21:34:44,0
3,114.04843100000001,22.591818,2016-11-03 21:34:46,0
0,114.058952,22.5201,2016-11-03 21:34:49,0
1,114.04088600000001,22.561968,2016-11-03 21:34:48,1
1,114.040421,22.562817000000003,2016-11-03 21:34:56,1
4,113.90543400000001,22.556433,2016-11-03 21:34:59,1
2,114.09486399999999,22.53775,2016-11-03 21:34:59,0
0,114.05912,22.519934,2016-11-03 21:35:04,0
3,114.04843100000001,22.591818,2016-11-03 21:35:06,0
1,114.03976399999999,22.5641,2016-11-03 21:35:11,1
4,113.904602,22.557333,2016-11-03 21:35:14,1
2,114.097168,22.537901,2016-11-03 21:35:14,0
0,114.06048600000001,22.520634,2016-11-03 21:35:19,0
3,114.04843100000001,22.591818,2016-11-03 21:35:26,0
1,114.03911599999999,22.565533,2016-11-03 21:35:26,1
4,113.903603,22.558332,2016-11-03 21:35:29,1
2,114.098801,22.537951,2016-11-03 21:35:29,0
1,114.038597,22.565849,2016-11-03 21:35:34,1
0,114.060966,22.521017,2016-11-03 21:35:34,0
2,114.10022,22.537782999999997,2016-11-03 21:35:44,0
4,113.902718,22.559282,2016-11-03 21:35:44,1
3,114.04843100000001,22.591818,2016-11-03 21:35:46,0
0,114.06206499999999,22.52195,2016-11-03 21:35:49,0
4,113.90149699999999,22.56045,2016-11-03 21:35:59,1
2,114.1008,22.536966,2016-11-03 21:35:59,0
0,114.06295,22.523398999999998,2016-11-03 21:36:04,0
3,114.04843100000001,22.591818,2016-11-03 21:36:06,0
1,114.03600300000001,22.566732000000002,2016-11-03 21:35:59,1
1,114.03571299999999,22.567301,2016-11-03 21:36:05,1
1,114.03555300000001,22.567632999999997,2016-11-03 21:36:13,1
4,113.901131,22.560833,2016-11-03 21:36:14,1
2,114.10208100000001,22.537867000000002,2016-11-03 21:36:14,0
4,113.900986,22.560984,2016-11-03 21:36:24,0
3,114.04843100000001,22.591818,2016-11-03 21:36:26,0
1,114.03533200000001,22.567698999999998,2016-11-03 21:36:28,1
2,114.10208100000001,22.537867000000002,2016-11-03 21:36:29,0
0,114.063347,22.525667000000002,2016-11-03 21:36:33,0
4,113.900986,22.560984,2016-11-03 21:36:39,0
1,114.03533200000001,22.567717000000002,2016-11-03 21:36:43,1
3,114.04843100000001,22.591818,2016-11-03 21:36:46,0
0,114.063347,22.525667000000002,2016-11-03 21:36:49,0
4,113.900986,22.560984,2016-11-03 21:36:54,0
1,114.035385,22.567717000000002,2016-11-03 21:36:58,1
0,114.063347,22.525667000000002,2016-11-03 21:37:04,0
3,114.048882,22.591167000000002,2016-11-03 21:37:06,0
4,113.900986,22.560984,2016-11-03 21:37:09,0
1,114.03528600000001,22.567867,2016-11-03 21:37:13,1
0,114.06336999999999,22.525766,2016-11-03 21:37:19,0
4,113.900986,22.560984,2016-11-03 21:37:25,0
3,114.05085,22.588984,2016-11-03 21:37:26,0
1,114.034798,22.568434,2016-11-03 21:37:28,1
0,114.06336999999999,22.527033,2016-11-03 21:37:34,0
4,113.900986,22.560984,2016-11-03 21:37:39,0
1,114.034248,22.569151,2016-11-03 21:37:43,1
3,114.052681,22.587032,2016-11-03 21:37:46,0
0,114.06336999999999,22.52895,2016-11-03 21:37:49,0
4,113.900986,22.560984,2016-11-03 21:37:55,0
1,114.03341699999999,22.570232,2016-11-03 21:37:58,1
0,114.06311799999999,22.530399,2016-11-03 21:38:04,0
1,114.033119,22.570601,2016-11-03 21:38:06,1
3,114.053329,22.584049,2016-11-03 21:38:06,0
4,113.900986,22.560984,2016-11-03 21:38:09,0
2,114.106682,22.541117,2016-11-03 21:38:12,0
0,114.06311799999999,22.532967000000003,2016-11-03 21:38:19,0
2,114.10666699999999,22.541667999999998,2016-11-03 21:38:20,0
1,114.03261599999999,22.57085,2016-11-03 21:38:21,1
4,113.90073400000001,22.561234,2016-11-03 21:38:24,0
3,114.05481699999999,22.580982000000002,2016-11-03 21:38:26,0
0,114.06311799999999,22.534468,2016-11-03 21:38:34,0
2,114.106583,22.54285,2016-11-03 21:38:35,0
1,114.032417,22.57065,2016-11-03 21:38:36,1
4,113.90073400000001,22.561234,2016-11-03 21:38:39,0
3,114.056549,22.578716,2016-11-03 21:38:46,0
0,114.063004,22.534616,2016-11-03 21:38:49,0
2,114.106583,22.543501000000003,2016-11-03 21:38:50,0
4,113.90073400000001,22.561234,2016-11-03 21:38:55,0
3,114.058601,22.578182,2016-11-03 21:39:06,0
4,113.90073400000001,22.561234,2016-11-03 21:39:09,0
1,114.03164699999999,22.5702,2016-11-03 21:38:51,1
1,114.031349,22.570133,2016-11-03 21:38:59,1
0,114.063004,22.534616,2016-11-03 21:39:04,0
2,114.106453,22.5436,2016-11-03 21:39:05,0
1,114.03011299999999,22.570048999999997,2016-11-03 21:39:14,1
0,114.062683,22.534882999999997,2016-11-03 21:39:19,0
2,114.106682,22.543516,2016-11-03 21:39:20,0
1,114.02943400000001,22.570032,2016-11-03 21:39:22,1
1,114.029297,22.570017,2016-11-03 21:39:23,1
4,113.899651,22.562332,2016-11-03 21:39:25,0
3,114.06028,22.576933,2016-11-03 21:39:26,0
0,114.062698,22.5359,2016-11-03 21:39:34,0
1,114.02916699999999,22.569982999999997,2016-11-03 21:39:37,0
4,113.89926899999999,22.562717000000003,2016-11-03 21:39:39,0
2,114.10651399999999,22.543516,2016-11-03 21:39:43,0
2,114.10651399999999,22.543533,2016-11-03 21:39:45,0
3,114.06098200000001,22.574066000000002,2016-11-03 21:39:46,0
0,114.06282,22.5371,2016-11-03 21:39:49,0
1,114.029152,22.569967000000002,2016-11-03 21:39:52,0
4,113.89983400000001,22.563368,2016-11-03 21:39:55,0
2,114.10633100000001,22.544399,2016-11-03 21:39:58,0
0,114.063332,22.537317,2016-11-03 21:40:04,0
3,114.061302,22.572682999999998,2016-11-03 21:40:06,0
1,114.02871699999999,22.569882999999997,2016-11-03 21:40:07,0
4,113.900085,22.563534,2016-11-03 21:40:10,0
2,114.106453,22.544849,2016-11-03 21:40:13,0
0,114.064384,22.537416,2016-11-03 21:40:19,0
1,114.02791599999999,22.5695,2016-11-03 21:40:22,0
4,113.90081799999999,22.564167,2016-11-03 21:40:25,0
3,114.0616,22.571533,2016-11-03 21:40:26,0
2,114.10878000000001,22.544983,2016-11-03 21:40:28,0
0,114.06543,22.537901,2016-11-03 21:40:34,0
1,114.02731299999999,22.568884,2016-11-03 21:40:37,0
2,114.10878000000001,22.544983,2016-11-03 21:40:43,0
4,113.901016,22.564367,2016-11-03 21:40:40,0
3,114.061653,22.572517,2016-11-03 21:40:46,0
0,114.066551,22.538282000000002,2016-11-03 21:40:49,0
1,114.027229,22.568649,2016-11-03 21:40:52,0
4,113.901016,22.564367,2016-11-03 21:40:55,0
2,114.111099,22.546499,2016-11-03 21:40:58,0
0,114.067619,22.538483,2016-11-03 21:41:04,0
1,114.02766399999999,22.568417,2016-11-03 21:41:07,0
3,114.063347,22.572567000000003,2016-11-03 21:41:06,0
4,113.901016,22.564367,2016-11-03 21:41:10,0
2,114.112251,22.546984,2016-11-03 21:41:13,0
0,114.06701699999999,22.5387,2016-11-03 21:41:19,0
1,114.028297,22.568199,2016-11-03 21:41:22,0
4,113.901016,22.564367,2016-11-03 21:41:25,0
3,114.06395,22.57135,2016-11-03 21:41:26,0
2,114.114403,22.546667000000003,2016-11-03 21:41:28,0
0,114.06608600000001,22.538401,2016-11-03 21:41:34,0
2,114.114754,22.547434,2016-11-03 21:41:36,0
1,114.029053,22.567932,2016-11-03 21:41:37,0
4,113.901016,22.564367,2016-11-03 21:41:40,0
1,114.029404,22.567833,2016-11-03 21:41:45,0
3,114.06358300000001,22.57115,2016-11-03 21:41:46,0
0,114.065353,22.537901,2016-11-03 21:41:49,0
2,114.115181,22.54755,2016-11-03 21:41:51,0
4,113.901016,22.564367,2016-11-03 21:41:55,0
2,114.115181,22.54755,2016-11-03 21:41:58,0
1,114.030098,22.567617000000002,2016-11-03 21:42:00,0
0,114.064598,22.537649,2016-11-03 21:42:04,0
3,114.06282,22.571167000000003,2016-11-03 21:42:06,0
1,114.03035,22.567516,2016-11-03 21:42:08,0
4,113.901016,22.564367,2016-11-03 21:42:10,0
2,114.115181,22.54755,2016-11-03 21:42:14,0
0,114.063721,22.537649,2016-11-03 21:42:19,0
1,114.030685,22.5674,2016-11-03 21:42:23,0
4,113.901016,22.564367,2016-11-03 21:42:25,0
3,114.06313300000001,22.5711,2016-11-03 21:42:26,0
2,114.116051,22.54775,2016-11-03 21:42:29,0
0,114.063217,22.53805,2016-11-03 21:42:34,0
1,114.03173100000001,22.567051,2016-11-03 21:42:38,0
4,113.901016,22.564367,2016-11-03 21:42:40,0
2,114.11631799999999,22.547567,2016-11-03 21:42:44,0
3,114.06313300000001,22.5711,2016-11-03 21:42:46,0
0,114.06289699999999,22.5394,2016-11-03 21:42:49,0
1,114.03302,22.566584,2016-11-03 21:42:53,0
4,113.901016,22.564367,2016-11-03 21:42:55,0
2,114.11631799999999,22.547567,2016-11-03 21:42:59,0
0,114.06266799999999,22.541,2016-11-03 21:43:04,0
3,114.06313300000001,22.5711,2016-11-03 21:43:06,0
1,114.03303500000001,22.566549,2016-11-03 21:43:08,0
2,114.11631799999999,22.547567,2016-11-03 21:43:07,0
2,114.11631799999999,22.547567,2016-11-03 21:43:09,0
4,113.901016,22.564367,2016-11-03 21:43:10,0
2,114.11631799999999,22.547567,2016-11-03 21:43:15,0
1,114.032997,22.566549,2016-11-03 21:43:23,0
2,114.11631799999999,22.547567,2016-11-03 21:43:23,0
0,114.06282,22.543582999999998,2016-11-03 21:43:19,0
4,113.901016,22.564367,2016-11-03 21:43:25,0
3,114.06313300000001,22.5711,2016-11-03 21:43:26,0
3,114.06313300000001,22.5711,2016-11-03 21:43:26,1
0,114.062798,22.545732,2016-11-03 21:43:34,0
1,114.032982,22.566532000000002,2016-11-03 21:43:38,0
2,114.11631799999999,22.547567,2016-11-03 21:43:38,0
4,113.901016,22.564367,2016-11-03 21:43:40,0
3,114.06483500000002,22.571182,2016-11-03 21:43:46,1
1,114.03303500000001,22.566532000000002,2016-11-03 21:43:53,0
2,114.11631799999999,22.547567,2016-11-03 21:43:53,0
4,113.901016,22.564367,2016-11-03 21:43:55,0
0,114.06296499999999,22.547251,2016-11-03 21:43:49,0
0,114.064003,22.547483,2016-11-03 21:44:04,0
3,114.06698600000001,22.571217,2016-11-03 21:44:06,1
1,114.03371399999999,22.567101,2016-11-03 21:44:08,0
2,114.11631799999999,22.547567,2016-11-03 21:44:08,0
4,113.901016,22.564367,2016-11-03 21:44:10,0
0,114.065514,22.547567,2016-11-03 21:44:19,0
1,114.03537,22.567682,2016-11-03 21:44:23,0
2,114.11631799999999,22.547567,2016-11-03 21:44:23,0
4,113.901016,22.564367,2016-11-03 21:44:25,0
3,114.066849,22.570284,2016-11-03 21:44:26,1
0,114.066948,22.5476,2016-11-03 21:44:34,0
1,114.03598000000001,22.566767000000002,2016-11-03 21:44:38,0
2,114.11631799999999,22.547567,2016-11-03 21:44:38,0
4,113.901016,22.564367,2016-11-03 21:44:40,0
3,114.06521599999999,22.568867,2016-11-03 21:44:46,1
0,114.067497,22.547649,2016-11-03 21:44:49,0
2,114.11631799999999,22.547567,2016-11-03 21:44:53,0
4,113.901016,22.564367,2016-11-03 21:44:55,0
1,114.03653,22.565718,2016-11-03 21:45:01,0
1,114.03653,22.565718,2016-11-03 21:45:03,0
0,114.066399,22.5476,2016-11-03 21:45:04,0
2,114.11631799999999,22.547567,2016-11-03 21:45:08,0
1,114.036552,22.565701,2016-11-03 21:45:10,0
4,113.901802,22.564182000000002,2016-11-03 21:45:10,0
3,114.06241599999998,22.568466,2016-11-03 21:45:06,1
0,114.065804,22.547667,2016-11-03 21:45:19,0
2,114.11631799999999,22.547567,2016-11-03 21:45:23,0
1,114.03658300000001,22.565666,2016-11-03 21:45:25,0
4,113.901848,22.56415,2016-11-03 21:45:25,0
0,114.06541399999999,22.5478,2016-11-03 21:45:34,1
2,114.11631799999999,22.547567,2016-11-03 21:45:38,0
4,113.901848,22.56415,2016-11-03 21:45:40,0
3,114.058632,22.566717,2016-11-03 21:45:26,1
3,114.054832,22.565132000000002,2016-11-03 21:45:46,1
1,114.036598,22.565634,2016-11-03 21:45:49,0
2,114.11631799999999,22.547567,2016-11-03 21:45:53,0
4,113.902397,22.563499,2016-11-03 21:45:55,0
0,114.06361399999999,22.547583,2016-11-03 21:45:49,1
0,114.063248,22.54755,2016-11-03 21:46:04,1
2,114.11631799999999,22.547567,2016-11-03 21:46:07,0
4,113.903252,22.562651000000002,2016-11-03 21:46:10,0
3,114.050766,22.565001000000002,2016-11-03 21:46:06,1
0,114.063248,22.54755,2016-11-03 21:46:19,1
4,113.903732,22.561982999999998,2016-11-03 21:46:25,0
3,114.04706599999999,22.565166,2016-11-03 21:46:26,1
0,114.063248,22.54755,2016-11-03 21:46:34,1
4,113.90273300000001,22.561117000000003,2016-11-03 21:46:40,0
0,114.063248,22.54755,2016-11-03 21:46:49,1
3,114.04356399999999,22.564516,2016-11-03 21:46:46,1
4,113.901299,22.559851000000002,2016-11-03 21:46:55,0
0,114.063248,22.54755,2016-11-03 21:47:04,1
3,114.03952,22.563482,2016-11-03 21:47:06,1
4,113.899651,22.558434,2016-11-03 21:47:10,0
2,114.11631799999999,22.547567,2016-11-03 21:47:17,0
2,114.11631799999999,22.547567,2016-11-03 21:47:19,0
0,114.063248,22.54755,2016-11-03 21:47:19,1
4,113.898247,22.557217,2016-11-03 21:47:25,0
2,114.11631799999999,22.547567,2016-11-03 21:47:26,0
3,114.03548400000001,22.562782000000002,2016-11-03 21:47:26,1
0,114.06338500000001,22.547532999999998,2016-11-03 21:47:34,1
4,113.898048,22.557051,2016-11-03 21:47:40,0
3,114.031403,22.562082,2016-11-03 21:47:47,1
0,114.06493400000001,22.547466,2016-11-03 21:47:49,1
4,113.898048,22.557051,2016-11-03 21:47:55,0
0,114.06653600000001,22.54755,2016-11-03 21:48:04,1
3,114.027298,22.561449,2016-11-03 21:48:07,1
4,113.898651,22.557318,2016-11-03 21:48:10,0
2,114.122101,22.551367000000003,2016-11-03 21:47:41,0
2,114.122437,22.551701,2016-11-03 21:47:49,0
2,114.12253600000001,22.551567000000002,2016-11-03 21:47:51,0
2,114.12262,22.551567000000002,2016-11-03 21:47:57,0
2,114.122482,22.551648999999998,2016-11-03 21:48:06,0
2,114.122437,22.551582,2016-11-03 21:48:07,0
2,114.12241399999999,22.5516,2016-11-03 21:48:20,0
0,114.06783300000001,22.547234,2016-11-03 21:48:19,1
4,113.900116,22.558582,2016-11-03 21:48:25,0
3,114.02323200000001,22.5606,2016-11-03 21:48:27,1
0,114.06796999999999,22.545816000000002,2016-11-03 21:48:34,1
2,114.122398,22.551482999999998,2016-11-03 21:48:35,0
4,113.901253,22.559383,2016-11-03 21:48:40,0
3,114.01898200000001,22.560249,2016-11-03 21:48:47,1
0,114.068802,22.54355,2016-11-03 21:48:49,1
2,114.122437,22.551033,2016-11-03 21:48:51,0
4,113.902451,22.558467999999998,2016-11-03 21:48:55,0
0,114.068451,22.541901,2016-11-03 21:49:04,1
2,114.12258100000001,22.55105,2016-11-03 21:49:06,0
3,114.01478600000002,22.560133,2016-11-03 21:49:07,1
4,113.903198,22.557768,2016-11-03 21:49:10,0
0,114.068886,22.54265,2016-11-03 21:49:19,1
2,114.12258100000001,22.55105,2016-11-03 21:49:21,0
4,113.903648,22.557301000000002,2016-11-03 21:49:25,0
3,114.01086399999998,22.559067000000002,2016-11-03 21:49:27,1
2,114.122253,22.550068,2016-11-03 21:49:36,0
0,114.07135,22.542832999999998,2016-11-03 21:49:34,1
4,113.904449,22.55625,2016-11-03 21:49:40,0
1,114.036598,22.565634,2016-11-03 21:48:28,0
1,114.03688000000001,22.565617,2016-11-03 21:48:35,1
1,114.03772,22.565701,2016-11-03 21:48:43,1
1,114.03772,22.565701,2016-11-03 21:48:44,1
1,114.03863500000001,22.565701,2016-11-03 21:48:51,1
3,114.007202,22.557467000000003,2016-11-03 21:49:47,1
2,114.122437,22.5499,2016-11-03 21:49:51,0
4,113.90477,22.555882999999998,2016-11-03 21:49:55,0
3,114.003799,22.556116,2016-11-03 21:50:07,1
4,113.90477,22.555882999999998,2016-11-03 21:50:10,0
2,114.12231399999999,22.549868,2016-11-03 21:50:06,0
0,114.07575200000001,22.543016,2016-11-03 21:50:04,1
0,114.07651499999999,22.543016,2016-11-03 21:50:19,1
2,114.122498,22.549232,2016-11-03 21:50:21,0
4,113.90506699999999,22.555432999999997,2016-11-03 21:50:25,0
3,114.000153,22.555882999999998,2016-11-03 21:50:27,1
0,114.078102,22.543067999999998,2016-11-03 21:50:34,1
2,114.122948,22.5495,2016-11-03 21:50:36,1
1,114.03966499999999,22.556283999999998,2016-11-03 21:50:37,1
4,113.90570100000001,22.554434,2016-11-03 21:50:40,0
1,114.039299,22.55625,2016-11-03 21:50:41,1
1,114.038849,22.556116,2016-11-03 21:50:49,1
0,114.08006999999999,22.543167,2016-11-03 21:50:49,1
2,114.122635,22.548983,2016-11-03 21:50:51,1
4,113.90661599999999,22.553248999999997,2016-11-03 21:50:55,0
3,113.995979,22.556168,2016-11-03 21:50:47,1
1,114.03883400000001,22.556048999999998,2016-11-03 21:51:04,1
0,114.08186299999998,22.543266,2016-11-03 21:51:04,1
3,113.992287,22.5578,2016-11-03 21:51:07,1
4,113.907097,22.552601,2016-11-03 21:51:10,0
2,114.12273400000001,22.548348999999998,2016-11-03 21:51:13,1
1,114.03875,22.556101,2016-11-03 21:51:19,1
0,114.083817,22.543301,2016-11-03 21:51:19,1
3,113.988297,22.559168,2016-11-03 21:51:27,1
2,114.12266499999998,22.548201000000002,2016-11-03 21:51:29,1
1,114.03875,22.556116,2016-11-03 21:51:34,1
4,113.90833300000001,22.550632,2016-11-03 21:51:25,0
0,114.08548,22.543266,2016-11-03 21:51:34,1
4,113.909264,22.548317,2016-11-03 21:51:40,0
2,114.12266499999998,22.548201000000002,2016-11-03 21:51:44,1
3,113.98431399999998,22.55875,2016-11-03 21:51:47,1
1,114.03863500000001,22.555767000000003,2016-11-03 21:51:49,1
0,114.08757,22.543301,2016-11-03 21:51:49,1
4,113.909302,22.548134,2016-11-03 21:51:55,0
2,114.122047,22.546432,2016-11-03 21:51:59,1
1,114.0392,22.554983,2016-11-03 21:52:04,1
0,114.08944699999999,22.543367,2016-11-03 21:52:04,1
2,114.12155200000001,22.546066,2016-11-03 21:52:14,1
1,114.03973400000001,22.554167,2016-11-03 21:52:19,1
0,114.090698,22.543283,2016-11-03 21:52:19,1
3,113.98058300000001,22.557899,2016-11-03 21:52:07,1
4,113.909302,22.548134,2016-11-03 21:52:10,0
4,113.90961499999999,22.54595,2016-11-03 21:52:25,0
2,114.12155200000001,22.546066,2016-11-03 21:52:29,1
1,114.039703,22.553682000000002,2016-11-03 21:52:34,0
0,114.09071399999999,22.543301,2016-11-03 21:52:34,1
2,114.12155200000001,22.546066,2016-11-03 21:52:37,1
4,113.909653,22.5455,2016-11-03 21:52:40,0
1,114.03968,22.553499,2016-11-03 21:52:49,0
0,114.09071399999999,22.543301,2016-11-03 21:52:49,1
4,113.909653,22.5455,2016-11-03 21:52:55,0
2,114.12155200000001,22.546066,2016-11-03 21:52:46,1
2,114.12155200000001,22.546066,2016-11-03 21:52:52,1
2,114.12155200000001,22.546066,2016-11-03 21:53:00,1
2,114.11783600000001,22.546568,2016-11-03 21:53:01,1
1,114.03976399999999,22.553301,2016-11-03 21:53:04,0
0,114.090782,22.543301,2016-11-03 21:53:04,1
2,114.117783,22.546633,2016-11-03 21:53:08,1
4,113.909821,22.544617000000002,2016-11-03 21:53:10,0
0,114.092102,22.543332999999997,2016-11-03 21:53:19,1
2,114.117851,22.546818,2016-11-03 21:53:23,1
4,113.910881,22.544483,2016-11-03 21:53:25,0
3,113.97708100000001,22.557117,2016-11-03 21:52:26,1
3,113.97178600000001,22.557051,2016-11-03 21:52:53,1
3,113.96761299999999,22.55765,2016-11-03 21:53:13,1
3,113.963715,22.557182,2016-11-03 21:53:31,1
0,114.09362,22.543367,2016-11-03 21:53:34,1
2,114.11783600000001,22.546682,2016-11-03 21:53:38,1
4,113.91235400000001,22.544201,2016-11-03 21:53:40,0
1,114.039833,22.551201000000002,2016-11-03 21:53:27,0
1,114.039833,22.551018,2016-11-03 21:53:29,0
1,114.03978000000001,22.550516000000002,2016-11-03 21:53:35,0
1,114.03988600000001,22.549982,2016-11-03 21:53:43,0
2,114.117104,22.546368,2016-11-03 21:53:53,1
4,113.91378,22.543716,2016-11-03 21:53:55,0
1,114.039566,22.549534,2016-11-03 21:53:58,0
3,113.959099,22.556583,2016-11-03 21:53:53,1
3,113.95736699999999,22.556517000000003,2016-11-03 21:54:01,1
2,114.117149,22.546101,2016-11-03 21:54:01,1
4,113.915001,22.543367,2016-11-03 21:54:10,0
1,114.03772,22.548901,2016-11-03 21:54:13,0
2,114.11758400000001,22.545616,2016-11-03 21:54:16,1
4,113.915031,22.543367,2016-11-03 21:54:25,0
1,114.03611799999999,22.54855,2016-11-03 21:54:28,0
1,114.036369,22.548582,2016-11-03 21:54:36,0
2,114.11786699999999,22.543833,2016-11-03 21:54:31,1
2,114.117783,22.543568,2016-11-03 21:54:39,1
4,113.916519,22.543132999999997,2016-11-03 21:54:40,0
1,114.03638500000001,22.548582,2016-11-03 21:54:51,0
4,113.91838100000001,22.543051000000002,2016-11-03 21:54:55,0
2,114.11671399999999,22.543034,2016-11-03 21:54:54,1
2,114.11556999999999,22.544001,2016-11-03 21:55:02,1
1,114.036919,22.548782,2016-11-03 21:55:07,0
4,113.91877,22.543016,2016-11-03 21:55:10,0
1,114.03775,22.549,2016-11-03 21:55:15,0
1,114.03775,22.549,2016-11-03 21:55:16,0
2,114.11554699999999,22.543917,2016-11-03 21:55:17,1
0,114.099281,22.543383,2016-11-03 21:55:18,1
0,114.099281,22.543383,2016-11-03 21:55:20,1
4,113.91877,22.543016,2016-11-03 21:55:25,0
1,114.039452,22.549383,2016-11-03 21:55:30,0
2,114.115784,22.542999,2016-11-03 21:55:32,1
0,114.099281,22.543383,2016-11-03 21:55:32,1
4,113.91877,22.543016,2016-11-03 21:55:40,0
1,114.041214,22.549868,2016-11-03 21:55:45,0
2,114.114182,22.542868,2016-11-03 21:55:47,1
0,114.10067,22.543484,2016-11-03 21:55:47,1
4,113.91913600000001,22.543034,2016-11-03 21:55:55,0
1,114.042831,22.5502,2016-11-03 21:56:00,0
0,114.102654,22.543882,2016-11-03 21:56:02,1
2,114.113831,22.54225,2016-11-03 21:56:02,1
4,113.92096699999999,22.542917000000003,2016-11-03 21:56:10,0
2,114.11378500000001,22.542267000000002,2016-11-03 21:56:10,1
1,114.04393,22.550449,2016-11-03 21:56:15,0
0,114.105217,22.5443,2016-11-03 21:56:17,1
2,114.1138,22.542368,2016-11-03 21:56:25,1
4,113.922699,22.542816000000002,2016-11-03 21:56:25,0
1,114.044182,22.54925,2016-11-03 21:56:30,0
0,114.105782,22.544468,2016-11-03 21:56:32,1
2,114.113853,22.5424,2016-11-03 21:56:40,1
4,113.924232,22.542784,2016-11-03 21:56:40,0
1,114.04423500000001,22.546633,2016-11-03 21:56:45,0
0,114.10678100000001,22.5446,2016-11-03 21:56:47,1
2,114.113831,22.5424,2016-11-03 21:56:49,1
2,114.11358600000001,22.542316,2016-11-03 21:56:55,1
4,113.926918,22.542683,2016-11-03 21:56:55,0
0,114.107803,22.544817000000002,2016-11-03 21:57:02,1
1,114.044266,22.545182999999998,2016-11-03 21:56:53,0
1,114.04428100000001,22.5438,2016-11-03 21:57:02,0
1,114.04431899999999,22.542784,2016-11-03 21:57:08,0
2,114.11350300000001,22.541349,2016-11-03 21:57:10,1
4,113.929649,22.542433,2016-11-03 21:57:10,0
0,114.108597,22.544649,2016-11-03 21:57:17,1
2,114.113533,22.540417,2016-11-03 21:57:25,1
4,113.931831,22.542351,2016-11-03 21:57:25,0
1,114.04436499999998,22.5403,2016-11-03 21:57:23,0
1,114.044334,22.539267000000002,2016-11-03 21:57:31,0
4,113.933769,22.542351,2016-11-03 21:57:40,0
2,114.11350300000001,22.539568,2016-11-03 21:57:40,1
1,114.04436499999998,22.537634,2016-11-03 21:57:46,0
2,114.113564,22.539167000000003,2016-11-03 21:57:48,1
4,113.935768,22.542417999999998,2016-11-03 21:57:55,0
1,114.04438,22.535482000000002,2016-11-03 21:58:01,0
2,114.11367,22.539082999999998,2016-11-03 21:58:03,1
4,113.938202,22.542566,2016-11-03 21:58:10,0
1,114.044418,22.533832999999998,2016-11-03 21:58:16,0
2,114.113548,22.539133,2016-11-03 21:58:18,1
4,113.939865,22.542618,2016-11-03 21:58:25,0
1,114.044403,22.532034,2016-11-03 21:58:31,0
2,114.113602,22.539049,2016-11-03 21:58:33,1
3,113.952583,22.556334,2016-11-03 21:54:24,1
3,113.94848600000002,22.555918,2016-11-03 21:54:44,1
3,113.944901,22.555267,2016-11-03 21:55:04,1
3,113.941902,22.555267,2016-11-03 21:55:20,1
3,113.937164,22.555517000000002,2016-11-03 21:55:43,1
3,113.933182,22.555384,2016-11-03 21:56:03,1
3,113.929367,22.555218,2016-11-03 21:56:23,1
3,113.925552,22.555401,2016-11-03 21:56:43,1
3,113.922417,22.55555,2016-11-03 21:57:03,1
3,113.91896799999999,22.555717,2016-11-03 21:57:23,1
3,113.91507,22.555032999999998,2016-11-03 21:57:43,1
3,113.91163600000002,22.553017,2016-11-03 21:58:05,1
3,113.907349,22.550983,2016-11-03 21:58:25,1
3,113.905716,22.549682999999998,2016-11-03 21:58:37,1
1,114.044418,22.5312,2016-11-03 21:58:39,0
2,114.113747,22.538549,2016-11-03 21:58:48,1
4,113.942299,22.5427,2016-11-03 21:58:40,0
1,114.04378500000001,22.5305,2016-11-03 21:58:54,0
4,113.944382,22.542618,2016-11-03 21:58:55,0
0,114.10788000000001,22.541718,2016-11-03 21:59:02,0
2,114.11246499999999,22.538,2016-11-03 21:59:03,1
3,113.904587,22.547951,2016-11-03 21:58:57,1
0,114.10801699999999,22.541598999999998,2016-11-03 21:59:04,0
1,114.04393,22.531133999999998,2016-11-03 21:59:09,0
1,114.04488400000001,22.531218,2016-11-03 21:59:17,0
0,114.10753600000001,22.541384,2016-11-03 21:59:15,1
4,113.944832,22.54195,2016-11-03 21:59:10,0
2,114.11388400000001,22.536917000000003,2016-11-03 21:59:18,1
3,113.90351899999999,22.546633,2016-11-03 21:59:17,1
4,113.94538100000001,22.54175,2016-11-03 21:59:25,0
1,114.04673000000001,22.5312,2016-11-03 21:59:32,0
0,114.106651,22.541134,2016-11-03 21:59:30,1
2,114.11358600000001,22.535917,2016-11-03 21:59:33,1
3,113.90171799999999,22.547268,2016-11-03 21:59:37,1
4,113.94673200000001,22.541817,2016-11-03 21:59:40,0
1,114.048897,22.531218,2016-11-03 21:59:47,0
0,114.10663600000001,22.539551,2016-11-03 21:59:45,1
2,114.113068,22.535749,2016-11-03 21:59:48,1
4,113.94796799999999,22.541866,2016-11-03 21:59:55,0
3,113.899902,22.549067,2016-11-03 21:59:57,1
1,114.05127,22.531349,2016-11-03 22:00:02,0
0,114.105515,22.538467,2016-11-03 22:00:00,1
4,113.94899699999999,22.541883,2016-11-03 22:00:10,0
3,113.897369,22.55155,2016-11-03 22:00:17,1
1,114.05453500000002,22.53145,2016-11-03 22:00:17,0
1,114.056183,22.5315,2016-11-03 22:00:25,0
4,113.949081,22.540867000000002,2016-11-03 22:00:25,0
2,114.112999,22.536066,2016-11-03 22:00:03,0
2,114.112999,22.536066,2016-11-03 22:00:11,0
2,114.112999,22.536066,2016-11-03 22:00:12,0
2,114.112999,22.536066,2016-11-03 22:00:19,0
2,114.112999,22.536066,2016-11-03 22:00:29,0
3,113.894951,22.5539,2016-11-03 22:00:38,1
4,113.949081,22.540701000000002,2016-11-03 22:00:40,1
4,113.949081,22.541416,2016-11-03 22:00:55,1
3,113.89267,22.556084,2016-11-03 22:00:58,1
4,113.949081,22.542417999999998,2016-11-03 22:01:10,1
3,113.89045,22.55835,2016-11-03 22:01:18,1
3,113.889397,22.559401,2016-11-03 22:01:39,1
3,113.889397,22.559401,2016-11-03 22:01:39,0
4,113.951881,22.543283,2016-11-03 22:01:40,1
4,113.95423100000001,22.543283,2016-11-03 22:01:55,1
2,114.112297,22.53685,2016-11-03 22:00:59,1
1,114.06176799999999,22.531567000000003,2016-11-03 22:00:55,0
1,114.063202,22.531601000000002,2016-11-03 22:01:03,0
1,114.063202,22.531601000000002,2016-11-03 22:01:04,0
2,114.11193100000001,22.53875,2016-11-03 22:01:17,1
3,113.88868000000001,22.560083,2016-11-03 22:02:39,0
4,113.95906799999999,22.543301,2016-11-03 22:02:40,1
1,114.066948,22.531668,2016-11-03 22:01:26,0
1,114.06841999999999,22.531717,2016-11-03 22:01:34,0
2,114.11097,22.541267,2016-11-03 22:01:37,1
4,113.95906799999999,22.543301,2016-11-03 22:02:55,1
3,113.88813,22.560568,2016-11-03 22:03:00,0
0,114.09483300000001,22.538099,2016-11-03 22:01:44,1
0,114.094521,22.538082,2016-11-03 22:01:46,1
2,114.111153,22.541683,2016-11-03 22:01:52,1
1,114.071297,22.53175,2016-11-03 22:01:49,0
4,113.95906799999999,22.543301,2016-11-03 22:03:10,1
1,114.072533,22.531733,2016-11-03 22:01:57,0
1,114.074898,22.531767000000002,2016-11-03 22:02:12,0
4,113.95906799999999,22.543301,2016-11-03 22:03:25,1
1,114.07737,22.53215,2016-11-03 22:02:27,0
0,114.08764599999999,22.537518,2016-11-03 22:02:27,1
0,114.087364,22.537451,2016-11-03 22:02:29,1
1,114.07806399999998,22.533082999999998,2016-11-03 22:02:35,0
1,114.079086,22.534901,2016-11-03 22:02:50,0
0,114.08341999999999,22.537333,2016-11-03 22:02:52,1
1,114.08063500000002,22.536751000000002,2016-11-03 22:03:05,0
3,113.88784799999999,22.560833,2016-11-03 22:03:40,0
4,113.95961799999999,22.543266,2016-11-03 22:03:41,1
0,114.08063500000002,22.5369,2016-11-03 22:03:12,1
1,114.08296999999999,22.5373,2016-11-03 22:03:20,0
0,114.079132,22.535232999999998,2016-11-03 22:03:28,1
4,113.959984,22.544718,2016-11-03 22:03:56,1
3,113.88746599999999,22.561783,2016-11-03 22:04:00,0
1,114.08593,22.537333,2016-11-03 22:03:35,0
0,114.078102,22.533266,2016-11-03 22:03:43,1
1,114.089752,22.537733,2016-11-03 22:03:58,0
0,114.076347,22.531918,2016-11-03 22:03:58,1
4,113.96038100000001,22.546734,2016-11-03 22:04:11,1
0,114.074203,22.531866,2016-11-03 22:04:13,1
1,114.092049,22.538082,2016-11-03 22:04:13,0
3,113.88888500000002,22.563032,2016-11-03 22:04:20,0
1,114.093102,22.53805,2016-11-03 22:04:21,0
4,113.960968,22.54705,2016-11-03 22:04:26,1
0,114.07173200000001,22.531816,2016-11-03 22:04:28,1
1,114.09511599999999,22.53805,2016-11-03 22:04:36,0
3,113.88956499999999,22.563499,2016-11-03 22:04:40,0
4,113.96101399999999,22.547033,2016-11-03 22:04:41,1
0,114.06943500000001,22.531767000000002,2016-11-03 22:04:43,1
1,114.09821299999999,22.538067,2016-11-03 22:04:51,0
4,113.96101399999999,22.547033,2016-11-03 22:04:56,1
0,114.066299,22.531733,2016-11-03 22:04:58,1
3,113.890671,22.562732999999998,2016-11-03 22:05:00,0
1,114.101021,22.538099,2016-11-03 22:05:08,0
4,113.96101399999999,22.547033,2016-11-03 22:05:10,0
0,114.06361399999999,22.531668,2016-11-03 22:05:13,1
3,113.89123500000001,22.562182999999997,2016-11-03 22:05:20,0
4,113.96101399999999,22.547033,2016-11-03 22:05:25,0
0,114.060616,22.531601000000002,2016-11-03 22:05:28,1
3,113.89198300000001,22.561382000000002,2016-11-03 22:05:40,0
4,113.96101399999999,22.547033,2016-11-03 22:05:40,0
2,114.118614,22.546583,2016-11-03 22:05:44,1
0,114.05793,22.531482999999998,2016-11-03 22:05:43,1
2,114.11972,22.546682,2016-11-03 22:05:52,1
4,113.96101399999999,22.547033,2016-11-03 22:05:55,0
3,113.89325,22.560284,2016-11-03 22:06:00,0
0,114.054832,22.531517,2016-11-03 22:05:58,1
4,113.96101399999999,22.547033,2016-11-03 22:06:10,0
0,114.05216999999999,22.531482999999998,2016-11-03 22:06:13,1
3,113.894951,22.55895,2016-11-03 22:06:20,0
4,113.96101399999999,22.547033,2016-11-03 22:06:25,0
0,114.048882,22.53145,2016-11-03 22:06:28,1
2,114.121101,22.546882999999998,2016-11-03 22:06:07,1
2,114.121902,22.54705,2016-11-03 22:06:15,1
2,114.12211599999999,22.547068,2016-11-03 22:06:16,1
2,114.12271899999999,22.547251,2016-11-03 22:06:23,1
2,114.12343600000001,22.547382,2016-11-03 22:06:31,1
2,114.12352,22.547333,2016-11-03 22:06:32,1
3,113.895233,22.55875,2016-11-03 22:06:40,0
0,114.045868,22.531384,2016-11-03 22:06:43,1
4,113.96015200000001,22.546432,2016-11-03 22:06:40,0
2,114.12352,22.5471,2016-11-03 22:06:46,1
0,114.042419,22.531133999999998,2016-11-03 22:06:58,1
3,113.89641599999999,22.557867,2016-11-03 22:07:00,0
2,114.123581,22.54715,2016-11-03 22:07:01,1
4,113.959846,22.544468,2016-11-03 22:06:55,0
1,114.11223600000001,22.538017,2016-11-03 22:07:09,0
2,114.12359599999999,22.54715,2016-11-03 22:07:09,1
4,113.95978500000001,22.544082999999997,2016-11-03 22:07:10,0
0,114.03968,22.530849,2016-11-03 22:07:13,1
1,114.11313600000001,22.538183,2016-11-03 22:07:16,0
3,113.89758300000001,22.556917000000002,2016-11-03 22:07:20,0
2,114.12411499999999,22.547367,2016-11-03 22:07:24,1
4,113.95978500000001,22.544082999999997,2016-11-03 22:07:25,0
0,114.036469,22.530533,2016-11-03 22:07:28,1
2,114.124886,22.547483,2016-11-03 22:07:32,1
1,114.11651599999999,22.539232000000002,2016-11-03 22:07:38,0
1,114.11651599999999,22.539232000000002,2016-11-03 22:07:39,0
3,113.89758300000001,22.556917000000002,2016-11-03 22:07:40,0
4,113.95978500000001,22.544082999999997,2016-11-03 22:07:40,0
2,114.12543500000001,22.54755,2016-11-03 22:07:47,1
1,114.11788200000001,22.538017,2016-11-03 22:07:54,0
4,113.959732,22.543283,2016-11-03 22:07:55,0
3,113.89758300000001,22.556917000000002,2016-11-03 22:08:00,0
2,114.125298,22.547518,2016-11-03 22:08:02,1
1,114.11928600000002,22.537951,2016-11-03 22:08:09,0
4,113.96077,22.542816000000002,2016-11-03 22:08:10,0
3,113.89758300000001,22.556917000000002,2016-11-03 22:08:20,0
4,113.962433,22.542217,2016-11-03 22:08:25,0
0,114.03061699999999,22.530167000000002,2016-11-03 22:07:58,1
0,114.02803,22.530649,2016-11-03 22:08:13,1
0,114.02498600000001,22.531467000000003,2016-11-03 22:08:28,1
1,114.12058300000001,22.538782,2016-11-03 22:08:18,0
1,114.121536,22.539382999999997,2016-11-03 22:08:25,0
1,114.122849,22.540251,2016-11-03 22:08:33,0
3,113.89758300000001,22.556917000000002,2016-11-03 22:08:40,0
4,113.96373,22.541683,2016-11-03 22:08:40,0
0,114.02233100000001,22.532034,2016-11-03 22:08:43,1
1,114.12546499999999,22.541967,2016-11-03 22:08:48,0
4,113.965515,22.541,2016-11-03 22:08:55,0
0,114.019066,22.531933,2016-11-03 22:08:58,1
3,113.89758300000001,22.556917000000002,2016-11-03 22:09:00,0
1,114.127899,22.543233999999998,2016-11-03 22:09:03,0
4,113.96727,22.54035,2016-11-03 22:09:10,0
1,114.129097,22.543833,2016-11-03 22:09:11,0
0,114.016296,22.5313,2016-11-03 22:09:13,1
3,113.89883400000001,22.556032000000002,2016-11-03 22:09:20,0
4,113.96869699999999,22.539818,2016-11-03 22:09:25,0
1,114.13141599999999,22.545067,2016-11-03 22:09:26,0
0,114.013718,22.530649,2016-11-03 22:09:28,1
3,113.900047,22.555099,2016-11-03 22:09:40,0
4,113.970032,22.539351,2016-11-03 22:09:40,0
1,114.13348400000001,22.546132999999998,2016-11-03 22:09:41,0
0,114.011284,22.530132000000002,2016-11-03 22:09:43,1
4,113.970032,22.539351,2016-11-03 22:09:55,0
1,114.135101,22.547567,2016-11-03 22:09:56,0
0,114.00816299999998,22.529667,2016-11-03 22:09:58,1
3,113.901352,22.554117,2016-11-03 22:10:00,0
2,114.136269,22.548866,2016-11-03 22:10:06,1
4,113.970032,22.539351,2016-11-03 22:10:10,0
0,114.005348,22.52985,2016-11-03 22:10:13,1
2,114.136269,22.549417000000002,2016-11-03 22:10:14,1
3,113.901634,22.553883,2016-11-03 22:10:20,0
4,113.970551,22.53915,2016-11-03 22:10:25,0
0,114.00202900000001,22.530148999999998,2016-11-03 22:10:28,1
3,113.902763,22.554382,2016-11-03 22:10:40,0
4,113.971497,22.538816,2016-11-03 22:10:40,0
0,113.99926799999999,22.529833,2016-11-03 22:10:43,1
4,113.97316699999999,22.538168,2016-11-03 22:10:55,0
0,113.996429,22.528816,2016-11-03 22:10:58,1
2,114.136353,22.549732000000002,2016-11-03 22:10:37,1
3,113.90343500000002,22.554968,2016-11-03 22:11:00,0
2,114.136353,22.549732000000002,2016-11-03 22:10:45,1
2,114.136353,22.549732000000002,2016-11-03 22:10:46,1
2,114.138535,22.552834,2016-11-03 22:10:53,1
2,114.138916,22.553617000000003,2016-11-03 22:11:01,1
4,113.975082,22.537251,2016-11-03 22:11:11,0
0,113.99434699999999,22.527582000000002,2016-11-03 22:11:12,1
1,114.14238,22.550167000000002,2016-11-03 22:11:18,0
3,113.904747,22.555918,2016-11-03 22:11:20,0
1,114.142548,22.550182,2016-11-03 22:11:24,0
4,113.97663100000001,22.536551,2016-11-03 22:11:26,0
0,113.992104,22.526217000000003,2016-11-03 22:11:28,1
3,113.905479,22.554733,2016-11-03 22:11:40,0
4,113.97831699999999,22.536167000000003,2016-11-03 22:11:41,0
0,113.989632,22.525,2016-11-03 22:11:43,1
1,114.14258600000001,22.549298999999998,2016-11-03 22:11:48,0
1,114.14238,22.548866,2016-11-03 22:11:55,0
4,113.97921799999999,22.536082999999998,2016-11-03 22:11:56,0
0,113.986351,22.523884,2016-11-03 22:11:58,1
3,113.90576899999999,22.554282999999998,2016-11-03 22:12:00,0
1,114.14168500000001,22.547767999999998,2016-11-03 22:12:10,0
4,113.979568,22.535999,2016-11-03 22:12:11,0
3,113.90653200000001,22.5534,2016-11-03 22:12:20,0
0,113.983383,22.523251000000002,2016-11-03 22:12:13,1
4,113.979568,22.535999,2016-11-03 22:12:26,0
1,114.14126599999999,22.547216,2016-11-03 22:12:25,0
0,113.98013300000001,22.522932,2016-11-03 22:12:28,1
1,114.141296,22.547167,2016-11-03 22:12:40,0
3,113.90713500000001,22.552383,2016-11-03 22:12:40,0
4,113.980103,22.535933,2016-11-03 22:12:41,0
0,113.97716499999999,22.522917,2016-11-03 22:12:43,1
4,113.980286,22.535933,2016-11-03 22:12:56,0
0,113.973579,22.522867,2016-11-03 22:12:58,1
1,114.141632,22.547016,2016-11-03 22:12:55,0
3,113.90848500000001,22.550283,2016-11-03 22:13:00,0
1,114.14164699999999,22.546867000000002,2016-11-03 22:13:02,0
4,113.981567,22.535933,2016-11-03 22:13:11,0
0,113.970596,22.522833,2016-11-03 22:13:13,1
3,113.909447,22.547483,2016-11-03 22:13:20,0
4,113.98159799999999,22.53595,2016-11-03 22:13:26,0
0,113.9674,22.52285,2016-11-03 22:13:28,1
3,113.909668,22.545433,2016-11-03 22:13:40,0
0,113.96471399999999,22.522867,2016-11-03 22:13:43,1
0,113.96157099999999,22.52285,2016-11-03 22:13:58,1
3,113.909683,22.545,2016-11-03 22:14:00,0
0,113.958832,22.522966,2016-11-03 22:14:13,1
4,113.98159799999999,22.53595,2016-11-03 22:13:41,0
4,113.98159799999999,22.53595,2016-11-03 22:13:54,1
4,113.98331499999999,22.5362,2016-11-03 22:14:09,1
3,113.911079,22.54435,2016-11-03 22:14:20,0
4,113.985817,22.536217,2016-11-03 22:14:24,1
3,113.913147,22.54385,2016-11-03 22:14:40,0
4,113.988403,22.535999,2016-11-03 22:14:39,1
4,113.990265,22.53545,2016-11-03 22:14:54,1
3,113.91521499999999,22.543233999999998,2016-11-03 22:15:00,0
4,113.99185200000001,22.53475,2016-11-03 22:15:09,1
2,114.17353100000001,22.5623,2016-11-03 22:15:12,1
3,113.91686999999999,22.543132999999997,2016-11-03 22:15:20,0
2,114.17353100000001,22.5623,2016-11-03 22:15:16,1
2,114.17353100000001,22.5623,2016-11-03 22:15:24,1
4,113.992798,22.533882000000002,2016-11-03 22:15:24,1
2,114.17353100000001,22.5623,2016-11-03 22:15:33,1
2,114.17353100000001,22.5623,2016-11-03 22:15:39,1
4,113.993149,22.531866,2016-11-03 22:15:39,1
3,113.918449,22.543132999999997,2016-11-03 22:15:40,0
2,114.17353100000001,22.5623,2016-11-03 22:15:54,1
4,113.99337,22.529934,2016-11-03 22:15:54,1
0,113.948952,22.523701000000003,2016-11-03 22:15:57,1
0,113.948936,22.523451,2016-11-03 22:15:58,1
3,113.918449,22.543132999999997,2016-11-03 22:16:00,0
2,114.17353100000001,22.5623,2016-11-03 22:16:09,1
4,113.993652,22.528017000000002,2016-11-03 22:16:09,1
0,113.9487,22.521632999999998,2016-11-03 22:16:10,1
3,113.91898300000001,22.5431,2016-11-03 22:16:20,0
4,113.992302,22.526716,2016-11-03 22:16:24,1
2,114.17353100000001,22.5623,2016-11-03 22:16:24,1
0,113.94838,22.519333,2016-11-03 22:16:25,1
2,114.17353100000001,22.5623,2016-11-03 22:16:39,1
3,113.919182,22.543633,2016-11-03 22:16:40,0
0,113.94803600000002,22.5166,2016-11-03 22:16:40,1
4,113.99028,22.525417,2016-11-03 22:16:39,1
4,113.98722099999999,22.524134,2016-11-03 22:16:54,1
2,114.17353100000001,22.5623,2016-11-03 22:16:54,1
0,113.94763200000001,22.514167999999998,2016-11-03 22:16:54,1
3,113.920685,22.543582999999998,2016-11-03 22:17:00,0
4,113.98391699999999,22.5233,2016-11-03 22:17:09,1
2,114.17353100000001,22.5623,2016-11-03 22:17:09,1
0,113.94713600000001,22.511817999999998,2016-11-03 22:17:10,1
3,113.920883,22.544367,2016-11-03 22:17:20,0
2,114.17353100000001,22.5623,2016-11-03 22:17:24,1
4,113.98058300000001,22.522949,2016-11-03 22:17:24,1
0,113.94677,22.510099,2016-11-03 22:17:24,1
2,114.17353100000001,22.5623,2016-11-03 22:17:39,1
4,113.97715,22.522917,2016-11-03 22:17:39,1
3,113.922249,22.544399,2016-11-03 22:17:40,0
0,113.946381,22.508034,2016-11-03 22:17:40,1
4,113.973518,22.522949,2016-11-03 22:17:54,1
2,114.17353100000001,22.5623,2016-11-03 22:17:54,1
0,113.94636499999999,22.506149,2016-11-03 22:17:55,1
3,113.92244699999999,22.545366,2016-11-03 22:18:00,0
2,114.17353100000001,22.5623,2016-11-03 22:18:02,1
4,113.969971,22.522932,2016-11-03 22:18:09,1
0,113.946564,22.503817,2016-11-03 22:18:10,1
3,113.92246999999999,22.545382999999998,2016-11-03 22:18:16,1
2,114.17353100000001,22.5623,2016-11-03 22:18:17,1
4,113.96678200000001,22.522917,2016-11-03 22:18:24,1
2,114.17353100000001,22.5623,2016-11-03 22:18:25,1
0,113.94661699999999,22.502466000000002,2016-11-03 22:18:25,1
3,113.922546,22.545717,2016-11-03 22:18:36,1
4,113.96347,22.5229,2016-11-03 22:18:39,1
2,114.17353100000001,22.5623,2016-11-03 22:18:40,1
0,113.94663200000001,22.50145,2016-11-03 22:18:40,1
4,113.96032,22.522882,2016-11-03 22:18:54,1
2,114.17353100000001,22.5623,2016-11-03 22:18:55,1
3,113.922417,22.544884,2016-11-03 22:18:56,1
0,113.946503,22.4995,2016-11-03 22:18:55,1
2,114.17353100000001,22.5623,2016-11-03 22:19:03,1
0,113.94635,22.497183,2016-11-03 22:19:10,1
4,113.956902,22.523149,2016-11-03 22:19:09,1
3,113.92231799999999,22.5434,2016-11-03 22:19:16,1
2,114.17353100000001,22.5623,2016-11-03 22:19:18,1
4,113.953796,22.523533,2016-11-03 22:19:24,1
0,113.94643400000001,22.495001000000002,2016-11-03 22:19:25,1
3,113.92231799999999,22.5401,2016-11-03 22:19:36,1
4,113.950966,22.523849,2016-11-03 22:19:39,1
0,113.946518,22.49435,2016-11-03 22:19:40,1
4,113.94781499999999,22.524267000000002,2016-11-03 22:19:54,1
3,113.92238600000002,22.53915,2016-11-03 22:19:56,1
0,113.946602,22.493682999999997,2016-11-03 22:19:55,1
1,114.142967,22.549999,2016-11-03 22:19:59,0
1,114.142967,22.549982,2016-11-03 22:20:02,0
2,114.17353100000001,22.5623,2016-11-03 22:19:26,1
2,114.17353100000001,22.5623,2016-11-03 22:19:35,1
2,114.17353100000001,22.5623,2016-11-03 22:19:41,1
2,114.17353100000001,22.5623,2016-11-03 22:19:49,1
2,114.17353100000001,22.5623,2016-11-03 22:19:51,1
2,114.17353100000001,22.5623,2016-11-03 22:19:57,1
2,114.17353100000001,22.5623,2016-11-03 22:20:05,1
1,114.142967,22.549999,2016-11-03 22:20:10,0
4,113.94461799999999,22.524599,2016-11-03 22:20:09,1
0,113.94677,22.491699,2016-11-03 22:20:10,1
3,113.92238600000002,22.53915,2016-11-03 22:20:16,1
2,114.17353100000001,22.5623,2016-11-03 22:20:20,1
1,114.14295200000001,22.550016,2016-11-03 22:20:25,0
4,113.94203200000001,22.524851,2016-11-03 22:20:24,1
0,113.94560200000001,22.49025,2016-11-03 22:20:25,1
1,114.142967,22.5501,2016-11-03 22:20:33,0
2,114.17353100000001,22.5623,2016-11-03 22:20:35,1
3,113.922569,22.538267,2016-11-03 22:20:36,1
1,114.14267,22.5502,2016-11-03 22:20:41,0
0,113.94308500000001,22.490282,2016-11-03 22:20:40,1
2,114.17353100000001,22.5623,2016-11-03 22:20:50,1
3,113.923019,22.535868,2016-11-03 22:20:56,1
0,113.941681,22.490351,2016-11-03 22:20:55,1
1,114.140846,22.54995,2016-11-03 22:21:05,0
4,113.93703500000001,22.52545,2016-11-03 22:21:09,1
1,114.140549,22.54995,2016-11-03 22:21:12,0
2,114.17353100000001,22.5623,2016-11-03 22:21:05,1
2,114.17353100000001,22.5623,2016-11-03 22:21:13,1
2,114.17353100000001,22.5623,2016-11-03 22:21:15,1
3,113.92485,22.535334,2016-11-03 22:21:16,1
2,114.17353100000001,22.5623,2016-11-03 22:21:21,1
0,113.941704,22.490351,2016-11-03 22:21:10,1
4,113.936203,22.523083,2016-11-03 22:21:24,1
1,114.140419,22.54995,2016-11-03 22:21:27,0
0,113.941368,22.490299,2016-11-03 22:21:25,1
3,113.92658200000001,22.534634,2016-11-03 22:21:36,1
4,113.93551599999999,22.521383,2016-11-03 22:21:39,1
1,114.140419,22.54995,2016-11-03 22:21:42,0
2,114.17353100000001,22.5623,2016-11-03 22:21:44,1
2,114.17353100000001,22.5623,2016-11-03 22:21:46,1
4,113.93502,22.520517,2016-11-03 22:21:54,1
3,113.925102,22.531799,2016-11-03 22:21:56,1
1,114.140381,22.54995,2016-11-03 22:21:57,0
4,113.93502,22.520517,2016-11-03 22:21:56,0
2,114.17353100000001,22.5623,2016-11-03 22:21:59,1
1,114.14033500000001,22.54995,2016-11-03 22:22:12,0
4,113.93502,22.520517,2016-11-03 22:22:11,0
2,114.17353100000001,22.5623,2016-11-03 22:22:14,1
3,113.92424799999999,22.528868,2016-11-03 22:22:16,1
1,114.14031999999999,22.549967000000002,2016-11-03 22:22:20,0
4,113.93502,22.520517,2016-11-03 22:22:26,0
2,114.17353100000001,22.5623,2016-11-03 22:22:29,1
1,114.140297,22.549967000000002,2016-11-03 22:22:35,0
3,113.923698,22.526649,2016-11-03 22:22:36,1
4,113.93502,22.520517,2016-11-03 22:22:41,0
2,114.17353100000001,22.5623,2016-11-03 22:22:44,1
1,114.14033500000001,22.549967000000002,2016-11-03 22:22:50,0
4,113.93405200000001,22.520733,2016-11-03 22:22:57,0
3,113.925003,22.525467000000003,2016-11-03 22:22:56,1
2,114.17353100000001,22.5623,2016-11-03 22:22:59,1
1,114.14036599999999,22.549982,2016-11-03 22:23:05,0
4,113.93405200000001,22.520733,2016-11-03 22:23:07,1
2,114.17353100000001,22.5623,2016-11-03 22:23:14,1
1,114.140404,22.549982,2016-11-03 22:23:20,0
3,113.927231,22.5252,2016-11-03 22:23:16,1
4,113.933647,22.520617,2016-11-03 22:23:22,1
1,114.140404,22.549982,2016-11-03 22:23:28,0
2,114.17353100000001,22.5623,2016-11-03 22:23:29,1
3,113.93058,22.524798999999998,2016-11-03 22:23:36,1
4,113.93325,22.519466,2016-11-03 22:23:36,1
1,114.140381,22.549982,2016-11-03 22:23:43,0
2,114.17353100000001,22.5623,2016-11-03 22:23:44,1
1,114.140381,22.549982,2016-11-03 22:23:51,0
4,113.932701,22.518583,2016-11-03 22:23:51,1
3,113.933746,22.5243,2016-11-03 22:23:56,1
2,114.17353100000001,22.5623,2016-11-03 22:23:59,1
1,114.14036599999999,22.549967000000002,2016-11-03 22:24:06,0
4,113.932098,22.518732,2016-11-03 22:24:06,1
2,114.17353100000001,22.5623,2016-11-03 22:24:14,1
3,113.936035,22.524134,2016-11-03 22:24:16,1
1,114.14036599999999,22.54995,2016-11-03 22:24:21,0
4,113.931351,22.518117999999998,2016-11-03 22:24:21,1
2,114.17353100000001,22.5623,2016-11-03 22:24:29,1
1,114.14035,22.549967000000002,2016-11-03 22:24:36,0
3,113.936035,22.522382999999998,2016-11-03 22:24:36,1
4,113.93055,22.517267,2016-11-03 22:24:37,1
2,114.17353100000001,22.5623,2016-11-03 22:24:37,1
1,114.14031999999999,22.549967000000002,2016-11-03 22:24:51,0
4,113.928482,22.517799,2016-11-03 22:24:52,1
3,113.936081,22.5221,2016-11-03 22:24:56,1
1,114.14031999999999,22.549967000000002,2016-11-03 22:25:06,0
1,114.14028200000001,22.549967000000002,2016-11-03 22:25:20,0
4,113.92793300000001,22.51795,2016-11-03 22:25:06,1
3,113.936081,22.5221,2016-11-03 22:25:16,1
4,113.92793300000001,22.51795,2016-11-03 22:25:22,1
3,113.936897,22.52145,2016-11-03 22:25:36,1
4,113.92793300000001,22.51795,2016-11-03 22:25:37,1
1,114.140221,22.549982,2016-11-03 22:25:36,0
1,114.140251,22.549999,2016-11-03 22:25:44,0
4,113.92793300000001,22.51795,2016-11-03 22:25:52,1
3,113.938347,22.520432999999997,2016-11-03 22:25:56,1
0,113.92392,22.490932,2016-11-03 22:25:59,0
0,113.923851,22.490967,2016-11-03 22:26:01,0
4,113.92793300000001,22.51795,2016-11-03 22:26:07,1
0,113.92371399999999,22.49095,2016-11-03 22:26:09,0
3,113.93758400000002,22.5177,2016-11-03 22:26:16,1
4,113.92793300000001,22.51795,2016-11-03 22:26:22,1
0,113.924683,22.4904,2016-11-03 22:26:24,0
3,113.936996,22.515698999999998,2016-11-03 22:26:36,1
4,113.927521,22.518032,2016-11-03 22:26:37,1
0,113.92561299999998,22.4897,2016-11-03 22:26:39,0
4,113.92600300000001,22.518,2016-11-03 22:26:52,1
2,114.17353100000001,22.5623,2016-11-03 22:26:55,1
0,113.925735,22.489599,2016-11-03 22:26:54,0
3,113.93636299999999,22.512917,2016-11-03 22:26:56,1
2,114.17353100000001,22.5623,2016-11-03 22:27:03,1
4,113.925079,22.518017,2016-11-03 22:27:07,1
0,113.925781,22.48955,2016-11-03 22:27:09,0
2,114.17353100000001,22.5623,2016-11-03 22:27:18,1
3,113.93641699999999,22.509732999999997,2016-11-03 22:27:16,1
4,113.925079,22.518017,2016-11-03 22:27:22,1
2,114.29985,22.604633,2016-11-03 22:27:33,1
3,113.93631699999999,22.508318,2016-11-03 22:27:36,1
4,113.925079,22.518017,2016-11-03 22:27:37,1
0,113.92698700000001,22.4891,2016-11-03 22:27:25,1
0,113.927071,22.48905,2016-11-03 22:27:40,1
2,114.30108600000001,22.604098999999998,2016-11-03 22:27:48,1
4,113.92469799999999,22.517982,2016-11-03 22:27:51,1
0,113.927071,22.48905,2016-11-03 22:27:55,1
3,113.93631699999999,22.508318,2016-11-03 22:27:56,1
4,113.92289699999999,22.51795,2016-11-03 22:28:07,1
0,113.9282,22.488968,2016-11-03 22:28:10,1
3,113.937752,22.5079,2016-11-03 22:28:16,1
4,113.92381999999999,22.517834,2016-11-03 22:28:22,1
0,113.93008400000001,22.489117,2016-11-03 22:28:25,1
3,113.93883500000001,22.506817,2016-11-03 22:28:36,1
4,113.924149,22.517401,2016-11-03 22:28:37,1
3,113.93881999999999,22.505867000000002,2016-11-03 22:28:48,0
0,113.93098400000001,22.489201,2016-11-03 22:28:40,1
4,113.924049,22.516701,2016-11-03 22:28:52,1
0,113.93098400000001,22.489201,2016-11-03 22:28:55,1
4,113.92400400000001,22.5166,2016-11-03 22:29:07,1
3,113.93881999999999,22.505867000000002,2016-11-03 22:29:08,0
0,113.931549,22.489384,2016-11-03 22:29:10,1
2,114.301483,22.603216,2016-11-03 22:28:03,1
2,114.301498,22.603216,2016-11-03 22:28:11,1
2,114.301483,22.603201000000002,2016-11-03 22:28:12,1
4,113.92400400000001,22.5166,2016-11-03 22:29:22,1
0,113.93101499999999,22.4909,2016-11-03 22:29:25,1
3,113.93881999999999,22.505867000000002,2016-11-03 22:29:28,0
4,113.923882,22.51605,2016-11-03 22:29:37,1
0,113.930252,22.492983,2016-11-03 22:29:40,1
2,114.305931,22.601282,2016-11-03 22:29:45,1
3,113.93881999999999,22.505867000000002,2016-11-03 22:29:48,0
2,114.306053,22.6012,2016-11-03 22:29:47,1
4,113.923882,22.51605,2016-11-03 22:29:52,1
4,113.923882,22.51605,2016-11-03 22:30:07,1
0,113.92984799999999,22.494301,2016-11-03 22:29:55,1
3,113.93885,22.504766,2016-11-03 22:30:08,0
0,113.92931399999999,22.496817,2016-11-03 22:30:10,1
4,113.92392,22.514933,2016-11-03 22:30:22,1
0,113.929184,22.497533999999998,2016-11-03 22:30:25,1
3,113.93890400000001,22.503632999999997,2016-11-03 22:30:29,0
0,113.92907,22.497868,2016-11-03 22:30:40,1
4,113.924034,22.514532,2016-11-03 22:30:37,1
1,114.14045,22.549982,2016-11-03 22:30:44,0
3,113.93890400000001,22.503632999999997,2016-11-03 22:30:49,0
4,113.92420200000001,22.514549,2016-11-03 22:30:52,1
0,113.92883300000001,22.499332,2016-11-03 22:30:55,1
4,113.92420200000001,22.514549,2016-11-03 22:31:07,1
3,113.93901799999999,22.50355,2016-11-03 22:31:08,0
4,113.924568,22.514584,2016-11-03 22:31:22,1
0,113.92823,22.502632000000002,2016-11-03 22:31:40,1
0,113.92823,22.502632000000002,2016-11-03 22:31:55,1
2,114.305099,22.6003,2016-11-03 22:32:06,0
2,114.305099,22.6003,2016-11-03 22:32:07,0
3,113.93895,22.50635,2016-11-03 22:31:29,0
0,113.92823,22.502632000000002,2016-11-03 22:32:10,1
4,113.92485,22.514566000000002,2016-11-03 22:31:37,1
0,113.92823,22.502632000000002,2016-11-03 22:32:25,1
2,114.305031,22.601067,2016-11-03 22:32:26,0
3,113.939865,22.507967,2016-11-03 22:31:49,0
4,113.92483500000002,22.515551000000002,2016-11-03 22:31:52,1
3,113.94241299999999,22.507717,2016-11-03 22:32:09,0
4,113.924103,22.515617000000002,2016-11-03 22:32:07,1
4,113.92400400000001,22.515966,2016-11-03 22:32:22,1
3,113.943382,22.506483,2016-11-03 22:32:29,0
2,114.305153,22.601032,2016-11-03 22:32:37,0
4,113.92413300000001,22.516648999999997,2016-11-03 22:32:37,1
4,113.92413300000001,22.516648999999997,2016-11-03 22:32:46,0
3,113.944199,22.507317,2016-11-03 22:32:49,0
1,114.140404,22.54995,2016-11-03 22:32:58,0
4,113.924232,22.517467,2016-11-03 22:33:01,0
0,113.927765,22.5054,2016-11-03 22:32:55,1
4,113.924232,22.517782,2016-11-03 22:33:14,1
2,114.305618,22.601433,2016-11-03 22:32:52,0
2,114.30587,22.601351,2016-11-03 22:33:02,0
2,114.306198,22.601084,2016-11-03 22:33:17,0
2,114.30621299999999,22.601101,2016-11-03 22:33:18,0
1,114.140083,22.549882999999998,2016-11-03 22:33:23,0
1,114.13960300000001,22.549816,2016-11-03 22:33:30,0
0,113.92733,22.507566,2016-11-03 22:33:25,1
0,113.92733,22.507566,2016-11-03 22:33:40,1
0,113.92733,22.507566,2016-11-03 22:33:55,1
4,113.924751,22.517866,2016-11-03 22:33:29,1
1,114.138168,22.552217000000002,2016-11-03 22:34:23,0
1,114.138351,22.552401,2016-11-03 22:34:24,0
0,113.927383,22.507566,2016-11-03 22:34:40,1
4,113.924751,22.517866,2016-11-03 22:34:14,1
0,113.92733,22.508882999999997,2016-11-03 22:34:55,1
1,114.13911399999999,22.55345,2016-11-03 22:34:54,0
1,114.13911399999999,22.55345,2016-11-03 22:34:55,0
1,114.13858,22.553499,2016-11-03 22:35:02,0
3,113.94601399999999,22.507032000000002,2016-11-03 22:34:27,1
4,113.92781799999999,22.518101,2016-11-03 22:34:44,1
3,113.947121,22.508051000000002,2016-11-03 22:34:47,1
1,114.138283,22.553182999999997,2016-11-03 22:35:11,0
4,113.927879,22.51935,2016-11-03 22:34:59,1
3,113.946533,22.507767,2016-11-03 22:35:07,1
2,114.304268,22.598351,2016-11-03 22:34:32,0
2,114.304253,22.598351,2016-11-03 22:34:40,0
2,114.304253,22.598351,2016-11-03 22:34:41,0
2,114.304115,22.598183,2016-11-03 22:34:47,0
2,114.303665,22.597668,2016-11-03 22:34:56,0
2,114.303665,22.597668,2016-11-03 22:34:57,0
2,114.30338300000001,22.597433,2016-11-03 22:35:11,0
4,113.927879,22.51935,2016-11-03 22:35:14,1
1,114.1381,22.552799,2016-11-03 22:35:16,0
2,114.30338300000001,22.59745,2016-11-03 22:35:19,0
0,113.927536,22.511132999999997,2016-11-03 22:35:10,1
0,113.92763500000001,22.512367,2016-11-03 22:35:25,1
3,113.94703700000001,22.510532,2016-11-03 22:35:27,1
2,114.30338300000001,22.597467,2016-11-03 22:35:34,0
4,113.927879,22.51935,2016-11-03 22:35:29,1
0,113.92761999999999,22.512383,2016-11-03 22:35:40,1
4,113.927917,22.520982999999998,2016-11-03 22:35:44,1
3,113.94763200000001,22.5133,2016-11-03 22:35:47,1
2,114.30345200000001,22.597467,2016-11-03 22:35:49,0
0,113.92761999999999,22.512383,2016-11-03 22:35:55,1
1,114.13776399999999,22.552067,2016-11-03 22:35:32,0
1,114.137169,22.551184,2016-11-03 22:35:41,0
1,114.13663500000001,22.550367,2016-11-03 22:35:47,0
1,114.135849,22.549132999999998,2016-11-03 22:35:55,0
2,114.30345200000001,22.597483,2016-11-03 22:35:57,0
1,114.135651,22.5488,2016-11-03 22:35:56,0
4,113.92823,22.522682,2016-11-03 22:35:59,1
1,114.135048,22.547867,2016-11-03 22:36:03,0
3,113.94828000000001,22.517134,2016-11-03 22:36:07,1
0,113.927498,22.512432,2016-11-03 22:36:10,1
2,114.30341299999999,22.597483,2016-11-03 22:36:12,0
4,113.92868,22.523916,2016-11-03 22:36:14,1
0,113.927521,22.5137,2016-11-03 22:36:25,1
3,113.94871499999999,22.520634,2016-11-03 22:36:27,1
1,114.133049,22.546017000000003,2016-11-03 22:36:18,0
1,114.131882,22.545366,2016-11-03 22:36:27,0
2,114.303398,22.597467,2016-11-03 22:36:27,0
4,113.93006899999999,22.524467,2016-11-03 22:36:29,1
1,114.13091999999999,22.544867,2016-11-03 22:36:33,0
0,113.927582,22.516083,2016-11-03 22:36:40,1
2,114.303436,22.59745,2016-11-03 22:36:42,0
1,114.128601,22.543617,2016-11-03 22:36:48,0
4,113.932266,22.52475,2016-11-03 22:36:44,1
3,113.949081,22.523617,2016-11-03 22:36:47,1
0,113.927681,22.517401,2016-11-03 22:36:55,1
2,114.30313100000001,22.597151,2016-11-03 22:36:57,0
4,113.93536399999999,22.524717000000003,2016-11-03 22:36:59,1
2,114.30263500000001,22.596718,2016-11-03 22:37:05,0
3,113.948631,22.525734,2016-11-03 22:37:07,1
0,113.92766599999999,22.5175,2016-11-03 22:37:10,1
1,114.12471799999999,22.541582000000002,2016-11-03 22:37:10,0
1,114.12436699999999,22.541367,2016-11-03 22:37:12,0
4,113.938553,22.524632999999998,2016-11-03 22:37:14,1
2,114.301598,22.59585,2016-11-03 22:37:20,0
0,113.92763500000001,22.517982,2016-11-03 22:37:25,1
1,114.12207,22.53985,2016-11-03 22:37:26,0
3,113.94693000000001,22.524616,2016-11-03 22:37:27,1
4,113.94162,22.524317,2016-11-03 22:37:29,1
0,113.927696,22.519466,2016-11-03 22:37:40,1
1,114.120186,22.538782,2016-11-03 22:37:41,0
4,113.945,22.52425,2016-11-03 22:37:44,1
3,113.943619,22.524798999999998,2016-11-03 22:37:47,1
0,113.927696,22.519517999999998,2016-11-03 22:37:55,1
1,114.11853,22.54015,2016-11-03 22:37:58,0
1,114.11786699999999,22.540001,2016-11-03 22:38:04,0
4,113.948517,22.523916,2016-11-03 22:37:59,1
3,113.94021599999999,22.524851,2016-11-03 22:38:07,1
4,113.95201899999999,22.523533,2016-11-03 22:38:14,1
1,114.11747,22.539818,2016-11-03 22:38:19,0
0,113.927696,22.519517999999998,2016-11-03 22:38:10,1
3,113.9375,22.524883,2016-11-03 22:38:27,1
0,113.927696,22.519517999999998,2016-11-03 22:38:25,1
4,113.95543700000002,22.523149,2016-11-03 22:38:29,1
1,114.116684,22.539516,2016-11-03 22:38:34,0
2,114.301552,22.595751,2016-11-03 22:37:35,0
2,114.30153700000001,22.595667000000002,2016-11-03 22:37:42,0
2,114.301483,22.595617,2016-11-03 22:37:44,0
2,114.3013,22.595382999999998,2016-11-03 22:37:51,0
2,114.30100300000001,22.594883,2016-11-03 22:37:58,0
2,114.300964,22.594767,2016-11-03 22:38:00,0
2,114.300735,22.594299,2016-11-03 22:38:14,0
2,114.30061299999998,22.593918,2016-11-03 22:38:22,0
2,114.30061299999998,22.593918,2016-11-03 22:38:23,0
2,114.300468,22.59355,2016-11-03 22:38:30,0
2,114.300301,22.593317000000003,2016-11-03 22:38:37,0
0,113.927696,22.519517999999998,2016-11-03 22:38:40,1
4,113.958832,22.522766,2016-11-03 22:38:44,1
3,113.934303,22.524851,2016-11-03 22:38:47,1
1,114.11525,22.538851,2016-11-03 22:38:49,0
2,114.29918700000002,22.592333,2016-11-03 22:38:53,0
0,113.927803,22.519882,2016-11-03 22:38:55,1
1,114.11406699999999,22.538432999999998,2016-11-03 22:38:57,0
4,113.96201299999998,22.52265,2016-11-03 22:38:59,1
3,113.930847,22.524967,2016-11-03 22:39:07,1
2,114.298851,22.5907,2016-11-03 22:39:07,0
1,114.11166399999999,22.538,2016-11-03 22:39:12,0
4,113.965446,22.522667000000002,2016-11-03 22:39:14,1
0,113.928169,22.522017,2016-11-03 22:39:10,1
2,114.29916399999999,22.588832999999997,2016-11-03 22:39:22,0
3,113.927551,22.525249,2016-11-03 22:39:27,1
1,114.109421,22.537701000000002,2016-11-03 22:39:27,0
4,113.96898700000001,22.522717,2016-11-03 22:39:29,1
0,113.92868,22.52425,2016-11-03 22:39:25,1
2,114.300301,22.587784,2016-11-03 22:39:37,0
0,113.929749,22.526699,2016-11-03 22:39:40,1
1,114.107101,22.537167,2016-11-03 22:39:42,0
4,113.972435,22.522766,2016-11-03 22:39:44,1
3,113.92446899999999,22.525932,2016-11-03 22:39:47,1
1,114.106003,22.537132,2016-11-03 22:39:50,0
2,114.301353,22.586533,2016-11-03 22:39:53,0
0,113.92968,22.526716,2016-11-03 22:39:55,1
4,113.9757,22.5228,2016-11-03 22:39:59,1
3,113.923065,22.526251000000002,2016-11-03 22:40:07,1
2,114.30113200000001,22.585917000000002,2016-11-03 22:40:08,0
0,113.928734,22.525267000000003,2016-11-03 22:40:10,1
4,113.978935,22.522818,2016-11-03 22:40:14,1
2,114.300735,22.584801000000002,2016-11-03 22:40:22,0
0,113.927116,22.5254,2016-11-03 22:40:25,1
3,113.923065,22.526251000000002,2016-11-03 22:40:27,1
4,113.98233,22.522932,2016-11-03 22:40:29,1
2,114.29972099999999,22.584967000000002,2016-11-03 22:40:31,0
0,113.92478200000001,22.525833,2016-11-03 22:40:40,1
4,113.98568,22.523533,2016-11-03 22:40:44,1
3,113.92296599999999,22.526716,2016-11-03 22:40:47,1
2,114.29776799999999,22.58555,2016-11-03 22:40:46,0
0,113.923019,22.526217000000003,2016-11-03 22:40:55,1
4,113.988869,22.524549,2016-11-03 22:40:59,1
2,114.29675300000001,22.585716,2016-11-03 22:40:54,0
3,113.92303500000001,22.527732999999998,2016-11-03 22:41:07,1
0,113.921669,22.526484,2016-11-03 22:41:10,1
4,113.991882,22.525949,2016-11-03 22:41:14,1
2,114.29371599999999,22.585532999999998,2016-11-03 22:41:18,0
0,113.92108200000001,22.526583,2016-11-03 22:41:25,1
2,114.29308300000001,22.585698999999998,2016-11-03 22:41:24,0
3,113.92318,22.528883,2016-11-03 22:41:27,1
4,113.9944,22.527483,2016-11-03 22:41:29,1
2,114.29146599999999,22.586682999999997,2016-11-03 22:41:39,0
0,113.92098200000001,22.526751,2016-11-03 22:41:40,1
4,113.9972,22.529066,2016-11-03 22:41:44,1
3,113.923248,22.529882,2016-11-03 22:41:47,1
2,114.288918,22.587383,2016-11-03 22:41:54,0
0,113.92098200000001,22.526751,2016-11-03 22:41:55,0
4,114.00048100000001,22.529984,2016-11-03 22:41:59,1
3,113.92326399999999,22.530898999999998,2016-11-03 22:42:07,1
2,114.287132,22.587917,2016-11-03 22:42:09,0
0,113.92098200000001,22.526751,2016-11-03 22:42:10,0
4,114.003914,22.529966,2016-11-03 22:42:14,1
3,113.92321799999999,22.531401000000002,2016-11-03 22:42:18,0
2,114.28501899999999,22.588818,2016-11-03 22:42:24,0
0,113.92098200000001,22.526751,2016-11-03 22:42:25,0
4,114.0075,22.5296,2016-11-03 22:42:29,1
1,114.10171499999998,22.54225,2016-11-03 22:42:36,0
3,113.92321799999999,22.531401000000002,2016-11-03 22:42:38,0
1,114.10171499999998,22.542282,2016-11-03 22:42:38,0
2,114.283134,22.58955,2016-11-03 22:42:39,0
0,113.92098200000001,22.526751,2016-11-03 22:42:40,0
4,114.01088,22.529966,2016-11-03 22:42:44,1
1,114.101669,22.542351,2016-11-03 22:42:46,0
0,113.920898,22.526768,2016-11-03 22:42:55,0
3,113.92321799999999,22.531401000000002,2016-11-03 22:42:58,0
4,114.014,22.530684,2016-11-03 22:42:59,1
2,114.28125,22.58975,2016-11-03 22:42:54,0
1,114.101646,22.542382999999997,2016-11-03 22:43:01,0
2,114.280502,22.58935,2016-11-03 22:43:02,0
1,114.101646,22.542334,2016-11-03 22:43:09,0
0,113.920914,22.526699,2016-11-03 22:43:10,1
4,114.01711999999999,22.531384,2016-11-03 22:43:15,1
3,113.92316399999999,22.53215,2016-11-03 22:43:18,0
0,113.920502,22.526751,2016-11-03 22:43:25,1
4,114.02013400000001,22.5319,2016-11-03 22:43:29,1
3,113.92316399999999,22.534149,2016-11-03 22:43:38,0
0,113.920052,22.526951,2016-11-03 22:43:40,1
4,114.022949,22.53175,2016-11-03 22:43:44,1
1,114.101685,22.542368,2016-11-03 22:43:24,0
1,114.10171499999998,22.542417999999998,2016-11-03 22:43:33,1
1,114.101753,22.542467000000002,2016-11-03 22:43:34,1
1,114.10178400000001,22.54285,2016-11-03 22:43:49,1
2,114.27887,22.589382,2016-11-03 22:43:17,0
2,114.278,22.589399,2016-11-03 22:43:25,0
2,114.277786,22.589382,2016-11-03 22:43:26,0
2,114.277046,22.589333,2016-11-03 22:43:33,0
2,114.276031,22.589617,2016-11-03 22:43:41,0
2,114.275749,22.589666,2016-11-03 22:43:42,0
3,113.92316399999999,22.535049,2016-11-03 22:43:58,0
4,114.024399,22.531317,2016-11-03 22:44:00,1
0,113.920647,22.5266,2016-11-03 22:43:55,1
2,114.274483,22.590432999999997,2016-11-03 22:43:56,0
0,113.92206599999999,22.526217000000003,2016-11-03 22:44:10,1
2,114.27288100000001,22.590598999999997,2016-11-03 22:44:11,0
4,114.02523000000001,22.531,2016-11-03 22:44:14,1
3,113.92418700000002,22.535351000000002,2016-11-03 22:44:18,0
1,114.10181399999999,22.543484,2016-11-03 22:44:04,1
1,114.10181399999999,22.543617,2016-11-03 22:44:13,1
1,114.102066,22.543734,2016-11-03 22:44:19,1
0,113.923897,22.525667000000002,2016-11-03 22:44:25,1
2,114.27073700000001,22.590782,2016-11-03 22:44:26,0
1,114.102814,22.543934,2016-11-03 22:44:27,1
4,114.026031,22.530033,2016-11-03 22:44:29,1
3,113.92593400000001,22.5354,2016-11-03 22:44:38,0
0,113.92586499999999,22.525534,2016-11-03 22:44:40,1
2,114.269997,22.590598999999997,2016-11-03 22:44:41,0
1,114.10468300000001,22.54435,2016-11-03 22:44:42,1
4,114.027084,22.529066,2016-11-03 22:44:44,1
2,114.269669,22.590616,2016-11-03 22:44:49,0
0,113.927353,22.525167,2016-11-03 22:44:55,1
3,113.926598,22.535418,2016-11-03 22:44:58,0
4,114.02843500000002,22.528366000000002,2016-11-03 22:44:59,1
2,114.26898200000001,22.590532,2016-11-03 22:45:04,0
0,113.929581,22.524851,2016-11-03 22:45:10,1
4,114.029335,22.527932999999997,2016-11-03 22:45:15,1
2,114.2686,22.5905,2016-11-03 22:45:19,0
3,113.926598,22.535418,2016-11-03 22:45:18,0
0,113.931351,22.524782000000002,2016-11-03 22:45:25,1
4,114.03029599999999,22.527399,2016-11-03 22:45:30,1
2,114.26851699999999,22.5905,2016-11-03 22:45:34,0
3,113.92733,22.535732,2016-11-03 22:45:38,0
0,113.93211399999998,22.524651000000002,2016-11-03 22:45:40,1
2,114.26836399999999,22.590483,2016-11-03 22:45:42,0
4,114.03096799999999,22.526833,2016-11-03 22:45:44,1
0,113.932549,22.524384,2016-11-03 22:45:55,1
2,114.268234,22.590366,2016-11-03 22:45:57,0
3,113.927231,22.53775,2016-11-03 22:45:58,0
4,114.03096799999999,22.526833,2016-11-03 22:45:59,1
0,113.93328100000001,22.523968,2016-11-03 22:46:10,1
2,114.269318,22.590366,2016-11-03 22:46:12,0
4,114.0298,22.527,2016-11-03 22:46:14,1
1,114.10641499999998,22.544732999999997,2016-11-03 22:46:17,1
3,113.927132,22.540233999999998,2016-11-03 22:46:18,0
2,114.269966,22.590232999999998,2016-11-03 22:46:20,0
0,113.93502,22.524134,2016-11-03 22:46:25,1
2,114.27095,22.589899,2016-11-03 22:46:35,0
3,113.92710100000001,22.542601,2016-11-03 22:46:38,0
0,113.93623400000001,22.523283,2016-11-03 22:46:40,1
4,114.02866399999999,22.526716,2016-11-03 22:46:30,1
4,114.028099,22.526583,2016-11-03 22:46:45,1
4,114.028099,22.526583,2016-11-03 22:46:46,0
2,114.271751,22.589582,2016-11-03 22:46:50,0
0,113.935883,22.5221,2016-11-03 22:46:54,1
3,113.927132,22.545282,2016-11-03 22:46:58,0
4,114.028099,22.526583,2016-11-03 22:47:01,0
2,114.272598,22.589184,2016-11-03 22:47:05,0
0,113.935135,22.519951000000002,2016-11-03 22:47:10,1
4,114.028099,22.526583,2016-11-03 22:47:16,0
3,113.928032,22.547649,2016-11-03 22:47:18,0
2,114.27308700000002,22.5889,2016-11-03 22:47:20,0
0,113.934601,22.518534,2016-11-03 22:47:24,1
2,114.272484,22.589333,2016-11-03 22:47:35,0
4,114.028099,22.526583,2016-11-03 22:47:31,0
0,113.93457,22.518467,2016-11-03 22:47:40,1
2,114.27168300000001,22.589666,2016-11-03 22:47:50,0
0,113.93457,22.518467,2016-11-03 22:47:55,1
1,114.11348000000001,22.545683,2016-11-03 22:48:00,1
3,113.92886399999999,22.549316,2016-11-03 22:47:38,0
4,114.028099,22.526583,2016-11-03 22:47:46,0
2,114.271629,22.589684,2016-11-03 22:48:05,0
1,114.113983,22.545782,2016-11-03 22:48:08,1
3,113.93045,22.54925,2016-11-03 22:47:58,0
4,114.027367,22.526484,2016-11-03 22:48:01,0
0,113.93457,22.518467,2016-11-03 22:48:10,1
4,114.02698500000001,22.526733,2016-11-03 22:48:16,0
2,114.271652,22.589567000000002,2016-11-03 22:48:20,0
3,113.93108400000001,22.548599,2016-11-03 22:48:18,0
1,114.11586799999999,22.546083,2016-11-03 22:48:23,1
0,113.934547,22.5184,2016-11-03 22:48:24,1
4,114.02656599999999,22.526867000000003,2016-11-03 22:48:31,0
1,114.11651599999999,22.54635,2016-11-03 22:48:31,1
2,114.271698,22.589634,2016-11-03 22:48:35,0
3,113.93083200000001,22.54705,2016-11-03 22:48:38,0
0,113.933952,22.516701,2016-11-03 22:48:40,1
1,114.117104,22.5467,2016-11-03 22:48:46,1
4,114.02573400000001,22.526417000000002,2016-11-03 22:48:46,0
2,114.271317,22.589832,2016-11-03 22:48:50,0
0,113.933182,22.514482,2016-11-03 22:48:54,1
3,113.93087,22.54615,2016-11-03 22:48:58,0
4,114.025719,22.525967,2016-11-03 22:49:01,0
1,114.11696599999999,22.547434,2016-11-03 22:49:01,1
2,114.271049,22.589916,2016-11-03 22:49:05,0
0,113.93278500000001,22.513233,2016-11-03 22:49:10,1
1,114.11696599999999,22.547684,2016-11-03 22:49:16,1
4,114.02597,22.5256,2016-11-03 22:49:16,0
3,113.93087,22.54615,2016-11-03 22:49:18,0
2,114.270683,22.590017,2016-11-03 22:49:20,0
0,113.932671,22.512332999999998,2016-11-03 22:49:25,1
2,114.27048500000001,22.590082000000002,2016-11-03 22:49:28,0
1,114.117668,22.547832,2016-11-03 22:49:31,1
4,114.02646599999999,22.524982,2016-11-03 22:49:31,0
3,113.930916,22.545267000000003,2016-11-03 22:49:38,0
2,114.270302,22.590099,2016-11-03 22:49:43,0
1,114.1185,22.547732999999997,2016-11-03 22:49:46,1
4,114.02608500000001,22.524549,2016-11-03 22:49:46,0
0,113.932732,22.50975,2016-11-03 22:49:40,1
0,113.93276999999999,22.508249,2016-11-03 22:49:55,1
3,113.93083200000001,22.54425,2016-11-03 22:49:58,0
2,114.269997,22.590232999999998,2016-11-03 22:49:58,0
1,114.119781,22.547716,2016-11-03 22:50:01,1
4,114.02561999999999,22.524117,2016-11-03 22:50:01,0
0,113.93276999999999,22.508217000000002,2016-11-03 22:50:10,1
2,114.26915,22.5905,2016-11-03 22:50:13,0
1,114.121017,22.547882,2016-11-03 22:50:16,1
4,114.02561999999999,22.524117,2016-11-03 22:50:16,0
3,113.93083200000001,22.54425,2016-11-03 22:50:18,0
0,113.93276999999999,22.50705,2016-11-03 22:50:25,1
2,114.26886699999999,22.590483,2016-11-03 22:50:28,0
1,114.122147,22.548317,2016-11-03 22:50:31,1
4,114.02646599999999,22.5235,2016-11-03 22:50:31,0
3,113.93083200000001,22.54425,2016-11-03 22:50:38,0
0,113.93274699999999,22.504583,2016-11-03 22:50:40,1
2,114.268753,22.590483,2016-11-03 22:50:43,0
1,114.122353,22.548401000000002,2016-11-03 22:50:46,1
4,114.02694699999999,22.523251000000002,2016-11-03 22:50:46,0
3,113.930649,22.543533,2016-11-03 22:50:58,0
2,114.26833300000001,22.59045,2016-11-03 22:50:58,0
1,114.122749,22.548634,2016-11-03 22:51:01,1
4,114.027702,22.522917,2016-11-03 22:51:01,0
0,113.9328,22.503218,2016-11-03 22:50:55,1
0,113.934013,22.503,2016-11-03 22:51:10,1
2,114.26773100000001,22.590432999999997,2016-11-03 22:51:13,0
1,114.12291699999999,22.548901,2016-11-03 22:51:16,1
4,114.02788500000001,22.522833,2016-11-03 22:51:16,0
3,113.93032099999999,22.542917000000003,2016-11-03 22:51:18,0
2,114.26711999999999,22.590432999999997,2016-11-03 22:51:21,0
0,113.93458600000001,22.502968,2016-11-03 22:51:25,0
1,114.122902,22.549101,2016-11-03 22:51:31,1
4,114.02858,22.522448999999998,2016-11-03 22:51:31,0
2,114.265846,22.589933,2016-11-03 22:51:36,0
3,113.92845200000001,22.54295,2016-11-03 22:51:38,0
0,113.93458600000001,22.502968,2016-11-03 22:51:40,0
1,114.122803,22.549583,2016-11-03 22:51:46,1
4,114.02943400000001,22.522017,2016-11-03 22:51:46,0
0,113.93458600000001,22.502968,2016-11-03 22:51:55,0
1,114.12271899999999,22.549732000000002,2016-11-03 22:52:01,1
4,114.02943400000001,22.522017,2016-11-03 22:52:01,0
0,113.93506599999999,22.502733,2016-11-03 22:52:10,0
1,114.122704,22.549767000000003,2016-11-03 22:52:16,1
4,114.02943400000001,22.522017,2016-11-03 22:52:16,0
4,114.02943400000001,22.522017,2016-11-03 22:52:19,1
3,113.926102,22.543083,2016-11-03 22:51:58,0
2,114.26546499999999,22.589399,2016-11-03 22:51:44,0
2,114.264885,22.588734,2016-11-03 22:51:53,0
2,114.26446499999999,22.588117999999998,2016-11-03 22:51:59,0
2,114.26408400000001,22.587183,2016-11-03 22:52:07,0
2,114.26396899999999,22.586967,2016-11-03 22:52:09,0
2,114.26349599999999,22.58625,2016-11-03 22:52:15,0
3,113.926918,22.543501000000003,2016-11-03 22:52:18,0
2,114.26265,22.585068,2016-11-03 22:52:23,0
0,113.935051,22.501417,2016-11-03 22:52:25,0
1,114.122635,22.549767000000003,2016-11-03 22:52:31,1
4,114.029816,22.521917000000002,2016-11-03 22:52:34,1
3,113.92696399999998,22.541183,2016-11-03 22:52:38,0
2,114.260368,22.58285,2016-11-03 22:52:38,0
0,113.933769,22.500999,2016-11-03 22:52:40,0
1,114.12262,22.549801000000002,2016-11-03 22:52:46,1
2,114.25911699999999,22.58185,2016-11-03 22:52:46,0
4,114.030602,22.5231,2016-11-03 22:52:49,1
0,113.933136,22.501417,2016-11-03 22:52:55,0
3,113.92698700000001,22.538549,2016-11-03 22:52:58,0
1,114.12262,22.549784,2016-11-03 22:53:01,1
2,114.25708,22.580233,2016-11-03 22:53:01,0
4,114.030685,22.523184,2016-11-03 22:53:04,1
0,113.93293,22.50375,2016-11-03 22:53:10,0
1,114.122597,22.549982,2016-11-03 22:53:16,1
2,114.25502,22.578583,2016-11-03 22:53:16,0
3,113.926849,22.535632999999997,2016-11-03 22:53:18,0
4,114.03096799999999,22.523617,2016-11-03 22:53:19,1
0,113.93293,22.505501000000002,2016-11-03 22:53:25,0
1,114.122597,22.550051,2016-11-03 22:53:31,1
2,114.25303600000001,22.577284,2016-11-03 22:53:30,0
4,114.03096799999999,22.523617,2016-11-03 22:53:34,1
3,113.926849,22.535632999999997,2016-11-03 22:53:39,0
0,113.93296799999999,22.507433,2016-11-03 22:53:40,0
1,114.12253600000001,22.550432,2016-11-03 22:53:46,1
2,114.25036599999999,22.575899,2016-11-03 22:53:46,0
4,114.03096799999999,22.523617,2016-11-03 22:53:49,1
0,113.93298300000001,22.50865,2016-11-03 22:53:55,0
3,113.926849,22.535632999999997,2016-11-03 22:53:59,0
1,114.122398,22.551067,2016-11-03 22:54:01,1
2,114.24906899999999,22.5753,2016-11-03 22:54:01,0
4,114.03096799999999,22.523617,2016-11-03 22:54:04,1
2,114.24906899999999,22.5753,2016-11-03 22:54:16,0
3,113.927765,22.535851,2016-11-03 22:54:19,0
4,114.03096799999999,22.523617,2016-11-03 22:54:19,1
0,113.932999,22.508751,2016-11-03 22:54:10,0
0,113.932999,22.508751,2016-11-03 22:54:25,0
2,114.24906899999999,22.5753,2016-11-03 22:54:31,0
4,114.031998,22.52515,2016-11-03 22:54:34,1
3,113.927765,22.535851,2016-11-03 22:54:39,0
0,113.932999,22.508751,2016-11-03 22:54:40,0
2,114.24906899999999,22.5753,2016-11-03 22:54:46,0
4,114.0326,22.526318,2016-11-03 22:54:49,1
2,114.24906899999999,22.5753,2016-11-03 22:54:54,0
3,113.927765,22.535851,2016-11-03 22:54:59,0
3,113.927765,22.535851,2016-11-03 22:55:02,1
4,114.031281,22.52705,2016-11-03 22:55:04,1
0,113.932999,22.508751,2016-11-03 22:54:55,0
2,114.24906899999999,22.5753,2016-11-03 22:55:09,0
0,113.932999,22.508751,2016-11-03 22:55:10,0
1,114.122169,22.552082000000002,2016-11-03 22:55:19,0
4,114.029099,22.528217,2016-11-03 22:55:19,1
2,114.24906899999999,22.5753,2016-11-03 22:55:24,0
0,113.932999,22.508751,2016-11-03 22:55:25,0
1,114.122147,22.552067,2016-11-03 22:55:26,0
3,113.927299,22.537382,2016-11-03 22:55:22,1
4,114.026802,22.529617000000002,2016-11-03 22:55:34,1
0,113.93296799999999,22.509268,2016-11-03 22:55:40,0
1,114.122169,22.55205,2016-11-03 22:55:41,0
3,113.92716999999999,22.539682,2016-11-03 22:55:42,1
4,114.025749,22.530767,2016-11-03 22:55:49,1
0,113.932999,22.51055,2016-11-03 22:55:55,0
1,114.122169,22.552032,2016-11-03 22:55:57,1
3,113.927116,22.541833999999998,2016-11-03 22:56:02,1
0,113.932953,22.512383,2016-11-03 22:56:10,0
1,114.12175,22.551983,2016-11-03 22:56:12,1
4,114.02424599999999,22.531834,2016-11-03 22:56:04,1
2,114.24906899999999,22.5753,2016-11-03 22:55:39,0
4,114.021667,22.532284,2016-11-03 22:56:19,1
2,114.24906899999999,22.5753,2016-11-03 22:55:47,0
2,114.24906899999999,22.5753,2016-11-03 22:55:49,0
2,114.24906899999999,22.5753,2016-11-03 22:55:55,0
2,114.227898,22.567717000000002,2016-11-03 22:56:03,0
2,114.22734799999999,22.567583,2016-11-03 22:56:05,0
2,114.224731,22.567083,2016-11-03 22:56:18,0
3,113.92703200000001,22.543934,2016-11-03 22:56:22,1
1,114.120949,22.552116,2016-11-03 22:56:27,1
2,114.22345,22.566833,2016-11-03 22:56:26,0
4,114.019318,22.532,2016-11-03 22:56:34,1
1,114.120499,22.552151000000002,2016-11-03 22:56:42,1
2,114.22345,22.566833,2016-11-03 22:56:41,0
3,113.92759699999999,22.546801000000002,2016-11-03 22:56:42,1
4,114.01626599999999,22.5313,2016-11-03 22:56:49,1
0,113.933884,22.515882,2016-11-03 22:56:40,0
0,113.934448,22.517517,2016-11-03 22:56:55,0
1,114.11985,22.552151000000002,2016-11-03 22:56:57,1
2,114.22345,22.566833,2016-11-03 22:56:57,0
4,114.01298500000001,22.53055,2016-11-03 22:57:04,1
3,113.928749,22.549732000000002,2016-11-03 22:57:02,1
0,113.93458600000001,22.517982,2016-11-03 22:57:10,0
2,114.22345,22.566833,2016-11-03 22:57:12,0
1,114.119316,22.55195,2016-11-03 22:57:12,1
1,114.11893500000001,22.551933,2016-11-03 22:57:20,1
2,114.22345,22.566833,2016-11-03 22:57:20,0
4,114.00945300000001,22.529818,2016-11-03 22:57:20,1
3,113.92881799999999,22.55105,2016-11-03 22:57:22,1
0,113.93458600000001,22.517982,2016-11-03 22:57:25,0
1,114.118599,22.552067,2016-11-03 22:57:29,1
2,114.22345,22.566833,2016-11-03 22:57:35,0
1,114.118553,22.552017000000003,2016-11-03 22:57:35,1
4,114.006119,22.5298,2016-11-03 22:57:35,1
0,113.93458600000001,22.517982,2016-11-03 22:57:40,0
3,113.92928300000001,22.553667,2016-11-03 22:57:42,1
2,114.22345,22.566833,2016-11-03 22:57:50,0
1,114.11821699999999,22.551332000000002,2016-11-03 22:57:50,1
4,114.002747,22.530148999999998,2016-11-03 22:57:50,1
0,113.93458600000001,22.517982,2016-11-03 22:57:55,0
3,113.93198400000001,22.555067,2016-11-03 22:58:02,1
1,114.11795,22.550983,2016-11-03 22:58:05,1
2,114.22345,22.566833,2016-11-03 22:58:05,0
4,113.99951899999999,22.529934,2016-11-03 22:58:05,1
0,113.93458600000001,22.517982,2016-11-03 22:58:10,0
2,114.22345,22.566833,2016-11-03 22:58:12,0
4,113.996399,22.528868,2016-11-03 22:58:20,1
3,113.93541699999999,22.555267,2016-11-03 22:58:22,1
0,113.934647,22.518048999999998,2016-11-03 22:58:25,0
2,114.197884,22.560551,2016-11-03 22:58:27,0
1,114.11768300000001,22.5511,2016-11-03 22:58:29,1
1,114.117668,22.5511,2016-11-03 22:58:35,1
4,113.993683,22.52725,2016-11-03 22:58:35,1
0,113.93516499999998,22.519617,2016-11-03 22:58:40,0
2,114.197884,22.560551,2016-11-03 22:58:42,0
3,113.939148,22.555317000000002,2016-11-03 22:58:42,1
4,113.99081399999999,22.525582999999997,2016-11-03 22:58:50,1
1,114.117599,22.551067,2016-11-03 22:58:50,1
0,113.935753,22.521182999999997,2016-11-03 22:58:55,0
2,114.197884,22.560551,2016-11-03 22:58:57,0
3,113.94288600000002,22.55505,2016-11-03 22:59:02,1
1,114.11743200000001,22.55105,2016-11-03 22:59:05,1
2,114.197884,22.560551,2016-11-03 22:59:06,0
0,113.93593600000001,22.521667,2016-11-03 22:59:10,0
4,113.987747,22.5243,2016-11-03 22:59:05,1
1,114.11711899999999,22.551201000000002,2016-11-03 22:59:20,1
2,114.197884,22.560551,2016-11-03 22:59:21,0
4,113.984596,22.523451,2016-11-03 22:59:20,1
3,113.946533,22.555416,2016-11-03 22:59:22,1
0,113.93593600000001,22.521667,2016-11-03 22:59:25,0
1,114.117065,22.551268,2016-11-03 22:59:35,1
4,113.98121599999999,22.522984,2016-11-03 22:59:35,1
2,114.197884,22.560551,2016-11-03 22:59:36,0
0,113.93593600000001,22.521667,2016-11-03 22:59:40,0
2,114.17916899999999,22.558817,2016-11-03 22:59:43,0
3,113.9506,22.556116,2016-11-03 22:59:42,1
1,114.11689799999999,22.551382,2016-11-03 22:59:50,1
4,113.97788200000001,22.522917,2016-11-03 22:59:50,1
0,113.935448,22.52195,2016-11-03 22:59:55,0
2,114.176598,22.560801,2016-11-03 22:59:58,0
3,113.954315,22.556316,2016-11-03 23:00:02,1
1,114.11666899999999,22.552017000000003,2016-11-03 23:00:05,1
4,113.97448,22.522932,2016-11-03 23:00:05,1
0,113.93386799999999,22.522051,2016-11-03 23:00:10,0
2,114.174149,22.56245,2016-11-03 23:00:14,0
1,114.115967,22.55275,2016-11-03 23:00:20,1
4,113.97116899999999,22.522917,2016-11-03 23:00:21,1
2,114.17298100000001,22.562817000000003,2016-11-03 23:00:22,0
3,113.95826699999999,22.55645,2016-11-03 23:00:22,1
0,113.932869,22.522133,2016-11-03 23:00:25,0
1,114.11561599999999,22.553133,2016-11-03 23:00:28,1
1,114.115601,22.553167000000002,2016-11-03 23:00:29,1
1,114.11558500000001,22.553217,2016-11-03 23:00:36,1
2,114.17112,22.563049,2016-11-03 23:00:37,0
4,113.96766699999999,22.522867,2016-11-03 23:00:36,1
0,113.9328,22.522133,2016-11-03 23:00:40,0
3,113.962135,22.556618,2016-11-03 23:00:42,1
1,114.11554699999999,22.5532,2016-11-03 23:00:45,1
4,113.96421799999999,22.522833,2016-11-03 23:00:51,1
2,114.16925,22.562918,2016-11-03 23:00:52,0
3,113.965515,22.557282999999998,2016-11-03 23:01:02,1
1,114.115501,22.553182999999997,2016-11-03 23:01:06,1
4,113.96086899999999,22.522818,2016-11-03 23:01:06,1
0,113.932701,22.522051,2016-11-03 23:01:10,0
1,114.115486,22.553182999999997,2016-11-03 23:01:21,1
2,114.16570300000001,22.562851000000002,2016-11-03 23:01:22,0
3,113.969582,22.557333,2016-11-03 23:01:22,1
0,113.93173200000001,22.52215,2016-11-03 23:01:25,0
1,114.11546299999999,22.553182999999997,2016-11-03 23:01:36,1
2,114.164146,22.563116,2016-11-03 23:01:37,0
4,113.95441399999999,22.523398999999998,2016-11-03 23:01:36,1
0,113.930664,22.522318,2016-11-03 23:01:40,0
3,113.97346499999999,22.556499,2016-11-03 23:01:42,1
1,114.11531799999999,22.55345,2016-11-03 23:01:51,1
2,114.162102,22.562883,2016-11-03 23:01:52,0
0,113.92973300000001,22.521998999999997,2016-11-03 23:01:55,0
4,113.95153,22.52375,2016-11-03 23:01:50,1
2,114.16082,22.562683,2016-11-03 23:02:00,0
1,114.11486799999999,22.553368,2016-11-03 23:02:06,1
3,113.97689799999999,22.556832999999997,2016-11-03 23:02:02,1
0,113.92973300000001,22.521217,2016-11-03 23:02:10,0
2,114.15896599999999,22.561867000000003,2016-11-03 23:02:15,0
4,113.94801299999999,22.524134,2016-11-03 23:02:05,1
1,114.11433400000001,22.5527,2016-11-03 23:02:21,1
2,114.157417,22.560883,2016-11-03 23:02:22,0
1,114.11401399999998,22.552282,2016-11-03 23:02:29,1
4,113.94461799999999,22.52445,2016-11-03 23:02:20,1
2,114.15588400000001,22.559967,2016-11-03 23:02:37,0
0,113.929001,22.521017,2016-11-03 23:02:40,0
1,114.113518,22.551434,2016-11-03 23:02:44,1
3,113.98468000000001,22.55855,2016-11-03 23:02:42,1
4,113.93818700000001,22.524817000000002,2016-11-03 23:02:50,1
3,113.988831,22.558867000000003,2016-11-03 23:03:02,1
4,113.93491399999999,22.524866,2016-11-03 23:03:06,1
2,114.149849,22.556133,2016-11-03 23:03:22,0
0,113.92868,22.524317,2016-11-03 23:03:25,0
4,113.931831,22.524932999999997,2016-11-03 23:03:20,1
1,114.113266,22.550318,2016-11-03 23:02:58,1
1,114.112831,22.549566,2016-11-03 23:03:07,1
1,114.112831,22.549566,2016-11-03 23:03:08,1
1,114.11253400000001,22.548918,2016-11-03 23:03:15,1
1,114.112183,22.548517,2016-11-03 23:03:23,1
1,114.112183,22.548517,2016-11-03 23:03:24,1
1,114.111984,22.548317,2016-11-03 23:03:37,0
2,114.14782,22.55575,2016-11-03 23:03:37,0
0,113.92961899999999,22.526484,2016-11-03 23:03:40,0
3,113.99616999999999,22.555982999999998,2016-11-03 23:03:42,1
1,114.111984,22.548332000000002,2016-11-03 23:04:01,0
4,113.92598000000001,22.52565,2016-11-03 23:03:51,1
2,114.14275400000001,22.555683,2016-11-03 23:04:06,0
4,113.92392,22.526068,2016-11-03 23:04:05,1
2,114.139633,22.557068,2016-11-03 23:04:31,0
1,114.11156499999998,22.548149,2016-11-03 23:04:39,0
3,114.004051,22.555982999999998,2016-11-03 23:04:22,1
2,114.13776399999999,22.556232,2016-11-03 23:04:46,0
0,113.93045,22.528433,2016-11-03 23:04:40,0
4,113.919983,22.526899,2016-11-03 23:04:35,1
1,114.111549,22.548134,2016-11-03 23:04:54,0
0,113.931168,22.529699,2016-11-03 23:04:55,0
3,114.00788100000001,22.557582999999997,2016-11-03 23:04:42,1
2,114.13874799999999,22.554701,2016-11-03 23:05:01,0
4,113.91896799999999,22.527166,2016-11-03 23:04:51,1
2,114.138283,22.553117999999998,2016-11-03 23:05:16,0
3,114.011749,22.559217,2016-11-03 23:05:02,1
4,113.91896799999999,22.527166,2016-11-03 23:05:05,1
2,114.13784799999999,22.55245,2016-11-03 23:05:24,0
2,114.13733700000002,22.551701,2016-11-03 23:05:39,0
1,114.111465,22.548018,2016-11-03 23:05:40,0
0,113.93598200000001,22.534283,2016-11-03 23:05:40,0
4,113.91896799999999,22.527166,2016-11-03 23:05:21,1
3,114.01581599999999,22.560101,2016-11-03 23:05:22,1
2,114.136948,22.551132,2016-11-03 23:05:47,0
0,113.937698,22.535267,2016-11-03 23:05:55,0
4,113.91896799999999,22.527166,2016-11-03 23:05:35,1
3,114.019997,22.560133,2016-11-03 23:05:42,1
4,113.91896799999999,22.527166,2016-11-03 23:05:50,1
2,114.13343,22.549101,2016-11-03 23:06:24,0
3,114.02417,22.560617,2016-11-03 23:06:02,1
0,113.941383,22.535482000000002,2016-11-03 23:06:25,0
4,113.91896799999999,22.527166,2016-11-03 23:06:06,1
1,114.111153,22.547832,2016-11-03 23:06:33,0
2,114.131821,22.548983,2016-11-03 23:06:39,0
0,113.943253,22.535517000000002,2016-11-03 23:06:40,0
1,114.110703,22.54775,2016-11-03 23:06:48,0
2,114.13033300000001,22.54875,2016-11-03 23:06:54,0
1,114.110565,22.547701,2016-11-03 23:07:03,0
4,113.916481,22.527582000000002,2016-11-03 23:06:36,1
3,114.032471,22.562099,2016-11-03 23:06:42,1
0,113.94493100000001,22.5357,2016-11-03 23:07:10,0
4,113.91491699999999,22.52725,2016-11-03 23:06:51,1
1,114.109917,22.547518,2016-11-03 23:07:18,0
3,114.036514,22.562782000000002,2016-11-03 23:07:02,1
1,114.109352,22.547617000000002,2016-11-03 23:07:26,0
0,113.94493100000001,22.5357,2016-11-03 23:07:25,0
4,113.914597,22.527967,2016-11-03 23:07:06,1
4,113.914597,22.527967,2016-11-03 23:07:06,0
4,113.914597,22.527967,2016-11-03 23:07:21,0
3,114.04007,22.563433,2016-11-03 23:07:22,1
4,113.914566,22.528418,2016-11-03 23:07:36,0
2,114.12968400000001,22.548767,2016-11-03 23:07:32,0
2,114.129433,22.548651,2016-11-03 23:07:40,0
1,114.108047,22.547132,2016-11-03 23:07:41,0
0,113.94501499999998,22.535683,2016-11-03 23:07:40,0
3,114.043617,22.56435,2016-11-03 23:07:42,1
4,113.91441299999998,22.529249,2016-11-03 23:07:51,0
1,114.10798600000001,22.547832,2016-11-03 23:07:56,0
0,113.94503,22.536766,2016-11-03 23:07:55,0
3,114.047531,22.565067000000003,2016-11-03 23:08:02,1
2,114.129318,22.548348999999998,2016-11-03 23:07:55,0
4,113.91401699999999,22.53035,2016-11-03 23:08:06,0
2,114.12948600000001,22.547968,2016-11-03 23:08:02,0
2,114.129501,22.547898999999997,2016-11-03 23:08:04,0
1,114.10786399999999,22.548201000000002,2016-11-03 23:08:11,0
0,113.94503,22.538467,2016-11-03 23:08:10,0
2,114.12973000000001,22.547483,2016-11-03 23:08:17,0
4,113.913948,22.531133999999998,2016-11-03 23:08:21,0
0,113.945,22.540016,2016-11-03 23:08:25,0
1,114.107735,22.548582,2016-11-03 23:08:26,1
1,114.107651,22.54895,2016-11-03 23:08:34,1
4,113.91452,22.531098999999998,2016-11-03 23:08:36,0
0,113.945,22.541598999999998,2016-11-03 23:08:40,0
2,114.12953200000001,22.546167,2016-11-03 23:08:42,0
2,114.129501,22.545918,2016-11-03 23:08:47,0
1,114.10756699999999,22.550082999999997,2016-11-03 23:08:49,1
4,113.91452,22.531098999999998,2016-11-03 23:08:51,0
4,113.91452,22.531098999999998,2016-11-03 23:08:56,1
0,113.94591499999999,22.541683,2016-11-03 23:08:55,0
1,114.10743000000001,22.550817000000002,2016-11-03 23:08:57,1
2,114.128433,22.5455,2016-11-03 23:09:02,0
3,114.051468,22.56485,2016-11-03 23:08:22,1
3,114.05513,22.56505,2016-11-03 23:08:42,1
3,114.058632,22.566467000000003,2016-11-03 23:09:02,1
2,114.12786899999999,22.545433,2016-11-03 23:09:11,0
4,113.915733,22.531098999999998,2016-11-03 23:09:11,1
0,113.947014,22.541616,2016-11-03 23:09:10,0
1,114.107368,22.551849,2016-11-03 23:09:11,1
3,114.06221799999999,22.568199,2016-11-03 23:09:22,1
2,114.126801,22.54525,2016-11-03 23:09:26,0
0,113.948082,22.541567,2016-11-03 23:09:25,0
4,113.915733,22.531098999999998,2016-11-03 23:09:26,1
1,114.107697,22.552799,2016-11-03 23:09:27,1
2,114.126503,22.545267000000003,2016-11-03 23:09:41,0
4,113.916351,22.53105,2016-11-03 23:09:41,1
0,113.949348,22.541732999999997,2016-11-03 23:09:40,0
3,114.06626899999999,22.56875,2016-11-03 23:09:42,1
1,114.109329,22.552982,2016-11-03 23:09:42,1
2,114.126167,22.545334,2016-11-03 23:09:56,0
0,113.95026399999999,22.541883,2016-11-03 23:09:55,0
4,113.917549,22.530916,2016-11-03 23:09:56,1
1,114.111099,22.554399,2016-11-03 23:09:59,1
3,114.070435,22.569332,2016-11-03 23:10:02,1
1,114.11201499999999,22.554234,2016-11-03 23:10:05,1
4,113.91823600000001,22.530783,2016-11-03 23:10:11,1
0,113.95124799999999,22.541883,2016-11-03 23:10:10,0
1,114.114052,22.553867,2016-11-03 23:10:20,1
3,114.07386799999999,22.570583,2016-11-03 23:10:22,1
4,113.9189,22.530634,2016-11-03 23:10:26,1
0,113.951233,22.541833999999998,2016-11-03 23:10:25,0
1,114.114883,22.553734,2016-11-03 23:10:36,1
0,113.95176699999999,22.541432999999998,2016-11-03 23:10:40,0
4,113.9189,22.530634,2016-11-03 23:10:41,1
3,114.077133,22.572384,2016-11-03 23:10:42,1
1,114.11486799999999,22.553717000000002,2016-11-03 23:10:44,1
0,113.952164,22.540867000000002,2016-11-03 23:10:54,0
4,113.9189,22.530634,2016-11-03 23:10:56,1
1,114.114853,22.553682000000002,2016-11-03 23:10:59,1
3,114.08143600000001,22.572218,2016-11-03 23:11:02,1
0,113.951981,22.540582999999998,2016-11-03 23:11:10,0
4,113.91961699999999,22.531384,2016-11-03 23:11:11,1
1,114.115196,22.55365,2016-11-03 23:11:13,1
1,114.115349,22.554117,2016-11-03 23:11:22,1
3,114.08488500000001,22.570066,2016-11-03 23:11:22,1
0,113.952118,22.540899,2016-11-03 23:11:25,0
4,113.91993000000001,22.533617,2016-11-03 23:11:26,1
1,114.115532,22.555634,2016-11-03 23:11:37,1
0,113.951897,22.541616,2016-11-03 23:11:40,0
3,114.08636499999999,22.567432,2016-11-03 23:11:42,1
4,113.92003600000001,22.535116,2016-11-03 23:11:41,1
1,114.11563100000001,22.55645,2016-11-03 23:11:52,1
0,113.95128600000001,22.5418,2016-11-03 23:11:55,0
4,113.92003600000001,22.535116,2016-11-03 23:11:56,1
3,114.088631,22.56675,2016-11-03 23:12:02,1
0,113.950951,22.5418,2016-11-03 23:12:10,0
4,113.92003600000001,22.535116,2016-11-03 23:12:11,1
3,114.091553,22.567484,2016-11-03 23:12:22,1
0,113.95092,22.5418,2016-11-03 23:12:25,0
4,113.92003600000001,22.535116,2016-11-03 23:12:26,1
2,114.124496,22.547632,2016-11-03 23:12:39,0
0,113.95092,22.5418,2016-11-03 23:12:40,0
3,114.095299,22.568434,2016-11-03 23:12:42,1
4,113.92001299999998,22.535517000000002,2016-11-03 23:12:41,1
2,114.124298,22.547716,2016-11-03 23:12:46,0
0,113.95092,22.5418,2016-11-03 23:12:55,0
4,113.919868,22.537482999999998,2016-11-03 23:12:56,1
2,114.12413000000001,22.548384,2016-11-03 23:13:01,0
3,114.099167,22.57,2016-11-03 23:13:02,1
0,113.95092,22.5418,2016-11-03 23:13:10,0
4,113.919647,22.539301000000002,2016-11-03 23:13:11,1
2,114.12456499999999,22.54895,2016-11-03 23:13:16,0
0,113.950546,22.541651,2016-11-03 23:13:25,0
3,114.10215,22.571817000000003,2016-11-03 23:13:22,1
4,113.919403,22.540982999999997,2016-11-03 23:13:26,1
2,114.125267,22.549217000000002,2016-11-03 23:13:31,0
2,114.12528200000001,22.54925,2016-11-03 23:13:39,0
0,113.950546,22.541651,2016-11-03 23:13:40,0
3,114.10468300000001,22.573299,2016-11-03 23:13:42,1
4,113.91916699999999,22.542784,2016-11-03 23:13:41,1
2,114.125648,22.54915,2016-11-03 23:13:54,0
0,113.950546,22.541651,2016-11-03 23:13:55,0
4,113.91902900000001,22.543966,2016-11-03 23:13:56,1
3,114.107353,22.574932,2016-11-03 23:14:02,1
2,114.125748,22.548201000000002,2016-11-03 23:14:09,0
0,113.950546,22.541651,2016-11-03 23:14:10,0
4,113.91898300000001,22.545218,2016-11-03 23:14:11,1
2,114.125801,22.548218,2016-11-03 23:14:24,0
0,113.95075200000001,22.541732999999997,2016-11-03 23:14:25,0
3,114.10931399999998,22.576033,2016-11-03 23:14:22,1
4,113.91885400000001,22.546499,2016-11-03 23:14:26,1
2,114.125801,22.548267000000003,2016-11-03 23:14:39,0
4,113.91881599999999,22.546818,2016-11-03 23:14:40,0
1,114.12508400000002,22.559032000000002,2016-11-03 23:14:41,1
0,113.95075200000001,22.541732999999997,2016-11-03 23:14:40,0
3,114.111984,22.576317,2016-11-03 23:14:42,1
1,114.12508400000002,22.559017,2016-11-03 23:14:46,1
2,114.125801,22.548282999999998,2016-11-03 23:14:54,0
4,113.91881599999999,22.546818,2016-11-03 23:14:55,0
0,113.95079799999999,22.541918,2016-11-03 23:14:56,1
1,114.125565,22.559317,2016-11-03 23:15:01,1
3,114.115334,22.576349,2016-11-03 23:15:02,1
2,114.125801,22.548317,2016-11-03 23:15:02,0
4,113.91881599999999,22.546818,2016-11-03 23:15:10,0
0,113.949921,22.541849,2016-11-03 23:15:11,1
1,114.12726599999999,22.560368,2016-11-03 23:15:16,1
2,114.125801,22.5483,2016-11-03 23:15:17,0
3,114.117653,22.576366,2016-11-03 23:15:22,1
1,114.12826499999998,22.561016,2016-11-03 23:15:24,1
2,114.125801,22.548317,2016-11-03 23:15:25,0
4,113.91877,22.547167,2016-11-03 23:15:25,0
0,113.94888300000001,22.541933,2016-11-03 23:15:26,1
1,114.13038600000002,22.562117,2016-11-03 23:15:39,1
2,114.12581599999999,22.54825,2016-11-03 23:15:40,0
4,113.918648,22.548367000000002,2016-11-03 23:15:40,0
0,113.94891399999999,22.542334,2016-11-03 23:15:41,1
3,114.11758400000001,22.575466,2016-11-03 23:15:42,1
1,114.13110400000001,22.5623,2016-11-03 23:15:54,1
4,113.91905200000001,22.549167999999998,2016-11-03 23:15:55,0
2,114.125847,22.548233,2016-11-03 23:15:55,0
0,113.949036,22.542534,2016-11-03 23:15:56,1
3,114.116302,22.577618,2016-11-03 23:16:02,1
2,114.125786,22.54825,2016-11-03 23:16:03,0
1,114.131165,22.562117,2016-11-03 23:16:09,1
4,113.920601,22.549132999999998,2016-11-03 23:16:10,0
0,113.949036,22.542534,2016-11-03 23:16:11,1
2,114.125786,22.548033,2016-11-03 23:16:18,0
3,114.114883,22.580717,2016-11-03 23:16:23,1
1,114.13121799999999,22.562017,2016-11-03 23:16:24,1
4,113.92240100000001,22.549132999999998,2016-11-03 23:16:25,0
0,113.949036,22.542534,2016-11-03 23:16:26,1
2,114.125832,22.546482,2016-11-03 23:16:33,0
1,114.13123300000001,22.561968,2016-11-03 23:16:39,1
4,113.92341599999999,22.549183,2016-11-03 23:16:40,0
2,114.12588500000001,22.545583999999998,2016-11-03 23:16:41,0
0,113.94881399999998,22.543051000000002,2016-11-03 23:16:41,1
3,114.11401399999998,22.583417999999998,2016-11-03 23:16:43,1
1,114.13151599999999,22.561968,2016-11-03 23:16:54,1
4,113.92516299999998,22.549167999999998,2016-11-03 23:16:55,0
2,114.1259,22.545334,2016-11-03 23:16:56,0
0,113.94703700000001,22.543217000000002,2016-11-03 23:16:56,1
3,114.11228200000001,22.585933999999998,2016-11-03 23:17:03,1
1,114.132851,22.560817999999998,2016-11-03 23:17:09,1
4,113.92698700000001,22.549183,2016-11-03 23:17:10,0
0,113.94461799999999,22.543233999999998,2016-11-03 23:17:11,1
3,114.11086999999999,22.588034,2016-11-03 23:17:23,1
1,114.134148,22.559433,2016-11-03 23:17:24,1
4,113.928329,22.549,2016-11-03 23:17:25,0
0,113.941933,22.543118,2016-11-03 23:17:26,1
4,113.92765,22.547367,2016-11-03 23:17:40,0
3,114.10938300000001,22.590733,2016-11-03 23:17:43,1
0,113.939453,22.542982000000002,2016-11-03 23:17:41,1
4,113.926949,22.545782,2016-11-03 23:17:55,0
0,113.93663000000001,22.5429,2016-11-03 23:17:56,1
3,114.10996999999999,22.593834,2016-11-03 23:18:03,1
4,113.92683400000001,22.545433,2016-11-03 23:18:10,0
1,114.134819,22.55875,2016-11-03 23:17:32,1
1,114.134964,22.558582,2016-11-03 23:17:33,1
1,114.13535300000001,22.558149,2016-11-03 23:17:40,1
1,114.135849,22.557533,2016-11-03 23:17:48,1
1,114.13596299999999,22.557367000000003,2016-11-03 23:17:49,1
1,114.136719,22.556601,2016-11-03 23:18:03,1
1,114.137215,22.556101,2016-11-03 23:18:11,1
1,114.137215,22.556101,2016-11-03 23:18:12,1
0,113.934082,22.542801,2016-11-03 23:18:11,1
1,114.13766499999998,22.555582,2016-11-03 23:18:19,1
3,114.11136599999999,22.596617000000002,2016-11-03 23:18:23,1
4,113.92683400000001,22.545433,2016-11-03 23:18:25,0
0,113.93123600000001,22.542749,2016-11-03 23:18:26,1
1,114.13866399999999,22.554617,2016-11-03 23:18:33,1
4,113.92683400000001,22.545433,2016-11-03 23:18:40,0
0,113.92858100000001,22.542917000000003,2016-11-03 23:18:41,1
4,113.92683400000001,22.545433,2016-11-03 23:18:55,0
0,113.925697,22.543067999999998,2016-11-03 23:18:56,1
1,114.138535,22.553932,2016-11-03 23:18:58,1
1,114.139183,22.553583,2016-11-03 23:19:04,1
0,113.92371399999999,22.543067999999998,2016-11-03 23:19:11,1
0,113.921135,22.543217000000002,2016-11-03 23:19:26,1
1,114.14035,22.554817,2016-11-03 23:19:28,0
2,114.12581599999999,22.544783,2016-11-03 23:19:39,0
4,113.92662,22.544983,2016-11-03 23:19:10,0
1,114.140381,22.554768,2016-11-03 23:19:34,0
4,113.925964,22.544201,2016-11-03 23:19:25,0
4,113.926933,22.543782999999998,2016-11-03 23:19:40,0
0,113.9207,22.543318,2016-11-03 23:19:41,1
1,114.140404,22.554716,2016-11-03 23:19:42,0
2,114.125771,22.544399,2016-11-03 23:19:47,0
4,113.927231,22.544518,2016-11-03 23:19:55,0
0,113.92057,22.543449,2016-11-03 23:19:56,1
1,114.14046499999999,22.55475,2016-11-03 23:19:57,0
3,114.11291499999999,22.59935,2016-11-03 23:18:45,1
3,114.114998,22.601967000000002,2016-11-03 23:19:05,1
3,114.116997,22.604349,2016-11-03 23:19:25,1
3,114.11956799999999,22.60655,2016-11-03 23:19:45,1
3,114.121101,22.607317000000002,2016-11-03 23:19:57,1
2,114.12573200000001,22.542816000000002,2016-11-03 23:20:02,0
4,113.927902,22.54565,2016-11-03 23:20:11,0
0,113.920181,22.5434,2016-11-03 23:20:11,1
2,114.12468,22.541683,2016-11-03 23:20:16,0
4,113.928665,22.545683,2016-11-03 23:20:25,0
3,114.12438200000001,22.608982,2016-11-03 23:20:21,1
3,114.125114,22.609484,2016-11-03 23:20:27,1
0,113.920181,22.5434,2016-11-03 23:20:26,1
2,114.122948,22.5404,2016-11-03 23:20:32,0
4,113.93018300000001,22.545616,2016-11-03 23:20:40,0
0,113.920181,22.5434,2016-11-03 23:20:41,1
1,114.140404,22.554817,2016-11-03 23:20:12,0
1,114.140068,22.554632,2016-11-03 23:20:20,0
1,114.139969,22.5546,2016-11-03 23:20:21,0
1,114.139648,22.554399,2016-11-03 23:20:28,0
1,114.139381,22.554132,2016-11-03 23:20:36,0
1,114.13932,22.554016,2016-11-03 23:20:37,0
2,114.12163500000001,22.539551,2016-11-03 23:20:46,0
4,113.93166399999998,22.5455,2016-11-03 23:20:55,0
0,113.920151,22.54315,2016-11-03 23:20:56,1
1,114.139183,22.5536,2016-11-03 23:21:00,0
2,114.121452,22.5394,2016-11-03 23:21:02,0
3,114.12878400000001,22.612,2016-11-03 23:20:50,1
3,114.130951,22.614,2016-11-03 23:21:05,1
1,114.138466,22.553734,2016-11-03 23:21:06,0
4,113.933319,22.5455,2016-11-03 23:21:10,0
0,113.92012,22.54315,2016-11-03 23:21:11,1
2,114.12123100000001,22.539267000000002,2016-11-03 23:21:16,0
1,114.13803100000001,22.552732000000002,2016-11-03 23:21:21,0
4,113.933319,22.5455,2016-11-03 23:21:25,0
2,114.121086,22.539182999999998,2016-11-03 23:21:32,0
1,114.137497,22.551867,2016-11-03 23:21:36,0
4,113.934647,22.5455,2016-11-03 23:21:40,0
2,114.12078100000001,22.539,2016-11-03 23:21:46,0
1,114.137253,22.551399,2016-11-03 23:21:51,0
0,113.919418,22.543233999999998,2016-11-03 23:21:41,1
4,113.93638600000001,22.545782,2016-11-03 23:21:55,0
1,114.13715400000001,22.551317,2016-11-03 23:21:59,0
2,114.120552,22.538868,2016-11-03 23:22:02,0
3,114.133316,22.616667,2016-11-03 23:21:28,1
3,114.13438400000001,22.617901,2016-11-03 23:21:48,1
3,114.13531499999999,22.619034,2016-11-03 23:22:03,1
0,113.919418,22.543233999999998,2016-11-03 23:21:56,1
2,114.12051399999999,22.538834,2016-11-03 23:22:10,0
4,113.93771399999999,22.546118,2016-11-03 23:22:10,0
0,113.919418,22.543233999999998,2016-11-03 23:22:11,1
1,114.13715400000001,22.5513,2016-11-03 23:22:13,0
2,114.1203,22.538782,2016-11-03 23:22:25,0
4,113.939369,22.546083,2016-11-03 23:22:25,0
0,113.919418,22.543233999999998,2016-11-03 23:22:26,1
1,114.136765,22.550716,2016-11-03 23:22:30,1
1,114.136436,22.550182,2016-11-03 23:22:38,1
2,114.120102,22.53875,2016-11-03 23:22:40,0
4,113.94068100000001,22.546467,2016-11-03 23:22:40,0
0,113.91885400000001,22.543266,2016-11-03 23:22:41,1
2,114.119904,22.538767,2016-11-03 23:22:55,0
4,113.940666,22.54805,2016-11-03 23:22:55,0
3,114.136703,22.620667,2016-11-03 23:22:26,1
3,114.136917,22.620817000000002,2016-11-03 23:22:46,1
3,114.136917,22.620817000000002,2016-11-03 23:22:56,1
0,113.917084,22.543367,2016-11-03 23:22:56,1
2,114.119781,22.538868,2016-11-03 23:23:10,0
4,113.940666,22.549482,2016-11-03 23:23:10,0
1,114.13385,22.549298999999998,2016-11-03 23:23:08,1
0,113.915833,22.543501000000003,2016-11-03 23:23:11,1
1,114.13282,22.549116,2016-11-03 23:23:16,1
2,114.11972,22.5389,2016-11-03 23:23:25,0
3,114.137901,22.621532000000002,2016-11-03 23:23:19,1
3,114.13831299999998,22.621733,2016-11-03 23:23:25,1
4,113.940903,22.54985,2016-11-03 23:23:25,0
0,113.91353600000001,22.544067000000002,2016-11-03 23:23:26,1
2,114.11968200000001,22.538933,2016-11-03 23:23:40,0
4,113.942085,22.549816,2016-11-03 23:23:40,0
0,113.911667,22.545182999999998,2016-11-03 23:23:41,1
2,114.11963700000001,22.538967,2016-11-03 23:23:55,0
3,114.141296,22.622316,2016-11-03 23:23:48,1
3,114.142334,22.622316,2016-11-03 23:23:55,1
4,113.94296999999999,22.549351,2016-11-03 23:23:55,0
0,113.910202,22.547251,2016-11-03 23:23:56,1
2,114.119553,22.539049,2016-11-03 23:24:02,0
4,113.943871,22.548668,2016-11-03 23:24:10,0
0,113.908997,22.549583,2016-11-03 23:24:11,1
2,114.119499,22.539217,2016-11-03 23:24:17,0
3,114.143883,22.621883,2016-11-03 23:24:18,1
3,114.14393600000001,22.6215,2016-11-03 23:24:26,1
4,113.94478600000001,22.54825,2016-11-03 23:24:25,0
2,114.119499,22.539232000000002,2016-11-03 23:24:26,0
2,114.119499,22.539232000000002,2016-11-03 23:24:27,0
2,114.119553,22.539284,2016-11-03 23:24:34,0
4,113.944847,22.546801000000002,2016-11-03 23:24:40,0
0,113.90625,22.554251,2016-11-03 23:24:41,1
3,114.144081,22.62075,2016-11-03 23:24:47,1
2,114.119583,22.539284,2016-11-03 23:24:49,0
1,114.130119,22.548683,2016-11-03 23:23:47,1
4,113.944901,22.545401000000002,2016-11-03 23:24:55,0
0,113.90448,22.556583,2016-11-03 23:24:56,1
2,114.119553,22.539433,2016-11-03 23:24:57,0
3,114.144081,22.62075,2016-11-03 23:25:07,1
4,113.944901,22.543817999999998,2016-11-03 23:25:10,0
0,113.903,22.558267999999998,2016-11-03 23:25:11,1
2,114.11953000000001,22.539534,2016-11-03 23:25:10,0
2,114.11941499999999,22.539667,2016-11-03 23:25:27,0
0,113.902336,22.558867000000003,2016-11-03 23:25:26,1
4,113.944946,22.54195,2016-11-03 23:25:25,0
3,114.144066,22.620333,2016-11-03 23:25:27,1
3,114.144066,22.620333,2016-11-03 23:25:38,0
4,113.94583100000001,22.5417,2016-11-03 23:25:40,0
0,113.902046,22.559084,2016-11-03 23:25:41,1
2,114.11921699999999,22.539682,2016-11-03 23:25:42,0
4,113.94706699999999,22.541732999999997,2016-11-03 23:25:55,0
2,114.119019,22.539883,2016-11-03 23:25:57,0
0,113.901917,22.5592,2016-11-03 23:25:56,1
3,114.144066,22.620333,2016-11-03 23:25:58,0
4,113.94781499999999,22.541866,2016-11-03 23:26:10,0
2,114.118835,22.539967,2016-11-03 23:26:12,0
0,113.901917,22.5592,2016-11-03 23:26:11,1
2,114.118553,22.540067999999998,2016-11-03 23:26:27,0
0,113.901917,22.5592,2016-11-03 23:26:26,1
0,113.901634,22.559418,2016-11-03 23:26:41,1
2,114.11821699999999,22.540132999999997,2016-11-03 23:26:42,0
2,114.11795,22.540083,2016-11-03 23:26:57,0
1,114.1259,22.552668,2016-11-03 23:27:00,1
1,114.12588500000001,22.55265,2016-11-03 23:27:08,1
0,113.900986,22.559917000000002,2016-11-03 23:27:11,1
2,114.11756899999999,22.539917000000003,2016-11-03 23:27:12,0
3,114.144066,22.620333,2016-11-03 23:26:18,0
4,113.948647,22.541883,2016-11-03 23:26:25,0
3,114.144066,22.620333,2016-11-03 23:26:38,0
4,113.948647,22.541883,2016-11-03 23:26:40,0
1,114.125847,22.552616,2016-11-03 23:27:38,1
0,113.900902,22.560017000000002,2016-11-03 23:27:41,1
2,114.11702,22.5397,2016-11-03 23:27:42,0
4,113.950134,22.541782,2016-11-03 23:26:55,0
3,114.144066,22.620333,2016-11-03 23:26:58,0
4,113.951431,22.541782,2016-11-03 23:27:10,0
3,114.14402,22.621599,2016-11-03 23:27:18,0
4,113.95208000000001,22.541067,2016-11-03 23:27:25,0
4,113.951935,22.540518,2016-11-03 23:27:40,0
3,114.143951,22.622116000000002,2016-11-03 23:27:38,0
2,114.116867,22.539633,2016-11-03 23:27:50,0
1,114.12554899999999,22.553034,2016-11-03 23:27:53,1
4,113.95210300000001,22.541432999999998,2016-11-03 23:27:55,0
0,113.900902,22.560017000000002,2016-11-03 23:27:56,1
3,114.145119,22.6224,2016-11-03 23:27:58,0
2,114.116501,22.539482,2016-11-03 23:28:05,0
1,114.124298,22.554382,2016-11-03 23:28:08,1
4,113.951698,22.541782,2016-11-03 23:28:10,0
0,113.900902,22.560017000000002,2016-11-03 23:28:11,1
3,114.144485,22.622732,2016-11-03 23:28:18,0
2,114.11523400000002,22.538982,2016-11-03 23:28:20,0
1,114.12241399999999,22.5564,2016-11-03 23:28:23,1
4,113.951698,22.541782,2016-11-03 23:28:25,0
0,113.900902,22.560017000000002,2016-11-03 23:28:26,1
1,114.12148300000001,22.557467000000003,2016-11-03 23:28:31,1
2,114.11343400000001,22.538383,2016-11-03 23:28:35,0
3,114.141815,22.622601,2016-11-03 23:28:38,0
4,113.951698,22.541782,2016-11-03 23:28:40,0
0,113.90048200000001,22.560316,2016-11-03 23:28:41,1
1,114.120796,22.558467999999998,2016-11-03 23:28:40,1
2,114.110619,22.537867000000002,2016-11-03 23:28:50,0
4,113.951698,22.541782,2016-11-03 23:28:55,0
0,113.900299,22.56045,2016-11-03 23:28:56,1
3,114.138916,22.622334,2016-11-03 23:28:58,0
1,114.119598,22.56115,2016-11-03 23:29:01,1
2,114.108002,22.537333,2016-11-03 23:29:05,0
1,114.119148,22.562166,2016-11-03 23:29:09,1
0,113.90016899999999,22.560534,2016-11-03 23:29:11,1
4,113.951698,22.541782,2016-11-03 23:29:10,0
2,114.10666699999999,22.536818,2016-11-03 23:29:12,0
3,114.13829799999999,22.622132999999998,2016-11-03 23:29:18,0
1,114.11848400000001,22.5641,2016-11-03 23:29:24,1
4,113.951698,22.541782,2016-11-03 23:29:25,0
0,113.90016899999999,22.560534,2016-11-03 23:29:26,1
2,114.104401,22.537867000000002,2016-11-03 23:29:27,0
3,114.138046,22.622017,2016-11-03 23:29:38,0
1,114.118149,22.566868,2016-11-03 23:29:39,1
4,113.951698,22.541782,2016-11-03 23:29:40,0
0,113.899933,22.560717,2016-11-03 23:29:41,1
1,114.11783600000001,22.569317,2016-11-03 23:29:54,1
4,113.951698,22.541782,2016-11-03 23:29:55,0
0,113.899864,22.560766,2016-11-03 23:29:56,1
3,114.136971,22.621317,2016-11-03 23:29:58,0
1,114.11783600000001,22.5707,2016-11-03 23:30:02,1
4,113.951698,22.541782,2016-11-03 23:30:10,0
0,113.899803,22.560817999999998,2016-11-03 23:30:11,1
1,114.117897,22.572884,2016-11-03 23:30:17,1
4,113.951698,22.541782,2016-11-03 23:30:25,0
0,113.899681,22.560917,2016-11-03 23:30:26,1
1,114.11758400000001,22.575216,2016-11-03 23:30:32,1
3,114.13566599999999,22.620001000000002,2016-11-03 23:30:18,0
3,114.13411699999999,22.61825,2016-11-03 23:30:38,0
4,113.951698,22.541782,2016-11-03 23:30:40,0
0,113.89953600000001,22.561033,2016-11-03 23:30:41,1
1,114.11631799999999,22.5774,2016-11-03 23:30:47,1
4,113.951698,22.541782,2016-11-03 23:30:55,0
2,114.088348,22.5376,2016-11-03 23:30:56,0
0,113.899429,22.5611,2016-11-03 23:30:56,1
3,114.133797,22.617901,2016-11-03 23:30:58,0
1,114.115265,22.579468,2016-11-03 23:31:02,1
2,114.08696699999999,22.537382,2016-11-03 23:31:04,0
1,114.11478400000001,22.580717,2016-11-03 23:31:10,1
4,113.951698,22.541782,2016-11-03 23:31:10,0
0,113.89931499999999,22.561167,2016-11-03 23:31:11,1
2,114.084534,22.537434,2016-11-03 23:31:17,0
3,114.133797,22.617901,2016-11-03 23:31:18,0
1,114.113983,22.583349,2016-11-03 23:31:25,1
4,113.951698,22.541782,2016-11-03 23:31:25,0
2,114.082802,22.537482999999998,2016-11-03 23:31:27,0
0,113.899216,22.561251000000002,2016-11-03 23:31:26,1
3,114.133797,22.617901,2016-11-03 23:31:38,0
4,113.951698,22.541782,2016-11-03 23:31:40,0
0,113.89901699999999,22.561398999999998,2016-11-03 23:31:41,1
2,114.080467,22.5369,2016-11-03 23:31:42,0
2,114.07941399999999,22.535982,2016-11-03 23:31:50,0
4,113.951698,22.541782,2016-11-03 23:31:55,0
0,113.89901699999999,22.561398999999998,2016-11-03 23:31:56,1
2,114.07798000000001,22.533417,2016-11-03 23:32:05,0
4,113.951698,22.541782,2016-11-03 23:32:10,0
0,113.898918,22.561501,2016-11-03 23:32:11,1
2,114.07628600000001,22.531851,2016-11-03 23:32:20,0
1,114.112701,22.58515,2016-11-03 23:31:40,1
1,114.112068,22.58625,2016-11-03 23:31:48,1
1,114.11188500000002,22.58655,2016-11-03 23:31:49,1
1,114.111351,22.587383,2016-11-03 23:31:56,1
1,114.110565,22.588367,2016-11-03 23:32:04,1
1,114.110367,22.5886,2016-11-03 23:32:05,1
1,114.109352,22.590717,2016-11-03 23:32:19,1
4,113.951698,22.541782,2016-11-03 23:32:25,0
0,113.898697,22.561649,2016-11-03 23:32:26,1
1,114.10931399999998,22.591998999999998,2016-11-03 23:32:27,1
2,114.07313500000001,22.531882999999997,2016-11-03 23:32:35,0
4,113.951698,22.541782,2016-11-03 23:32:40,0
0,113.89851399999999,22.561783,2016-11-03 23:32:41,1
2,114.07181499999999,22.531851,2016-11-03 23:32:42,0
4,113.951698,22.541782,2016-11-03 23:32:55,0
0,113.89851399999999,22.561783,2016-11-03 23:32:56,1
2,114.068253,22.531799,2016-11-03 23:32:57,0
1,114.10983300000001,22.593616,2016-11-03 23:32:42,1
1,114.110199,22.594351,2016-11-03 23:32:50,1
1,114.110298,22.594549,2016-11-03 23:32:51,1
1,114.110603,22.59515,2016-11-03 23:32:58,1
1,114.111053,22.596033,2016-11-03 23:33:06,1
4,113.951698,22.541782,2016-11-03 23:33:10,0
0,113.89851399999999,22.561783,2016-11-03 23:33:11,1
3,114.133301,22.617167000000002,2016-11-03 23:31:54,0
3,114.130981,22.614483,2016-11-03 23:32:21,0
3,114.129402,22.612984,2016-11-03 23:32:41,0
3,114.12743400000001,22.612284,2016-11-03 23:33:01,0
3,114.126732,22.610901000000002,2016-11-03 23:33:14,0
2,114.06518600000001,22.5317,2016-11-03 23:33:12,0
2,114.063019,22.531651,2016-11-03 23:33:21,0
4,113.951698,22.541782,2016-11-03 23:33:25,0
0,113.89851399999999,22.561783,2016-11-03 23:33:26,1
2,114.059998,22.531549,2016-11-03 23:33:36,0
4,113.951698,22.541782,2016-11-03 23:33:40,0
0,113.89828500000002,22.562,2016-11-03 23:33:41,1
2,114.058319,22.531549,2016-11-03 23:33:44,0
4,113.951698,22.541782,2016-11-03 23:33:55,0
0,113.89817,22.562082,2016-11-03 23:33:56,1
2,114.054947,22.531549,2016-11-03 23:33:59,0
1,114.111954,22.597782000000002,2016-11-03 23:33:21,1
1,114.11256399999999,22.598833,2016-11-03 23:33:29,1
4,113.951698,22.541782,2016-11-03 23:34:10,0
0,113.898048,22.562182999999997,2016-11-03 23:34:11,1
2,114.052048,22.531482999999998,2016-11-03 23:34:14,0
1,114.11256399999999,22.598833,2016-11-03 23:33:30,1
1,114.11348000000001,22.600117,2016-11-03 23:33:37,1
1,114.11446399999998,22.601316,2016-11-03 23:33:45,1
1,114.11446399999998,22.601316,2016-11-03 23:33:46,1
1,114.11591299999999,22.603067000000003,2016-11-03 23:34:00,1
4,113.951698,22.541782,2016-11-03 23:34:25,0
1,114.11692,22.604267,2016-11-03 23:34:09,1
1,114.11758400000001,22.605048999999998,2016-11-03 23:34:16,1
1,114.118614,22.606001000000003,2016-11-03 23:34:24,1
1,114.11893500000001,22.606216,2016-11-03 23:34:25,1
0,113.897865,22.562317,2016-11-03 23:34:26,1
2,114.048447,22.53145,2016-11-03 23:34:29,0
4,113.951698,22.541782,2016-11-03 23:34:40,0
0,113.897865,22.562317,2016-11-03 23:34:41,1
2,114.045418,22.531418,2016-11-03 23:34:44,0
4,113.951698,22.541782,2016-11-03 23:34:55,0
1,114.12253600000001,22.607834,2016-11-03 23:34:57,1
0,113.897865,22.562317,2016-11-03 23:34:56,1
2,114.04358700000002,22.5312,2016-11-03 23:34:52,0
2,114.043182,22.531166,2016-11-03 23:34:53,0
2,114.041901,22.531067,2016-11-03 23:35:00,0
1,114.12307,22.608067000000002,2016-11-03 23:35:09,0
4,113.951698,22.541782,2016-11-03 23:35:10,0
0,113.897865,22.562317,2016-11-03 23:35:11,1
2,114.03848300000001,22.530701,2016-11-03 23:35:15,0
1,114.12307,22.608048999999998,2016-11-03 23:35:18,0
1,114.12307,22.608048999999998,2016-11-03 23:35:20,0
1,114.12307,22.608048999999998,2016-11-03 23:35:25,0
4,113.951698,22.541782,2016-11-03 23:35:25,0
2,114.035347,22.530399,2016-11-03 23:35:30,0
1,114.12307,22.608048999999998,2016-11-03 23:35:34,0
0,113.897552,22.562567,2016-11-03 23:35:26,1
1,114.12307,22.608032,2016-11-03 23:35:40,0
4,113.951698,22.541782,2016-11-03 23:35:40,0
0,113.897453,22.562599,2016-11-03 23:35:41,1
2,114.031784,22.530167000000002,2016-11-03 23:35:45,0
2,114.030479,22.530251,2016-11-03 23:35:52,0
4,113.951698,22.541782,2016-11-03 23:35:55,0
0,113.89728500000001,22.562732999999998,2016-11-03 23:35:56,1
1,114.123047,22.608048999999998,2016-11-03 23:35:55,0
2,114.02716799999999,22.530932999999997,2016-11-03 23:36:07,0
4,113.951698,22.541782,2016-11-03 23:36:10,0
0,113.89713300000001,22.562851000000002,2016-11-03 23:36:11,1
1,114.123283,22.607866,2016-11-03 23:36:19,0
2,114.02431499999999,22.531668,2016-11-03 23:36:22,0
4,113.951698,22.541782,2016-11-03 23:36:25,0
0,113.897034,22.56295,2016-11-03 23:36:26,1
3,114.124733,22.611616,2016-11-03 23:33:37,0
3,114.12411499999999,22.612182999999998,2016-11-03 23:33:57,0
3,114.12411499999999,22.612182999999998,2016-11-03 23:34:17,0
3,114.12411499999999,22.612182999999998,2016-11-03 23:34:37,0
3,114.12411499999999,22.612182999999998,2016-11-03 23:34:57,0
3,114.12411499999999,22.612182999999998,2016-11-03 23:35:17,0
3,114.12451899999999,22.611683,2016-11-03 23:35:39,0
3,114.12455,22.610582,2016-11-03 23:35:59,0
3,114.123131,22.610018,2016-11-03 23:36:19,0
3,114.122215,22.609716,2016-11-03 23:36:31,0
1,114.124153,22.607267,2016-11-03 23:36:41,0
4,113.951698,22.541782,2016-11-03 23:36:40,0
2,114.021317,22.532118,2016-11-03 23:36:37,0
0,113.896851,22.563066,2016-11-03 23:36:41,1
2,114.01975300000001,22.532049,2016-11-03 23:36:46,0
1,114.12476299999999,22.606934,2016-11-03 23:36:49,0
1,114.12476299999999,22.606934,2016-11-03 23:36:50,0
4,113.951698,22.541782,2016-11-03 23:36:55,0
0,113.896767,22.563132999999997,2016-11-03 23:36:56,1
2,114.016998,22.5315,2016-11-03 23:37:01,0
3,114.121803,22.609217,2016-11-03 23:36:53,0
3,114.12228400000001,22.608632999999998,2016-11-03 23:37:03,0
1,114.125504,22.606367000000002,2016-11-03 23:37:04,0
4,113.951698,22.541782,2016-11-03 23:37:10,0
0,113.896667,22.5632,2016-11-03 23:37:11,1
2,114.01415300000001,22.530867,2016-11-03 23:37:16,0
1,114.12613700000001,22.605917,2016-11-03 23:37:19,0
3,114.121353,22.6077,2016-11-03 23:37:23,0
4,113.951698,22.541782,2016-11-03 23:37:25,0
1,114.126579,22.6056,2016-11-03 23:37:27,0
0,113.896667,22.5632,2016-11-03 23:37:26,1
1,114.126579,22.6056,2016-11-03 23:37:28,0
2,114.010696,22.53005,2016-11-03 23:37:31,0
1,114.12708300000001,22.605249,2016-11-03 23:37:35,0
4,113.951698,22.541782,2016-11-03 23:37:40,0
0,113.896667,22.5632,2016-11-03 23:37:41,1
2,114.00765200000001,22.529682,2016-11-03 23:37:46,0
1,114.12786899999999,22.604682999999998,2016-11-03 23:37:50,0
3,114.118698,22.606367000000002,2016-11-03 23:37:43,0
4,113.951698,22.541782,2016-11-03 23:37:56,0
0,113.89638500000001,22.563417,2016-11-03 23:37:56,1
2,114.004135,22.530033,2016-11-03 23:38:01,0
3,114.117531,22.605316000000002,2016-11-03 23:38:03,0
1,114.12738,22.604267,2016-11-03 23:38:05,0
4,113.951698,22.541782,2016-11-03 23:38:10,0
0,113.896133,22.563582999999998,2016-11-03 23:38:11,1
2,114.001221,22.530148999999998,2016-11-03 23:38:16,0
1,114.126801,22.604032999999998,2016-11-03 23:38:20,0
3,114.117531,22.605316000000002,2016-11-03 23:38:23,0
4,113.951698,22.541782,2016-11-03 23:38:26,0
0,113.896065,22.563633,2016-11-03 23:38:26,1
2,113.997902,22.529467,2016-11-03 23:38:31,0
4,113.951698,22.541782,2016-11-03 23:38:40,0
3,114.117531,22.605316000000002,2016-11-03 23:38:43,0
1,114.126053,22.60375,2016-11-03 23:38:35,0
0,113.895821,22.563833,2016-11-03 23:38:41,1
2,113.9953,22.528183,2016-11-03 23:38:45,0
1,114.125336,22.6035,2016-11-03 23:38:43,0
4,113.951698,22.541782,2016-11-03 23:38:55,0
0,113.895821,22.563833,2016-11-03 23:38:56,1
2,113.992401,22.52655,2016-11-03 23:39:01,0
3,114.117149,22.604917999999998,2016-11-03 23:39:03,0
1,114.12348200000001,22.603216,2016-11-03 23:39:07,0
4,113.951698,22.541782,2016-11-03 23:39:10,0
0,113.895821,22.563833,2016-11-03 23:39:11,1
1,114.123268,22.603268,2016-11-03 23:39:13,0
2,113.989632,22.525167,2016-11-03 23:39:16,0
3,114.117149,22.604917999999998,2016-11-03 23:39:24,0
2,113.988068,22.524418,2016-11-03 23:39:24,0
4,113.951698,22.541782,2016-11-03 23:39:25,0
0,113.895668,22.563967,2016-11-03 23:39:26,1
1,114.122704,22.603251,2016-11-03 23:39:28,0
2,113.98455,22.523466,2016-11-03 23:39:39,0
4,113.951698,22.541782,2016-11-03 23:39:41,0
0,113.8955,22.564117,2016-11-03 23:39:41,1
1,114.122482,22.603216,2016-11-03 23:39:43,0
3,114.117149,22.604917999999998,2016-11-03 23:39:44,0
2,113.98151399999999,22.523018,2016-11-03 23:39:54,0
4,113.951698,22.541782,2016-11-03 23:39:55,0
0,113.895401,22.564199,2016-11-03 23:39:56,1
1,114.121834,22.603268,2016-11-03 23:39:58,0
3,114.117149,22.604917999999998,2016-11-03 23:40:04,0
2,113.97802,22.522867,2016-11-03 23:40:09,0
3,114.117149,22.604917999999998,2016-11-03 23:40:11,1
4,113.951698,22.541782,2016-11-03 23:40:11,0
0,113.895348,22.564217000000003,2016-11-03 23:40:11,1
1,114.121017,22.603382,2016-11-03 23:40:11,0
2,113.97478500000001,22.522882,2016-11-03 23:40:24,0
0,113.89526399999998,22.564283,2016-11-03 23:40:26,1
4,113.951698,22.541782,2016-11-03 23:40:25,0
1,114.12043,22.60335,2016-11-03 23:40:28,0
3,114.115784,22.603233,2016-11-03 23:40:31,1
2,113.97103100000001,22.52285,2016-11-03 23:40:39,0
4,113.951698,22.541782,2016-11-03 23:40:41,0
0,113.895248,22.564301,2016-11-03 23:40:41,1
1,114.119698,22.603317,2016-11-03 23:40:43,0
3,114.11588300000001,22.602818,2016-11-03 23:40:51,1
2,113.96781899999999,22.52285,2016-11-03 23:40:54,0
4,113.951698,22.541782,2016-11-03 23:40:56,0
0,113.895164,22.564383,2016-11-03 23:40:56,1
1,114.119049,22.603416,2016-11-03 23:40:58,0
4,113.951698,22.541782,2016-11-03 23:41:01,1
2,113.96405,22.522818,2016-11-03 23:41:09,0
0,113.895103,22.564432,2016-11-03 23:41:11,1
3,114.117752,22.605034,2016-11-03 23:41:11,1
1,114.11831699999999,22.603451,2016-11-03 23:41:13,0
4,113.950432,22.54195,2016-11-03 23:41:16,1
2,113.961082,22.522818,2016-11-03 23:41:24,0
0,113.894997,22.564532999999997,2016-11-03 23:41:26,1
1,114.11792,22.603233,2016-11-03 23:41:28,0
3,114.12021599999999,22.606768,2016-11-03 23:41:31,1
4,113.94901999999999,22.541918,2016-11-03 23:41:31,1
2,113.95781699999999,22.523032999999998,2016-11-03 23:41:39,0
1,114.11776699999999,22.603184,2016-11-03 23:41:43,0
0,113.894997,22.564532999999997,2016-11-03 23:41:41,1
4,113.94899699999999,22.5425,2016-11-03 23:41:46,1
3,114.12278,22.608067000000002,2016-11-03 23:41:51,1
0,113.89486699999999,22.564632,2016-11-03 23:41:56,1
1,114.11726399999999,22.603018,2016-11-03 23:41:58,0
4,113.94899699999999,22.5425,2016-11-03 23:42:01,1
3,114.12545,22.609632,2016-11-03 23:42:11,1
1,114.11658500000001,22.602449,2016-11-03 23:42:13,0
4,113.949051,22.542816000000002,2016-11-03 23:42:16,1
0,113.89486699999999,22.564632,2016-11-03 23:42:11,1
0,113.894798,22.564734,2016-11-03 23:42:26,1
1,114.11601999999999,22.601748999999998,2016-11-03 23:42:28,0
3,114.126999,22.610634,2016-11-03 23:42:31,1
4,113.94823500000001,22.543318,2016-11-03 23:42:31,1
0,113.894783,22.564783,2016-11-03 23:42:41,1
4,113.94571699999999,22.5432,2016-11-03 23:42:46,1
0,113.894585,22.565033,2016-11-03 23:42:56,1
4,113.942947,22.543067999999998,2016-11-03 23:43:01,1
0,113.89447,22.565132000000002,2016-11-03 23:43:11,1
4,113.939903,22.542967,2016-11-03 23:43:16,1
2,113.938202,22.524782000000002,2016-11-03 23:43:19,0
0,113.89426399999999,22.56535,2016-11-03 23:43:26,1
2,113.936249,22.52475,2016-11-03 23:43:30,0
4,113.93692,22.542832999999998,2016-11-03 23:43:31,1
0,113.89426399999999,22.56535,2016-11-03 23:43:41,1
2,113.933998,22.524798999999998,2016-11-03 23:43:45,0
4,113.933968,22.5427,2016-11-03 23:43:46,1
2,113.93263200000001,22.524851,2016-11-03 23:43:53,0
0,113.894081,22.56555,2016-11-03 23:43:56,1
4,113.930916,22.5427,2016-11-03 23:44:01,1
2,113.92981699999999,22.524932999999997,2016-11-03 23:44:08,0
0,113.893997,22.565651000000003,2016-11-03 23:44:11,1
4,113.92778,22.542801,2016-11-03 23:44:16,1
2,113.92763500000001,22.525249,2016-11-03 23:44:23,0
0,113.8937,22.566017000000002,2016-11-03 23:44:26,1
2,113.926651,22.525551,2016-11-03 23:44:31,0
4,113.92462900000001,22.54295,2016-11-03 23:44:31,1
4,113.922096,22.543083,2016-11-03 23:44:46,1
2,113.92451499999999,22.525917,2016-11-03 23:44:46,0
0,113.892517,22.567316,2016-11-03 23:44:41,1
0,113.89108300000001,22.568884,2016-11-03 23:44:56,1
4,113.920181,22.543217000000002,2016-11-03 23:45:01,1
2,113.922501,22.526251000000002,2016-11-03 23:45:01,0
0,113.889648,22.570316000000002,2016-11-03 23:45:11,1
4,113.919853,22.543249,2016-11-03 23:45:16,1
2,113.92048600000001,22.526783,2016-11-03 23:45:16,0
2,113.91981499999999,22.526982999999998,2016-11-03 23:45:24,0
0,113.887817,22.572117000000002,2016-11-03 23:45:26,1
4,113.919853,22.543249,2016-11-03 23:45:31,1
0,113.88631399999998,22.5735,2016-11-03 23:45:41,1
2,113.919197,22.527134,2016-11-03 23:45:33,0
2,113.91902900000001,22.527166,2016-11-03 23:45:39,0
4,113.919853,22.543249,2016-11-03 23:45:46,1
2,113.91901399999999,22.527117,2016-11-03 23:45:47,0
0,113.88436899999999,22.575283,2016-11-03 23:45:56,1
4,113.919403,22.543249,2016-11-03 23:46:01,1
2,113.918503,22.527,2016-11-03 23:46:02,0
2,113.918297,22.526417000000002,2016-11-03 23:46:10,0
4,113.91808300000001,22.543301,2016-11-03 23:46:16,1
0,113.88261399999999,22.5769,2016-11-03 23:46:11,1
2,113.918098,22.525118,2016-11-03 23:46:24,0
0,113.88071399999998,22.578667000000003,2016-11-03 23:46:26,1
3,114.12915,22.612182999999998,2016-11-03 23:42:53,1
3,114.12735,22.612867,2016-11-03 23:43:13,1
3,114.125198,22.613882,2016-11-03 23:43:33,1
3,114.122681,22.615582999999997,2016-11-03 23:43:53,1
3,114.120552,22.618183,2016-11-03 23:44:13,1
3,114.11768300000001,22.620817000000002,2016-11-03 23:44:33,1
3,114.115715,22.621349,2016-11-03 23:44:53,1
3,114.115715,22.621349,2016-11-03 23:45:13,1
3,114.11525,22.621384,2016-11-03 23:45:33,1
3,114.112053,22.621616,2016-11-03 23:45:53,1
3,114.107735,22.622717,2016-11-03 23:46:16,1
3,114.10675,22.623501,2016-11-03 23:46:29,1
4,113.91613000000001,22.5434,2016-11-03 23:46:31,1
2,113.91803,22.525118,2016-11-03 23:46:40,0
0,113.87903600000001,22.580233,2016-11-03 23:46:41,1
3,114.10531599999999,22.6243,2016-11-03 23:46:50,1
2,113.918053,22.525133,2016-11-03 23:46:55,0
0,113.87738,22.581867000000003,2016-11-03 23:46:56,1
2,113.918053,22.525084,2016-11-03 23:47:03,0
4,113.914047,22.543917,2016-11-03 23:46:46,1
4,113.912132,22.544832,2016-11-03 23:47:01,1
3,114.101997,22.6266,2016-11-03 23:47:10,1
0,113.87581599999999,22.583584,2016-11-03 23:47:11,1
2,113.918152,22.52475,2016-11-03 23:47:18,0
2,113.918053,22.524782000000002,2016-11-03 23:47:26,0
0,113.87365,22.585933999999998,2016-11-03 23:47:26,1
3,114.099319,22.629316,2016-11-03 23:47:30,1
2,113.918098,22.524599,2016-11-03 23:47:41,0
0,113.87193300000001,22.587868,2016-11-03 23:47:41,1
4,113.910416,22.547001,2016-11-03 23:47:16,1
3,114.09751899999999,22.631268,2016-11-03 23:47:50,1
0,113.869965,22.590134,2016-11-03 23:47:56,1
2,113.91863300000001,22.525766,2016-11-03 23:47:56,0
4,113.90913400000001,22.54945,2016-11-03 23:47:31,1
4,113.907867,22.5518,2016-11-03 23:47:46,1
4,113.906502,22.554033,2016-11-03 23:48:01,1
3,114.09646599999999,22.63295,2016-11-03 23:48:10,1
0,113.868797,22.592182,2016-11-03 23:48:11,1
2,113.918747,22.526649,2016-11-03 23:48:11,0
4,113.90486899999999,22.5562,2016-11-03 23:48:16,1
0,113.86747,22.594601,2016-11-03 23:48:26,1
2,113.919403,22.526751,2016-11-03 23:48:26,0
3,114.09628300000001,22.633284,2016-11-03 23:48:30,1
4,113.90332,22.5581,2016-11-03 23:48:31,1
1,114.11581399999999,22.578768,2016-11-03 23:48:30,0
1,114.11576799999999,22.57885,2016-11-03 23:48:32,0
0,113.86613500000001,22.596733,2016-11-03 23:48:41,1
2,113.92006699999999,22.526882,2016-11-03 23:48:41,0
4,113.901802,22.55945,2016-11-03 23:48:46,1
3,114.09508500000001,22.635767,2016-11-03 23:48:50,1
1,114.115379,22.579634,2016-11-03 23:48:50,0
0,113.86448700000001,22.599251000000002,2016-11-03 23:48:56,1
2,113.921051,22.52685,2016-11-03 23:48:56,0
4,113.90033000000001,22.560617,2016-11-03 23:49:01,1
1,114.11536399999999,22.579617000000002,2016-11-03 23:49:02,0
3,114.09470400000001,22.63645,2016-11-03 23:49:10,1
2,113.92238600000002,22.526583,2016-11-03 23:49:11,0
0,113.863068,22.601467,2016-11-03 23:49:11,1
1,114.11525,22.579817000000002,2016-11-03 23:49:17,0
4,113.89938400000001,22.561398999999998,2016-11-03 23:49:16,1
0,113.861465,22.604,2016-11-03 23:49:26,1
2,113.924049,22.525949,2016-11-03 23:49:26,0
3,114.092766,22.639032,2016-11-03 23:49:30,1
4,113.89868200000001,22.561899,2016-11-03 23:49:31,1
1,114.114754,22.581318,2016-11-03 23:49:32,0
2,113.925766,22.525118,2016-11-03 23:49:41,0
1,114.11486799999999,22.582001,2016-11-03 23:49:47,0
4,113.89888,22.56245,2016-11-03 23:49:46,1
3,114.089653,22.640532999999998,2016-11-03 23:49:50,1
2,113.92728400000001,22.5247,2016-11-03 23:49:56,0
4,113.89888,22.56245,2016-11-03 23:50:01,1
1,114.115334,22.582067000000002,2016-11-03 23:50:02,0
0,113.85781899999999,22.607967000000002,2016-11-03 23:49:56,1
3,114.08766899999999,22.640051,2016-11-03 23:50:10,1
2,113.92851999999999,22.524384,2016-11-03 23:50:11,0
0,113.8563,22.609768,2016-11-03 23:50:11,1
4,113.89888,22.56245,2016-11-03 23:50:16,1
1,114.115967,22.582199,2016-11-03 23:50:17,0
2,113.93036699999999,22.524532,2016-11-03 23:50:26,0
0,113.855103,22.612083,2016-11-03 23:50:26,1
3,114.084686,22.639967000000002,2016-11-03 23:50:30,1
4,113.89875,22.563217,2016-11-03 23:50:31,1
1,114.11692,22.58305,2016-11-03 23:50:32,0
2,113.93121299999999,22.52475,2016-11-03 23:50:34,0
0,113.853981,22.614416000000002,2016-11-03 23:50:41,1
4,113.89827,22.563748999999998,2016-11-03 23:50:46,1
3,114.0821,22.641567000000002,2016-11-03 23:50:50,1
2,113.932732,22.524767,2016-11-03 23:50:49,0
0,113.852699,22.616934,2016-11-03 23:50:56,1
2,113.93366999999999,22.524401,2016-11-03 23:50:57,0
4,113.897903,22.564182000000002,2016-11-03 23:51:01,1
3,114.07928500000001,22.643368,2016-11-03 23:51:10,1
0,113.851234,22.619034,2016-11-03 23:51:11,1
2,113.93568400000001,22.5243,2016-11-03 23:51:12,0
4,113.897453,22.564966000000002,2016-11-03 23:51:16,1
2,113.93766799999999,22.524134,2016-11-03 23:51:27,0
3,114.07768200000001,22.644382,2016-11-03 23:51:30,1
4,113.89859799999999,22.56595,2016-11-03 23:51:31,1
1,114.115852,22.58485,2016-11-03 23:51:33,0
1,114.11576799999999,22.584948999999998,2016-11-03 23:51:34,0
1,114.11576799999999,22.584948999999998,2016-11-03 23:51:35,0
0,113.84913600000002,22.621433,2016-11-03 23:51:26,1
0,113.847351,22.623449,2016-11-03 23:51:41,1
2,113.939949,22.524,2016-11-03 23:51:42,0
4,113.8992,22.56645,2016-11-03 23:51:46,1
3,114.077499,22.644501,2016-11-03 23:51:50,1
1,114.115402,22.585684,2016-11-03 23:51:53,0
0,113.84558100000001,22.625917,2016-11-03 23:51:56,1
2,113.940903,22.523382,2016-11-03 23:51:57,0
4,113.8992,22.56645,2016-11-03 23:52:01,1
1,114.115082,22.586033,2016-11-03 23:52:05,0
3,114.077499,22.644501,2016-11-03 23:52:10,1
0,113.844536,22.628017,2016-11-03 23:52:11,1
2,113.94081899999999,22.521867999999998,2016-11-03 23:52:12,0
4,113.89856699999999,22.5674,2016-11-03 23:52:16,1
1,114.11466999999999,22.585882,2016-11-03 23:52:20,0
0,113.84306299999999,22.6306,2016-11-03 23:52:26,1
2,113.940849,22.521851,2016-11-03 23:52:27,0
3,114.077499,22.644501,2016-11-03 23:52:30,1
4,113.897415,22.568649,2016-11-03 23:52:31,1
1,114.11453200000001,22.585882,2016-11-03 23:52:35,0
0,113.84133100000001,22.632633,2016-11-03 23:52:41,1
2,113.940849,22.5219,2016-11-03 23:52:42,0
4,113.89671299999999,22.569366,2016-11-03 23:52:46,1
1,114.11451699999999,22.585898999999998,2016-11-03 23:52:50,0
3,114.077499,22.644501,2016-11-03 23:52:50,1
0,113.839386,22.634783,2016-11-03 23:52:56,1
2,113.940781,22.521798999999998,2016-11-03 23:52:57,1
4,113.89671299999999,22.569366,2016-11-03 23:53:01,1
1,114.11453200000001,22.585917000000002,2016-11-03 23:53:05,0
3,114.075768,22.645384,2016-11-03 23:53:10,1
0,113.837631,22.6367,2016-11-03 23:53:10,1
2,113.94075,22.521632999999998,2016-11-03 23:53:12,1
4,113.89671299999999,22.569366,2016-11-03 23:53:16,1
1,114.114502,22.585917000000002,2016-11-03 23:53:20,0
0,113.83556399999999,22.638884,2016-11-03 23:53:26,1
2,113.94072,22.521632999999998,2016-11-03 23:53:27,1
3,114.072479,22.645032999999998,2016-11-03 23:53:30,1
4,113.89671299999999,22.569366,2016-11-03 23:53:31,1
1,114.11453200000001,22.585933999999998,2016-11-03 23:53:35,0
0,113.833649,22.640717000000002,2016-11-03 23:53:40,1
2,113.940903,22.521584,2016-11-03 23:53:42,1
4,113.89671299999999,22.569366,2016-11-03 23:53:46,1
1,114.114502,22.585933999999998,2016-11-03 23:53:50,0
3,114.069351,22.644567000000002,2016-11-03 23:53:50,1
0,113.831635,22.642866,2016-11-03 23:53:56,1
2,113.941032,22.521482000000002,2016-11-03 23:53:56,1
1,114.11448700000001,22.585898999999998,2016-11-03 23:54:05,0
4,113.8965,22.569532000000002,2016-11-03 23:54:01,1
2,113.941216,22.522734,2016-11-03 23:54:12,1
0,113.830215,22.644882,2016-11-03 23:54:11,1
3,114.068748,22.644567000000002,2016-11-03 23:54:10,1
1,114.114502,22.585882,2016-11-03 23:54:20,0
4,113.89544699999999,22.56885,2016-11-03 23:54:16,1
0,113.828667,22.647133,2016-11-03 23:54:26,1
0,113.828667,22.647133,2016-11-03 23:54:27,1
0,113.828667,22.647133,2016-11-03 23:54:28,1
0,113.828667,22.647133,2016-11-03 23:54:29,1
2,113.941551,22.523951,2016-11-03 23:54:27,1
0,113.827431,22.6488,2016-11-03 23:54:41,1
0,113.827431,22.6488,2016-11-03 23:54:42,1
0,113.827431,22.6488,2016-11-03 23:54:43,1
0,113.827431,22.6488,2016-11-03 23:54:44,1
3,114.068748,22.644567000000002,2016-11-03 23:54:30,1
2,113.943817,22.523968,2016-11-03 23:54:42,1
4,113.89351699999999,22.567733999999998,2016-11-03 23:54:31,1
4,113.891769,22.566482999999998,2016-11-03 23:54:46,1
3,114.06811499999999,22.644533,2016-11-03 23:54:50,1
0,113.82592,22.650368,2016-11-03 23:54:56,1
0,113.82592,22.650368,2016-11-03 23:54:57,1
0,113.82592,22.650368,2016-11-03 23:54:58,1
0,113.82592,22.650368,2016-11-03 23:54:59,1
2,113.946068,22.523849,2016-11-03 23:54:57,1
4,113.89113600000002,22.565233,2016-11-03 23:55:01,1
2,113.94736499999999,22.52335,2016-11-03 23:55:06,1
3,114.06553600000001,22.644466,2016-11-03 23:55:10,1
0,113.82438700000002,22.651951,2016-11-03 23:55:11,1
0,113.82438700000002,22.651951,2016-11-03 23:55:12,1
0,113.82438700000002,22.651951,2016-11-03 23:55:13,1
0,113.82438700000002,22.651951,2016-11-03 23:55:14,1
4,113.88973200000001,22.564083,2016-11-03 23:55:16,1
0,113.822731,22.653883,2016-11-03 23:55:26,1
0,113.822731,22.653883,2016-11-03 23:55:27,1
0,113.822731,22.653883,2016-11-03 23:55:28,1
0,113.822731,22.653883,2016-11-03 23:55:29,1
2,113.948349,22.522249,2016-11-03 23:55:21,1
2,113.94901999999999,22.52285,2016-11-03 23:55:29,1
3,114.0625,22.644432000000002,2016-11-03 23:55:30,1
4,113.889633,22.563999,2016-11-03 23:55:31,1
0,113.82203700000001,22.655932999999997,2016-11-03 23:55:41,1
0,113.82203700000001,22.655932999999997,2016-11-03 23:55:42,1
0,113.82203700000001,22.655932999999997,2016-11-03 23:55:43,1
0,113.82203700000001,22.655932999999997,2016-11-03 23:55:44,1
2,113.94931799999999,22.524732999999998,2016-11-03 23:55:44,1
4,113.889633,22.563999,2016-11-03 23:55:46,1
3,114.06115,22.645332,2016-11-03 23:55:50,1
0,113.822281,22.658716000000002,2016-11-03 23:55:56,1
0,113.822281,22.658716000000002,2016-11-03 23:55:57,1
0,113.822281,22.658716000000002,2016-11-03 23:55:58,1
0,113.822281,22.658716000000002,2016-11-03 23:55:59,1
2,113.949471,22.52705,2016-11-03 23:55:59,1
4,113.889633,22.563999,2016-11-03 23:56:01,1
3,114.061264,22.648083,2016-11-03 23:56:10,1
0,113.822769,22.661066,2016-11-03 23:56:11,1
0,113.822769,22.661066,2016-11-03 23:56:12,1
0,113.822769,22.661066,2016-11-03 23:56:13,1
0,113.822769,22.661066,2016-11-03 23:56:14,1
2,113.949852,22.529567999999998,2016-11-03 23:56:14,1
4,113.889633,22.563999,2016-11-03 23:56:16,1
2,113.949997,22.531549,2016-11-03 23:56:29,1
3,114.06136299999999,22.650351,2016-11-03 23:56:31,1
4,113.889633,22.563999,2016-11-03 23:56:31,1
2,113.95016499999998,22.533832999999998,2016-11-03 23:56:44,1
3,114.061981,22.652468,2016-11-03 23:56:51,1
4,113.889633,22.563999,2016-11-03 23:56:46,1
0,113.823669,22.666067,2016-11-03 23:56:41,1
0,113.823669,22.666067,2016-11-03 23:56:42,1
0,113.823669,22.666067,2016-11-03 23:56:43,1
0,113.823669,22.666067,2016-11-03 23:56:44,1
0,113.82373,22.66865,2016-11-03 23:56:56,1
0,113.82373,22.66865,2016-11-03 23:56:57,1
0,113.82373,22.66865,2016-11-03 23:56:58,1
0,113.82373,22.66865,2016-11-03 23:56:59,1
2,113.95063,22.535482000000002,2016-11-03 23:56:59,1
4,113.889633,22.563999,2016-11-03 23:57:01,1
2,113.95156899999999,22.535583,2016-11-03 23:57:07,1
3,114.06205,22.652599,2016-11-03 23:57:11,1
0,113.8237,22.670868,2016-11-03 23:57:10,1
0,113.8237,22.670868,2016-11-03 23:57:11,1
0,113.8237,22.670868,2016-11-03 23:57:12,1
0,113.8237,22.670868,2016-11-03 23:57:13,1
1,114.11453200000001,22.585951,2016-11-03 23:57:13,0
1,114.11453200000001,22.585951,2016-11-03 23:57:14,0
4,113.8881,22.562732999999998,2016-11-03 23:57:16,1
2,113.953903,22.53525,2016-11-03 23:57:22,1
0,113.8237,22.673401000000002,2016-11-03 23:57:26,1
0,113.8237,22.673401000000002,2016-11-03 23:57:27,1
0,113.8237,22.673401000000002,2016-11-03 23:57:28,1
0,113.8237,22.673401000000002,2016-11-03 23:57:29,1
1,114.11451699999999,22.585951,2016-11-03 23:57:28,0
3,114.06205,22.652599,2016-11-03 23:57:31,1
4,113.88668100000001,22.561934,2016-11-03 23:57:31,1
2,113.95565,22.535067,2016-11-03 23:57:37,1
0,113.823669,22.675568,2016-11-03 23:57:41,1
0,113.823669,22.675568,2016-11-03 23:57:42,1
0,113.823669,22.675568,2016-11-03 23:57:43,1
0,113.823669,22.675568,2016-11-03 23:57:44,1
1,114.11453200000001,22.585898999999998,2016-11-03 23:57:43,0
4,113.885033,22.563382999999998,2016-11-03 23:57:46,1
3,114.06205,22.652599,2016-11-03 23:57:51,1
2,113.95781699999999,22.534848999999998,2016-11-03 23:57:52,1
1,114.11453200000001,22.585951,2016-11-03 23:57:58,0
4,113.88411699999999,22.564383,2016-11-03 23:58:01,1
2,113.959129,22.534666,2016-11-03 23:58:07,1
0,113.823669,22.678117999999998,2016-11-03 23:57:56,1
0,113.823669,22.678117999999998,2016-11-03 23:57:57,1
0,113.823669,22.678117999999998,2016-11-03 23:57:58,1
0,113.823669,22.678117999999998,2016-11-03 23:57:59,1
3,114.062149,22.652834,2016-11-03 23:58:11,1
0,113.823669,22.680384,2016-11-03 23:58:11,1
0,113.823669,22.680384,2016-11-03 23:58:12,1
0,113.823669,22.680384,2016-11-03 23:58:13,1
0,113.823669,22.680384,2016-11-03 23:58:14,1
1,114.11453200000001,22.585933999999998,2016-11-03 23:58:13,0
4,113.883949,22.564632,2016-11-03 23:58:16,1
1,114.11451699999999,22.585966,2016-11-03 23:58:21,0
2,113.959084,22.5347,2016-11-03 23:58:22,1
0,113.823936,22.682917,2016-11-03 23:58:26,1
0,113.823936,22.682917,2016-11-03 23:58:27,1
0,113.823936,22.682917,2016-11-03 23:58:28,1
0,113.823936,22.682917,2016-11-03 23:58:29,1
3,114.06051599999999,22.653482,2016-11-03 23:58:31,1
4,113.882668,22.565683,2016-11-03 23:58:31,1
1,114.11451699999999,22.586,2016-11-03 23:58:36,0
2,113.958946,22.5347,2016-11-03 23:58:37,1
0,113.824921,22.685101,2016-11-03 23:58:41,1
0,113.824921,22.685101,2016-11-03 23:58:42,1
0,113.824921,22.685101,2016-11-03 23:58:43,1
0,113.824921,22.685101,2016-11-03 23:58:44,1
4,113.88078300000001,22.567417000000003,2016-11-03 23:58:46,1
3,114.05821999999999,22.654034,2016-11-03 23:58:51,1
1,114.11453200000001,22.585966,2016-11-03 23:58:51,0
2,113.95884699999999,22.534666,2016-11-03 23:58:52,1
0,113.826149,22.687532,2016-11-03 23:58:56,1
0,113.826149,22.687532,2016-11-03 23:58:57,1
0,113.826149,22.687532,2016-11-03 23:58:58,1
0,113.826149,22.687532,2016-11-03 23:58:59,1
4,113.878952,22.569067,2016-11-03 23:59:01,1
1,114.11453200000001,22.585882,2016-11-03 23:59:06,0
2,113.9589,22.534634,2016-11-03 23:59:07,1
3,114.05758700000001,22.654118,2016-11-03 23:59:11,1
0,113.82718700000001,22.68955,2016-11-03 23:59:11,1
0,113.82718700000001,22.68955,2016-11-03 23:59:12,1
0,113.82718700000001,22.68955,2016-11-03 23:59:13,1
0,113.82718700000001,22.68955,2016-11-03 23:59:14,1
4,113.877113,22.570482000000002,2016-11-03 23:59:16,1
1,114.114548,22.585882,2016-11-03 23:59:21,0
2,113.959267,22.535366,2016-11-03 23:59:22,1
3,114.05623600000001,22.653967,2016-11-03 23:59:31,1
0,113.828079,22.691999,2016-11-03 23:59:26,1
0,113.828079,22.691999,2016-11-03 23:59:27,1
0,113.828079,22.691999,2016-11-03 23:59:28,1
0,113.828079,22.691999,2016-11-03 23:59:29,1
4,113.87586999999999,22.571699,2016-11-03 23:59:31,1
1,114.114548,22.585867,2016-11-03 23:59:36,0
2,113.959198,22.537149,2016-11-03 23:59:37,1
4,113.875786,22.571768,2016-11-03 23:59:46,1
3,114.058167,22.6539,2016-11-03 23:59:51,1
1,114.11453200000001,22.58585,2016-11-03 23:59:51,0
2,113.959251,22.538584,2016-11-03 23:59:52,1
0,113.82813300000001,22.694567000000003,2016-11-03 23:59:41,1
0,113.82813300000001,22.694567000000003,2016-11-03 23:59:42,1
0,113.82813300000001,22.694567000000003,2016-11-03 23:59:43,1
0,113.82813300000001,22.694567000000003,2016-11-03 23:59:44,1
